609.58105
2407.2207
358.38477
246.58887
183.37793
239.94238
195.81104
161.70215
92.09766
155.91895
140.40674
137.59839
77.32471
122.677
82.15381
84.954346
62.639893
97.48877
78.85986
48.625
90.01709
78.23218
120.15491
37.27893
76.39612
57.737427
65.727295
55.147827
38.306885
61.990417
49.80432
36.558655
72.89441
62.032227
32.24829
57.44336
38.67816
23.988037
24.14209
-3.6063232
33.29828
40.330444
61.273956
40.81009
22.37439
43.77542
35.6026
39.410583
9.24115
25.322998
33.88922
36.293457
-1.5515747
15.361877
22.119934
35.969543
19.633118
27.841919
31.472595
42.456085
34.228638
64.08673
-7.148102
66.102264
35.945435
25.396454
29.21637
20.972778
0.6847534
30.646027
64.401794
35.736115
11.466888
30.148193
38.631165
54.356506
59.812286
21.63623
19.902283
15.105804
28.764374
56.76364
41.045685
25.400574
37.31079
23.642761
51.305267
-12.534424
26.844482
8.793091
52.04431
11.947388
9.504761
34.672424
11.528015
36.493164
13.685791
8.632751
44.177856
9.052307
55.9776
27.78247
40.653625
50.788208
71.98181
23.515137
35.23999
64.71228
26.083923
29.50647
37.151794
30.483093
4.43927
38.82794
15.778198
20.470703
17.722961
4.347229
18.60791
19.659363
22.47992
32.019714
28.552185
16.336792
89.99371
38.27014
-7.360779
17.988953
25.371094
27.576477
29.325012
16.678589
49.64612
97.96582
28.814087
6.967224
11.930298
6.9696655
10.194031
28.443909
52.98523
56.444824
18.941345
4.5733643
18.774231
20.564209
20.551025
2.3265991
41.899902
50.794495
1.8470459
43.37506
-7.697937
1.1035156
3.1013184
32.278137
14.841248
13.399963
4.928772
21.936096
26.962585
13.84436
29.823486
23.131287
19.433655
8.702332
8.813904
4.802063
6.989929
41.406433
38.57135
36.38806
3.8588867
-10.452087
25.417053
21.159119
41.893127
24.01648
15.4938965
23.682922
25.10498
11.955139
11.21405
48.907227
0.05633545
16.304626
3.7922974
21.520752
26.780579
-7.0598145
18.50354
30.01416
46.14673
31.53955
39.339233
38.635803
34.003662
44.1109
14.908142
1.5704956
7.5961914
54.23358
43.016113
46.78308
-16.122437
31.250427
24.660095
27.937927
37.31714
16.931885
44.97516
28.45404
25.06726
27.149597
29.744507
28.503845
-3.5142822
73.59778
19.994751
13.293945
60.301758
28.965942
49.66327
39.95642
1.0618896
17.53595
39.93628
42.051514
18.996338
31.243286
22.560486
23.187622
8.566101
27.204163
22.075745
18.341553
15.280457
2.6696167
27.138184
25.21283
56.087463
6.9139404
35.62097
13.015381
-36.58484
41.641357
12.950928
19.440063
5.8251343
23.251953
2.515808
-11.064392
7.2908325
5.301819
5.039612
-10.796936
40.922485
35.073364
14.895142
21.486328
-4.2509155
27.658875
15.749023
51.282898
15.723022
9.165161
20.56189
27.562866
34.48053
17.589905
0.9763794
60.303345
8.697876
45.796326
23.320251
26.58136
16.356934
10.670593
25.905884
23.974854
11.976379
14.816223
21.57483
48.968323
1.2377319
42.453674
21.927917
39.070618
9.679871
18.610413
20.857727
22.947754
44.658813
23.37793
-2.5181274
35.60974
6.414856
4.2108765
39.58252
14.197632
36.014893
32.209717
11.022949
27.770813
8.182373
22.89978
45.818115
15.796448
24.483398
6.385193
44.420044
20.7984
6.8095703
8.643799
54.26062
8.406982
29.061035
4.1746826
21.102173
32.19348
22.098206
14.641663
44.95764
18.254456
-16.304688
12.213318
29.573975
35.614014
21.653992
23.289856
2.7315674
14.412659
10.843933
30.597351
21.748169
22.033752
21.709412
26.634521
15.940308
10.288818
3.5634766
7.102295
19.91632
15.441528
11.451172
14.164673
41.65979
12.246643
27.289001
8.09314
29.738037
32.264954
8.151184
18.828735
25.747253
13.710571
26.334534
8.24762
-1.5028076
9.482056
39.17798
35.452515
28.59607
-1.9071045
13.912659
5.44458
27.566711
36.687378
5.366455
13.69397
5.5911255
25.824646
41.78711
15.600769
11.852905
16.27826
17.56018
21.063599
33.237366
8.873535
11.47522
18.635437
37.575134
16.75
29.728333
7.954956
15.361511
26.877686
32.322327
19.838623
35.088135
14.009644
17.9292
33.446045
-2.0411987
16.196716
13.565491
9.000977
4.6297607
13.891174
26.686157
31.476318
10.8654175
15.645691
16.305542
5.9922485
4.6810913
20.649658
20.378967
22.702026
15.756714
2.9910889
5.7247314
30.018433
-11.410156
-6.4660645
21.719238
26.298645
10.026489
19.65039
39.533386
-1.0846558
-1.9136963
27.686768
54.67682
25.89801
62.89502
17.939575
19.580505
24.425781
13.129822
28.533447
20.290344
16.90857
-2.5054321
26.692139
9.69873
16.81604
9.174927
18.457336
27.54889
19.012756
20.765625
-8.268433
32.612488
26.411194
-0.21038818
16.86438
20.18219
21.806519
10.6536255
25.01062
-5.80719
6.181885
21.27832
11.030762
17.275879
-5.095703
59.350586
11.764587
19.979797
-5.987915
2.649475
2.9119263
17.812744
23.491516
6.9747314
47.76648
15.28656
9.298096
0.885437
5.3286743
27.133484
16.409119
2.5316772
-3.4551392
1.9453735
4.846863
-15.05957
3.131958
-9.108154
17.974915
22.876953
6.496277
6.7008057
7.807495
4.21344
36.535156
13.469299
-3.5020142
11.772034
12.149475
-19.450867
1.6497192
23.297058
1.2444458
10.283936
20.110962
0.41992188
22.529541
14.860413
-8.968445
14.1675415
-2.0927124
16.06482
29.396606
14.362244
6.3219604
13.210632
32.780884
-0.42462158
12.282043
23.21576
-7.079895
7.7510986
31.174805
23.189575
11.667053
27.36493
20.513
9.762268
16.57611
-6.632202
-3.3989258
14.984253
32.47107
6.382202
23.583435
6.3877563
17.360718
18.695679
16.73114
14.490784
16.882568
3.3759766
-0.79278564
31.052063
10.442383
12.917847
10.864929
6.772522
12.907715
2.5786743
11.947876
3.769287
0.94470215
18.262207
7.9279785
9.819153
-4.6119385
28.770935
0.7906494
17.350159
-7.166626
19.52002
20.451782
20.09082
20.887085
4.7575684
17.466736
15.509949
13.038391
4.081604
18.30835
7.090637
-10.235718
-23.582458
-18.426025
11.469421
3.7858887
11.792358
4.536804
9.702515
3.8798218
6.073181
9.323914
17.320496
-25.61853
10.8078
13.228149
28.95935
14.002991
11.971069
20.326416
10.800964
3.9841309
-7.4173584
23.699951
7.0983887
12.898132
9.385864
9.197815
5.9855347
-9.845276
12.479309
-0.12225342
5.6689453
-3.718811
32.144653
12.3186035
21.058228
5.5844727
-7.255493
-0.49627686
4.213684
8.649841
18.572876
15.965149
10.000305
21.568787
-4.7929077
3.708435
-11.93512
11.245361
8.71991
11.1345215
10.368408
7.4091797
5.079895
24.799133
-32.468018
-2.4364624
-6.9104004
13.712952
21.632019
10.226318
-5.170044
32.505432
-13.143616
-3.9603882
-10.469543
-21.090271
13.444031
-17.815186
15.449646
24.625
0.64367676
-11.828186
14.442993
13.069031
20.952026
-14.781738
-25.776794
6.8442993
-18.219116
-14.576477
18.729675
6.3638916
1.1831665
1.8880005
2.4501953
13.744873
-16.836792
4.1967773
-9.099243
-1.6535645
10.884338
-1.5897217
5.0125732
-3.5603027
1.1935425
5.270752
-1.7700195
4.1124268
-9.501709
-2.4256592
-0.19763184
-5.814575
8.597229
-0.803833
-7.9918213
11.350342
10.737122
29.017029
-0.18548584
9.031067
8.997131
-1.2245483
-10.424316
-3.9091187
14.445984
9.910522
-4.395447
17.390137
6.67572
2.6575928
22.91681
-11.085388
-0.62390137
6.7790527
-10.713867
-2.5723877
10.260742
-16.797485
-0.0107421875
2.821167
3.0043945
11.846191
-1.9107666
9.761597
4.434265
-10.972656
7.852539
-21.766724
-12.513977
0.08935547
8.757751
10.901611
-15.833374
15.85498
15.57843
-0.6702881
10.899109
-15.583435
-2.0324097
0.7340088
17.237732
-11.005493
-20.720825
-8.317444
-12.867432
-35.247314
-0.31030273
1.0831299
-2.1533203
21.822083
3.0645142
5.3533936
8.84845
-0.24902344
1.4708862
-5.151245
6.739563
-11.046387
-0.64593506
-16.814453
-6.1000366
-12.03125
-2.8969116
9.015137
2.421692
-3.652649
-5.2644653
-12.242859
-2.3425903
12.040649
-15.735535
0.29187012
0.3295288
-5.729004
14.742615
2.5442505
0.3480835
-19.06488
-15.592224
14.05481
-14.750366
6.8033447
-5.402832
-19.769958
-10.317505
-32.86438
-8.38678
-6.392578
11.047913
-31.808044
-36.626953
-9.802185
3.2858887
-9.876221
1.9066772
7.1955566
18.998169
-7.1401367
21.476746
13.223145
21.383728
-7.5047607
-12.871033
-6.6014404
-14.7612915
-19.297241
7.671875
-13.028259
3.5812378
-7.267578
-4.763794
-4.97229
-33.800232
6.685913
-19.79065
-3.7781372
-2.5194702
-15.981018
-12.99939
15.434448
-25.253784
-14.70813
4.0876465
12.24231
-12.809631
-0.1296997
-31.520569
-9.069763
-10.764099
-0.2041626
8.169922
1.8660278
-19.677673
15.061829
-25.198853
-31.714783
-16.409363
0.6710205
-37.24475
-0.855896
-25.160767
-9.569336
-16.733093
7.2905273
-15.357971
-9.991821
-13.862793
-29.80072
-6.8203735
-28.114563
1.685669
-7.602722
-13.876831
-34.38391
-31.335327
-7.548828
-14.632935
-12.757141
-31.25
6.8460693
-31.664612
-31.222107
1.8759766
-18.429321
-4.930298
-24.16632
-18.199646
-3.9976807
-19.057373
-13.417297
-31.969727
-13.011475
-26.068848
-19.13031
-3.7111206
-5.8068237
-27.262207
-0.8092041
-38.25476
-15.327637
18.517212
-29.06604
-4.7249756
-7.3721313
-42.671143
-35.964905
-3.4938965
-52.94226
-33.12506
6.79657
-19.078186
5.621582
-36.58142
-19.579346
-3.6257935
-3.598755
-13.087158
-15.221619
9.008484
-24.190063
-28.95575
-23.835999
-15.543396
-48.05835
-36.83307
-27.780396
-16.221802
-4.4331055
-31.032898
-18.34143
-2.7733765
-45.67804
-27.156067
-11.316589
-56.42743
-34.41107
-12.70636
-16.303833
-9.466675
-2.5944214
-16.518005
-16.748596
-7.7542114
-21.165405
-35.849976
9.951782
-10.091492
-38.28717
-11.108032
-28.597534
-0.9239502
13.036682
2.1542358
-39.212708
-5.8408813
-64.52405
-4.7404175
10.638916
19.595947
-17.855469
4.1671753
-7.303894
20.644653
-27.246094
-28.826477
-20.208862
-30.33313
-15.523682
-9.919312
-7.619446
1.6186523
28.563599
-22.338684
-36.396606
16.414185
-10.529175
-9.330505
-3.6923828
-16.235107
0.036254883
-80.68695
-38.58954
-41.01233
-31.751099
-0.22375488
-31.781494
-31.960266
-44.531677
-35.04883
-41.360657
-7.6065063
-54.661316
-42.368774
-44.47455
-8.951416
-1.6715698
-45.113586
-21.543274
-5.2787476
-24.949524
-42.128418
-21.091736
-36.95514
-24.790283
-39.486206
-19.8031
-5.156311
-32.36914
-39.74945
-35.40515
-52.974365
-9.959595
-14.639099
-29.44696
-60.6568
5.84729
-18.087158
-41.05609
-49.776733
-10.986328
-48.522705
-54.9328
-33.29706
-15.534241
11.634888
-24.677795
-17.365906
-55.83667
-41.765686
7.3795166
-22.345642
-39.95581
-24.261414
-44.441467
-26.414062
-11.364014
-21.002747
-21.452026
-20.035828
-39.507996
-30.389526
-17.624207
38.2536
-28.434387
-18.86853
-4.048462
-45.291626
-17.944824
-60.53351
-12.909424
-34.38336
-52.67578
-42.047302
-3.4105225
-61.878113
-11.445557
-10.353638
-6.29718
-32.063965
-29.646118
-9.836853
-48.84906
-9.496094
-48.825317
-36.558716
-15.497925
-19.235535
-18.58667
-27.522522
-44.054016
-55.591125
-42.077698
-8.079163
-10.504089
-43.431396
-62.561523
-76.79553
-50.5766
-9.6154785
-29.704285
-31.556274
-1.8668213
-41.16455
-3.8596191
-21.999329
13.920654
-47.54126
-33.66034
-37.806335
-32.24585
8.551819
-12.708496
-37.52484
-17.472351
-1.552002
0.29431152
-11.282532
5.413208
-10.071533
-31.99115
-43.385498
-14.564636
-5.482788
-65.85962
-27.606567
-27.479614
-29.25409
-32.138123
-27.054382
-38.44458
-1.9614258
-42.127747
-30.214355
-7.9263916
-23.929626
-10.742432
-42.967224
-22.66748
-21.272583
-35.84662
-32.582092
-50.326843
-13.160767
-18.752747
-85.169556
-32.733643
-28.51831
-55.938416
-37.785522
-37.086975
-38.63318
-27.14032
-17.296082
-49.08722
-28.622986
-16.072327
-55.184937
-38.126038
-86.51843
-10.848816
-21.082092
-45.72937
-68.06378
-49.94336
-12.132202
-57.405273
-87.34143
-6.0787354
-18.153625
-45.05896
-37.3739
-64.81622
-49.01306
-48.29474
-68.852905
-54.57483
-14.13208
-76.5954
-58.36609
-19.223083
-74.24548
-41.49469
-52.759766
-49.49518
-44.698975
-55.42108
-22.901123
-83.81976
-37.051453
-45.182434
-37.46277
-22.021606
-56.410217
-57.21991
-63.653564
-45.808716
-69.901245
-12.171753
-37.824036
-22.789978
4.4733276
-79.013306
-45.174316
-36.87628
-65.12399
-13.167847
-58.204956
-16.37024
-38.67566
-37.890686
-54.13867
-52.928772
-52.352844
-72.733154
-109.7897
-49.64978
-55.21747
-46.9386
-24.874634
-47.51825
-51.354736
-29.10254
5.3754272
-39.44586
-53.27661
-45.00122
-57.32788
4.529419
-25.047363
-60.74176
-38.628235
-20.380127
-67.6712
-32.561584
-73.091095
-14.409302
-9.362183
-25.621826
-26.10608
-86.673096
-48.842285
-58.484314
-53.273376
-75.40094
-34.252808
-32.71704
-49.357544
-16.337585
-31.064575
-62.070618
-108.105774
-86.04254
-76.03851
-44.088257
-73.35596
-33.406128
-53.263245
-7.687622
-16.990906
-19.363525
-10.966736
-101.59888
-70.57062
-31.28601
-38.2536
-41.808594
-10.863892
-85.29031
-76.31232
-44.33441
-61.79419
-50.505005
-27.042358
-49.34076
-38.98047
-43.807312
-36.779785
7.388855
-22.659851
-71.31787
-30.996582
-25.58374
-89.894226
-37.889404
-60.85669
-39.993225
-21.407104
45.865845
-30.865295
-68.50574
-31.58966
-39.92102
-50.431458
-11.469788
-48.64569
-28.07666
-70.27814
-39.30426
-63.17993
-94.56885
25.329224
-20.233887
-61.811646
-20.302612
-41.998962
-40.757812
39.18689
16.461243
-47.01306
-22.640503
-30.695312
-54.38263
-52.502686
-21.127197
-63.02112
-51.857788
-49.79431
-69.377075
-54.051147
-73.86365
-26.654175
-86.238525
-48.434753
-77.88733
-60.452576
-82.10779
-71.78345
-66.81207
-17.993103
-65.23505
-39.01245
-48.835266
-45.607544
-18.28595
-74.830536
-84.42682
-63.4151
-68.37445
-63.62201
-83.62839
-79.04962
-48.885376
-11.254761
-39.70703
-89.20569
-29.475769
-6.8549805
-59.128967
-29.533752
-55.064636
-60.67273
-14.256775
-73.4516
-67.01898
-30.636108
-44.507874
-30.13556
-87.430786
-12.511414
-54.89032
-55.95514
-52.421753
-69.39087
-97.19568
-88.566956
-41.388367
-77.62494
-56.336914
-21.565002
-36.907776
2.2998047
-80.86255
-56.363342
-3.0305176
-87.16809
-60.687744
-104.59567
-63.53766
-17.3443
-25.920532
-46.54657
-1.2720337
-17.937988
3.1835938
-27.379272
-28.22168
-28.92566
-37.66638
-63.72876
-66.83148
-93.764465
-36.520386
-54.403748
-45.367737
-21.060913
-53.50995
-73.64377
-139.8328
-76.77945
12.40509
-79.94214
-60.50238
-44.985596
-66.70984
-33.515564
-28.00769
-23.243774
-77.70709
-10.120422
-8.99646
-61.42206
-45.47235
-35.166992
-32.233215
-54.138184
-46.445312
-91.193115
-105.11246
-50.97046
-86.96301
-47.727295
-75.21246
-43.44214
-49.21985
-43.852173
-41.97046
-67.51373
-61.596252
-46.276733
-66.7594
-71.177246
-70.023865
-45.977905
-30.279114
-25.516907
-42.266296
-36.425537
-84.52237
-79.26642
-57.15747
-78.93866
-38.580505
-76.06207
-43.64447
-35.716858
-115.86719
-67.569214
-57.904236
6.015686
-96.95999
-67.589966
-27.35785
-49.457886
-100.69623
-72.06262
-37.908875
-32.185364
-22.145386
-108.12262
-74.12549
-45.62982
-72.203674
-75.76053
-107.31299
-60.68283
-88.72467
-104.38049
-17.33783
-27.900269
-38.386597
-30.62201
-55.229675
-6.0217285
-8.160278
-43.518677
-71.51984
-63.35321
-41.41046
-50.443848
-82.808136
-31.531616
-73.79834
-56.296997
-108.35376
-77.368225
-75.785095
-32.54425
7.0272827
-54.845825
-53.946533
-67.99115
-46.46881
-24.459595
-27.60669
-72.041565
-30.546448
-53.235718
-59.082764
-52.74469
-52.72339
-52.725372
-110.373474
-50.03888
-67.196594
-81.58362
-72.42328
-54.779602
-58.507385
-43.544586
-125.86481
-10.816284
-75.204834
-65.33972
-82.637726
-66.471924
-107.32019
-73.20642
-31.966187
-94.753784
-87.91147
-67.1723
-45.3808
-68.624084
-54.615845
-27.251404
-63.298523
-21.56134
-64.65622
-99.44928
-72.213684
-132.43756
-37.735474
-91.758606
-40.431763
-50.620422
-52.35385
-65.819214
-57.35785
-88.94995
-60.41272
-85.06357
-108.71539
-7.881531
-76.15784
-34.309998
-35.802612
-20.323273
-90.87018
-81.191284
-75.53729
-66.524414
-89.49811
-34.418335
-54.4729
-64.831635
-64.46527
-42.31366
-33.71747
-57.613953
-43.631042
-66.220184
5.031006
-29.453308
-81.04999
-25.842041
-58.05139
-76.42084
-94.6886
-29.434082
-24.537903
-73.443115
-73.174286
-14.258057
-42.573975
-9.752686
-30.29187
-43.78186
-92.10712
-15.65741
-50.82141
-73.13138
-77.73645
-73.32672
-44.52893
-34.223083
-58.837708
-27.905762
-68.12604
-48.99536
-70.42804
-73.32446
-24.953552
-48.83014
-57.963623
-63.53357
-54.812714
-34.21698
-24.293396
-40.67279
-52.254517
-68.56702
-28.243958
-46.83777
-64.65759
-62.95221
-68.48883
-64.170166
-50.6286
-15.620728
-53.55182
-102.53046
-70.83136
-79.9252
-76.798035
-46.633606
-29.80243
-57.663513
-83.06299
-69.13641
-23.419495
-57.61731
-62.13629
-80.28699
-32.207703
-58.38263
-87.60797
-94.434265
-45.296875
-55.1828
-78.03943
-59.257202
-73.118774
-64.56238
-81.331055
-93.64331
-70.88843
-81.13742
-96.5271
-112.74014
-133.7514
-100.394684
-24.101074
-69.427185
-92.95187
-65.6214
-56.621674
-62.961304
-82.68555
-87.149536
-123.79318
-86.19226
-62.139282
-53.135498
-74.778625
-123.65677
-61.55774
-75.772644
-82.73187
-93.78177
-69.70184
-99.63333
-109.56821
-87.67401
-59.328796
-47.151672
-67.39368
-60.874634
-58.045135
-9.803345
-53.987366
-84.97952
-42.69519
-68.53076
-55.677307
-72.59119
-153.46896
-99.68106
-55.793457
-41.309326
-23.152771
-37.514465
-48.96805
-102.12781
-76.47089
-97.35489
-98.05597
-65.29175
-35.671204
-47.63275
-42.441956
-81.939575
-57.230713
-90.14111
-8.147095
-28.183289
-100.892944
-53.977722
-92.886475
-85.125885
-36.223816
-96.19513
-58.541016
-91.09619
-60.46704
-63.522522
-44.667755
-50.95813
-61.87433
-50.611633
-42.34857
-30.750793
-94.68536
-80.637024
-74.329346
-64.886475
-94.61151
-122.862915
-94.42944
-72.2901
-128.2804
-73.11426
-88.504486
-92.0838
-32.336304
-49.50305
-63.728638
-106.456116
-31.89215
-104.13159
-78.012085
-35.681763
-77.40637
-78.86981
-44.261414
-81.83014
-79.54846
-71.702515
-70.15643
-104.876526
-83.47754
-86.37341
-55.12738
-106.81766
-51.1922
15.599609
-29.758667
-84.89743
-99.15027
-44.749146
-45.92224
-115.25696
-93.65579
-63.74066
-76.35596
-56.18103
-26.869324
-94.431274
-65.30176
-102.18225
-71.07123
-84.5318
-68.195496
-92.13266
-118.535126
-70.300964
-106.40112
-110.48163
-81.02542
-101.20212
-129.97217
-41.22284
-86.67517
-58.721252
-22.645935
-102.491516
-87.398346
-95.21539
-94.913086
-44.78546
-97.85919
-33.995483
-80.453735
-75.14484
-62.51599
-83.87558
-71.77228
-81.49844
-95.04178
-27.927124
-106.129
-43.901184
-97.60245
-110.30597
-62.861877
-65.40167
-113.94415
-84.102875
-26.098206
-72.15054
-75.35968
-95.100464
-78.836395
-110.01169
-92.29193
-42.92151
-65.52997
-58.583923
-67.37628
-78.2677
-55.14337
-124.197784
-98.80151
-73.8392
-105.28989
-13.616211
-38.478333
-40.966187
-60.37964
-82.27283
-52.708313
-61.753113
-129.33258
-77.205475
-76.798096
-84.991455
-26.400513
-98.09515
-37.04547
-74.471436
-62.799133
-79.62564
-75.26367
-86.6535
-77.106476
-87.358765
-73.53308
-65.48151
-128.25659
-78.731415
-59.863525
-101.41229
-120.99475
-120.2345
-67.12726
-55.330048
7.8101196
-63.27466
-50.80713
-88.17087
-72.811646
-75.33203
-69.6814
-60.564514
-68.38391
-80.95215
-90.88818
-31.717224
-111.00552
-79.14847
-80.861694
-64.95923
-78.74591
-91.03174
-78.610535
-77.812805
-77.76953
-84.04645
-90.18536
-43.535828
-39.87903
-85.09985
-85.821045
-64.878784
-121.58496
-118.77728
-117.653595
-80.058105
-72.16223
-59.822388
-126.010284
-70.95007
-82.60947
-98.02905
-87.40869
-122.22998
-81.16589
-79.52533
-101.50366
-32.335693
-125.51227
-79.647766
-93.5564
-143.71796
-70.68414
-65.841675
-95.1958
-96.986084
-73.3172
-95.24011
-59.71399
-49.5307
-84.164215
-89.078125
-76.816895
-99.8822
-85.06369
-54.656677
-79.1756
-65.68567
-74.842285
-83.962585
-33.065674
-68.371155
-86.730255
-97.27704
-74.36023
-63.1239
-58.15457
-82.166626
-59.465576
-45.498413
-71.81769
-78.68646
-69.805115
-70.29968
-95.92767
-77.6817
-83.059204
-60.019836
-72.55133
-112.26126
-63.71051
-51.056885
-50.05304
-88.264465
-71.71069
-52.120667
-26.445435
-79.38635
-63.348633
-100.907684
-89.41107
-55.815247
-68.68756
-66.26721
-72.58099
-26.232178
-74.556946
-57.861694
-94.99133
-71.18231
-112.2247
-60.165466
-42.49231
-68.220215
-59.273376
-107.95514
-72.68402
-74.33316
-72.16528
-93.08826
-96.94995
-64.987366
-62.02069
-72.13599
-14.099182
-76.52771
-44.582397
-63.19861
-87.00903
-58.10431
3.8087769
-42.66565
-96.27734
-100.019775
-112.08481
-49.06192
-80.131836
-33.465576
-101.86066
-94.53519
-65.47528
-45.785522
-98.29114
-77.62549
-33.676025
-67.612305
-70.91022
-106.19525
-64.50293
-63.814453
-103.423645
-111.86206
-19.890442
-108.79797
-94.9556
-55.777283
-109.21045
-59.183105
-109.520874
-130.81244
-36.026672
-56.072754
-109.41589
-102.07501
-70.63605
-99.90753
-80.62512
-78.24283
-54.677307
-73.85925
-132.17752
-60.963684
-65.78064
-55.35437
-39.664368
-58.80432
-66.974
-80.78851
-46.335693
-111.9516
-57.55316
-105.95642
-103.75195
-82.33502
-76.2168
-69.26959
-73.53735
-135.5802
-88.9212
-47.682373
-84.17468
-65.98511
-92.705414
-47.968872
-54.21112
-57.261047
-90.60211
-85.69104
-58.664673
-91.61093
-69.87659
-87.43671
-68.3111
-124.30249
-107.08423
-83.77399
-80.31
-123.08502
-34.959473
-88.09183
-70.41669
-85.12622
-101.315186
-68.04385
-36.899475
-97.82477
-86.68475
-84.961975
-89.04004
-97.071106
-50.415466
-119.767334
-92.29578
-35.75891
-99.9039
-105.486786
-91.934906
-45.42804
-105.46344
-96.69809
-24.928589
-96.584595
-96.06265
-62.09143
-101.684265
-110.29434
-84.71399
-74.86578
-69.50568
-71.05444
-76.82654
-59.615295
-31.191284
-20.540466
-90.90106
-87.059784
-103.18991
-46.073456
-61.356567
-112.497314
-46.174103
-59.620544
-82.352356
-75.579895
-72.65326
-77.64023
-53.054504
-54.106995
-52.179382
-105.23831
-120.94928
-113.315765
-78.24921
-108.395294
-38.74402
-106.4104
-71.908936
-81.398926
-94.20181
-56.929016
-82.2926
-86.313965
-120.68213
-43.862976
-75.11719
-106.559875
-83.19763
-68.65393
-110.394775
-79.572174
-56.886536
-70.38922
-43.441406
-80.52521
-58.345642
-105.85629
-32.078003
-63.949585
-18.014832
-31.101257
-111.96091
-85.300964
-106.51767
-34.315674
-52.184387
-86.082886
-69.06641
-70.89465
-73.50952
-66.90564
-68.19977
-80.91437
-106.18918
-68.181
-119.805786
-76.30945
-82.84772
-124.53656
-88.83453
-45.88379
-79.25061
-72.24985
-62.180786
-45.446716
-53.558228
-45.539246
-71.19205
-61.019043
-78.605835
-51.68274
-33.349487
-36.90341
-66.88843
-83.40613
-47.168823
-50.688904
-70.51605
-67.2941
-76.443115
-99.90024
-119.61517
-137.68213
-98.17404
-109.155304
-101.02643
-69.595825
-24.099976
-94.19861
-94.24054
-29.282959
-97.997925
-62.42389
-73.079956
-121.97339
-78.38077
-40.47119
-112.41409
-19.066467
-88.40576
-84.94464
-47.308838
-22.213562
-110.778015
-44.123474
-59.192993
-61.169098
-45.154724
-72.0025
-89.48346
-105.48462
-92.154785
-82.83063
-62.480865
-36.963135
-64.5061
-97.65619
-65.57959
-92.447815
-50.645813
-62.55414
-78.38818
-126.2742
-55.99295
-69.16528
-112.039246
-64.84241
-65.61755
-103.39996
-65.68921
-86.90546
-76.64569
-68.625
-53.005432
-72.04266
-30.98523
-79.85437
-81.402954
-62.877686
-85.52832
-91.10358
-73.545135
-93.51898
-78.96164
-86.78769
-28.272766
-71.80499
-96.02289
-83.40393
-54.72174
-69.17926
-78.337494
-30.051758
-33.354675
-67.55591
-34.7464
-45.21466
-92.74707
-45.08716
-125.217896
-112.72839
-59.71393
-47.4563
-87.48004
-89.36536
-69.20337
-78.901
-91.84906
-89.94861
-52.803772
-42.2016
-41.82489
-74.27533
-52.691895
-62.93994
-65.08783
-144.98029
-100.24625
-122.929504
-42.559814
-71.17828
-80.32837
-98.825806
-79.368835
-79.65411
-101.828
-68.84534
-101.450806
-100.16028
-77.18353
-87.79443
-62.071716
-54.956787
-107.27908
-130.16208
-112.990234
-81.51816
-85.544495
-123.55261
-74.51831
-85.510254
-88.22516
-87.08746
-76.70404
-87.06717
-51.129944
-76.33856
-83.90564
-117.88794
-108.53241
-82.20654
-80.138245
-59.79126
-102.22922
-119.62204
-78.73682
-66.0589
-66.995544
-66.42694
-96.834656
-61.419983
-63.458435
-109.36044
-125.681244
-93.132996
-106.43121
-117.218475
-89.67761
-91.40662
-70.555725
-81.12555
-38.991943
-79.1225
-82.91864
-65.49658
-56.947815
-67.22998
-66.000854
-74.3819
-105.981384
-33.555054
-64.89337
-88.76587
-137.98444
-48.06659
-85.42023
-90.91553
-114.91852
-81.03314
-87.4035
-131.3099
-74.686035
-78.906555
-109.85336
-75.21936
-91.97424
-54.174988
-96.37387
-88.09271
-99.6676
-90.403656
-97.67346
-99.14191
-106.841034
-98.3631
-75.74524
-88.7182
-75.74161
-91.835724
-91.89569
-88.9986
-76.58362
-111.7215
-98.38544
-54.23999
-95.8331
-69.046936
-94.06592
-54.074432
-121.7341
-94.048035
-94.40698
-81.00391
-80.08313
-102.70566
-65.214905
-56.43698
-100.9798
-112.548706
-51.271667
-63.47168
-88.99835
-113.04245
-117.176056
-90.19464
-88.30725
-83.09546
-87.54138
-82.84021
-57.5318
-79.06427
-82.237915
-72.72211
-110.03027
-75.0141
-80.43909
-78.24609
-79.85248
-61.74579
-123.92212
-107.234375
-48.15265
-70.55078
-79.87927
-84.473145
-71.798035
-81.2439
-87.0676
-72.914856
-105.407104
-100.426025
-46.36145
-80.667175
-112.06973
-58.609436
-80.37891
-74.29083
-71.36871
-65.79645
-107.105225
-104.39609
-62.695618
-98.23242
-80.99475
-127.5213
-73.69336
-103.867096
-120.10635
-91.52887
-110.52121
-68.087524
-51.55475
-69.29315
-87.17035
-41.472534
-97.84265
-108.09436
-91.864075
-92.425995
-117.45578
-101.37097
-93.83609
-77.65259
-85.196045
-86.83057
-70.86505
-85.58368
-46.76355
-111.396545
-73.578735
-74.85776
-74.98279
-95.04407
-85.89813
-76.23895
-62.470398
-76.43927
-66.173584
-110.641815
-74.073975
-80.90503
-90.79089
-74.72449
-122.24567
-110.466125
-84.3237
-63.82794
-92.7883
-62.719788
-109.80466
-93.36859
-71.15668
-91.726746
-77.04382
-43.166748
-93.60687
-64.562744
-69.54474
-135.34528
-96.54257
-141.39139
-107.979614
-106.54193
-97.20648
-103.87958
-55.3938
-86.79462
-54.693573
-87.878876
18.25238
-112.381256
-103.43152
-96.24371
-90.65549
-43.65912
-62.87799
-77.25821
-95.4483
-51.13275
-55.024963
-50.58087
-57.99475
-56.6933
-71.17114
-38.69684
-69.51227
-69.35303
-86.01642
-103.09219
-68.96747
-77.31726
-78.33203
-55.819946
-44.647644
-61.75757
-84.861755
-30.18927
-80.53015
-83.44763
-77.53162
-68.33026
-80.43695
-79.22583
-123.402954
-126.94864
-70.17853
-90.679016
-94.66174
-107.617615
-95.66687
-108.486786
-52.609924
-78.15668
-89.93396
-26.057678
-48.19165
-66.89038
-31.29419
-51.355713
-92.18652
-63.709717
-69.856384
-100.07895
-66.6434
-37.725647
-100.00473
-95.83966
-118.158264
-120.25519
-135.24615
-109.28284
-106.09967
-66.72742
-128.1831
-56.386047
-59.13733
-95.26984
-100.62164
-43.63269
-88.52313
-95.28284
-101.022766
-58.441284
-100.43042
-89.170074
-84.18359
-58.15985
-69.08655
-98.927795
-122.614716
-50.953125
-60.662292
-82.452484
-92.36322
-114.24097
-90.5051
-70.895935
-120.414246
-94.96103
-85.55438
-76.25351
-114.27728
-56.84674
-103.63049
-53.931274
-90.44153
-74.8858
-108.447266
-93.01831
-51.268494
-65.83954
-64.595215
-61.19165
-62.184265
-52.102234
-116.953735
-38.763367
-98.32245
-87.909
-68.326416
-109.042145
-102.56482
-95.99997
-109.49921
-132.94467
-103.187775
-97.85364
-69.36389
-115.55295
-101.36487
-71.44385
-72.61096
-81.087036
-78.61304
-77.20599
-65.40668
-100.49225
-112.46854
-88.09277
-127.4256
-46.6734
-98.82028
-68.40961
-74.833435
-94.223694
-72.908264
-83.63501
-104.28076
-74.63086
-66.09076
-63.146606
-97.50183
-121.04263
-83.48108
-79.59949
-110.14618
-130.37125
-77.27753
-30.296753
-51.990356
-54.524536
-132.91519
-100.46152
-97.34772
-76.23999
-98.51712
-66.00665
-76.2926
-59.64331
-59.21704
-83.54126
-71.95282
-55.61621
-78.333984
-100.04834
-102.73169
-108.769165
-58.937073
-91.88928
-43.490112
-93.74957
-106.40271
-75.443665
-46.182312
-68.464966
-93.07117
-77.22717
-61.624878
-100.27161
-94.526855
-131.31757
-94.763794
-81.19708
-95.93164
-60.274475
-92.589355
-67.22296
-64.08014
-104.55084
-79.40741
-77.99994
-76.303406
-117.75214
-50.995667
-72.68225
-117.01401
-62.317932
-104.737976
-111.4581
-64.66516
-54.94275
-98.23108
-96.62506
-63.87372
-65.20355
-68.30835
-101.484375
-96.674255
-84.462036
-124.773865
-96.48981
-91.37564
-108.28638
-66.57205
-67.86621
-90.5531
-133.19272
-108.04028
-127.40436
-67.15027
-115.0365
-45.218933
-67.186584
-58.735535
-96.105286
-95.37506
-125.54993
-146.81769
-103.832825
-91.21222
-117.95892
-65.08685
-90.12433
-74.52246
-95.913025
-51.391907
-39.85083
-121.459656
-84.50519
-97.82764
-95.73932
-98.69324
-113.83478
-69.8327
-70.7569
-81.77942
-80.85913
-71.88739
-64.8786
-128.02429
-121.04431
-67.83569
-56.339233
-101.36908
-96.7005
-91.3208
-49.716187
-110.79553
-89.19824
-95.80554
-91.19183
-82.112854
-100.84607
-62.789368
-86.77368
-73.40222
-76.93964
-79.53711
-92.86871
-64.96808
-95.33197
-80.64041
-69.17926
-100.84564
