14527.121
12568.92
8139.771
6262.171
5521.967
5051.11
4664.5547
4334.3394
4024.8179
3755.5364
3525.8638
3318.5786
3124.1892
2954.3193
2805.792
2674.1045
2552.916
2442.35
2343.816
2247.401
2161.323
2077.4429
1998.2458
1925.9756
1853.2891
1787.5803
1725.9946
1666.3134
1608.9296
1554.968
1506.011
1456.126
1410.2909
1366.63
1323.8931
1280.7018
1239.2307
1200.783
1161.2366
1124.1265
1088.9432
1053.9773
1020.2924
988.3745
956.9966
927.41504
900.1245
872.90686
846.7785
821.60443
798.79724
775.4124
753.3006
732.3859
711.9453
692.1005
673.3716
654.94495
636.63403
619.3862
601.7578
584.9732
568.4525
551.933
536.02875
520.1631
504.95914
489.0589
474.47498
459.74646
444.9623
430.83936
417.15173
402.82324
389.6543
376.53415
362.48007
349.52954
336.86053
324.97827
312.6285
299.84702
288.47867
276.82437
265.5197
253.75446
241.94705
231.3044
219.57535
209.12871
198.90544
188.57806
178.88142
168.84494
159.08911
150.55756
140.60193
132.50606
123.96892
115.06035
107.59548
99.97388
92.92406
85.27628
78.20211
72.12637
66.24156
59.324722
54.892723
49.09243
43.833
38.68216
34.57731
29.98285
25.960098
22.457588
18.757065
15.540314
12.41114
9.883896
6.5621643
4.893753
2.697441
0.826004
-1.2899323
-2.1023483
-3.6150513
-5.613083
-6.971817
-6.6669464
-8.544991
-9.621429
-9.638969
-10.729012
-10.791214
-10.348579
-11.651993
-11.669823
-11.243332
-11.745071
-11.881256
-10.62838
-11.690178
-11.264099
-10.456238
-10.561714
-9.796722
-9.8760605
-9.261131
-8.863754
-8.345543
-8.878433
-7.9192123
-7.36145
-7.311569
-7.4208527
-6.3987274
-5.783043
-6.2587357
-5.324669
-5.0307693
-4.4051056
-3.6866837
-3.5849
-3.2093277
-3.6186829
-2.3711624
-1.9122162
-1.9391708
-1.8856659
-1.4689713
-1.2940521
-0.9408188
-0.8900223
-0.38227844
-1.0982208
-0.79317474
0.11382294
-0.084220886
-0.20913696
-0.5810623
1.0024796
0.6289215
0.7017441
0.7981796
0.06452942
-0.18312073
0.38682556
0.39125824
0.24588013
0.3286972
0.34783173
0.25981903
0.83203125
0.69740295
-0.30802155
0.90211487
0.17749023
0.68598175
-0.69886017
0.0052490234
0.1585083
0.55314636
0.21378326
-0.30475616
0.15534973
0.2532196
-0.25525665
-0.49564362
-0.013069153
-0.1587677
0.36064148
-0.41902924
0.32032013
0.06732178
-0.0042877197
-0.29789734
-0.54717255
-0.45854187
-0.595314
0.9042816
-0.6841583
-0.6711426
-0.67139435
-0.55477905
-0.7872772
-0.4546585
-0.39122772
-0.3251953
-0.94866943
-0.28824615
-0.64097595
-0.34597778
-0.16433716
-0.6759491
-0.58374023
-0.35494995
-0.5314255
0.021194458
-0.3513031
-1.2392273
-0.22946167
-0.22460938
-0.13157654
-0.28329468
-0.42794037
0.057891846
-0.917923
0.16776276
-0.0013580322
-0.5138016
-0.5085373
0.037124634
0.5124588
0.289505
-0.66856384
-0.28457642
0.13798523
-0.8176727
-0.22094727
0.27468872
0.56072235
-1.2511978
-0.6387558
0.21261597
-0.864151
-0.6065445
-0.7160797
-0.7504883
-0.16520691
-0.6308899
0.18619537
-0.159729
-0.24617004
-0.34410095
-0.9840927
0.5533676
-0.88207245
0.050048828
-0.5002594
-0.54893494
-0.98931885
-0.68213654
-0.26158142
-0.557518
-0.07801819
-0.82598877
0.13031769
-0.15045929
-0.5020218
-0.6530304
0.033432007
-0.6567917
-0.005722046
-0.052322388
-0.8139801
-0.03855133
-0.22964478
-0.7287979
0.29582214
-0.54441833
0.24791718
-0.54589844
-0.06492615
-0.0908432
-0.37454987
-0.46066284
-0.5808258
-0.2687149
-0.47003174
-0.10253143
-0.49095154
0.11160278
-0.020370483
-0.42184448
0.19955444
-0.4840622
0.21172333
-0.6917572
-0.36504364
0.09359741
-0.72351074
0.17675018
-0.13487244
-0.4921875
-0.62807465
-0.36673737
-0.49583435
-0.15668488
-0.49717712
-0.43200684
-0.7911453
-1.0033722
-0.4986267
-0.0035629272
0.2292862
-0.68374634
-0.53710175
-0.5806503
-0.45349884
0.9688263
-0.18580627
-0.8709259
-0.554245
-0.52976227
0.033065796
0.40475464
-0.37490082
-0.5038681
-0.5103378
-0.2464447
0.036880493
-0.721756
-0.16251373
-0.7922287
-0.6792984
-0.10344696
-0.4824524
-0.6586838
-0.022193909
-0.22806549
-0.11507416
-0.4380951
-0.8753433
-0.1582489
0.07929993
0.0025634766
-0.6830139
0.30145264
-0.43807983
-1.0809402
0.097221375
-0.91360474
0.3393097
-0.10598755
-0.8887329
-0.32621765
-0.10559082
-0.5698242
0.19690704
0.6183624
-0.5561981
-0.3564682
-0.82315063
0.3522339
-0.18725586
-0.039146423
-0.6072769
0.23753357
-0.5845032
-0.97530365
0.04534912
-0.16825867
0.31828308
-0.33515167
0.16802216
-0.6065521
-1.1132965
-0.6058502
0.28134918
-0.6181946
-0.70116425
-0.771019
-0.53115845
-0.27104187
-0.24771881
0.0205307
-0.6218872
-0.55981445
0.17268372
-0.7656479
0.03302765
-0.7100601
-0.0035934448
0.22348785
-0.0236969
-0.10494995
-0.035629272
-0.2764206
-0.6018448
-0.7699127
0.09059906
-0.98096466
-0.49621582
-1.0444489
-0.64214325
0.7433624
-0.07891083
-0.5146942
0.15406036
0.02947998
-0.09640503
-0.2950287
-0.15127563
-0.6492462
-0.61429596
0.029273987
-1.0948181
-0.32453156
-0.4218521
0.08899689
-0.3027954
0.548645
0.8170395
0.1421814
-0.47247314
-0.2973175
-0.094062805
0.09072113
-0.051467896
-0.30793
-0.79681396
0.40561676
0.1169281
-0.0004348755
-0.073539734
-0.6701355
0.39514923
-0.9504242
-1.033081
-0.6417389
-0.45311737
-0.7238617
-0.7630539
0.09676361
0.1304245
-0.6657028
-0.9015198
0.14764404
-0.3162613
0.06412506
0.19934082
-0.25227356
-0.39146423
0.2681427
-0.21193695
-0.5370331
0.13393402
-0.5226898
-0.19239807
0.53951263
0.80270386
-0.054122925
-0.43047333
-1.025383
-0.47442627
-0.8688965
-0.45978546
-0.2255249
-0.16955566
0.24650574
-0.020187378
-0.29421997
0.12290192
-0.38945007
-0.5669708
-0.44765472
-0.26696777
-0.3722458
-0.55387115
-0.044509888
0.46564484
-0.24893188
0.23145294
-0.41157532
0.08381653
0.16925049
-0.1999054
0.46244812
-0.43540192
-0.04763794
-0.26504517
-0.67289734
-0.2939453
-1.077591
-0.2318039
-0.008972168
-0.16519165
0.12708282
-0.26224518
-0.10491943
0.13868713
-0.22923279
0.85214996
0.13665771
-0.17744446
0.20017242
-0.3672409
-0.6988449
-0.49674988
-0.71082306
-0.3034973
-0.8837509
-0.74113464
0.32331848
-0.14392853
0.15836334
-0.32405853
-0.057922363
0.087257385
-0.2459259
-1.0906601
-0.88360596
0.08795929
0.28225708
-0.099235535
-0.83444214
-0.09551239
-0.4800949
-0.13012695
0.5611038
0.16801453
-0.32849884
-0.25019073
0.059509277
-0.12104797
-0.24224854
0.53816223
-0.20765686
-0.2657013
-0.18730164
-0.035720825
-0.6954346
-0.5915146
-0.33314514
0.52645874
-0.5224457
-0.043777466
0.030914307
-0.31256104
-0.059516907
0.027374268
-0.46328735
-0.676445
-0.13442993
0.057006836
-0.70596313
0.52305603
-0.09064484
-0.1267395
-0.25780487
-0.50061035
-0.21177673
0.15267944
-1.3527069
-0.017662048
0.2959137
0.12902069
-0.9393692
0.13105011
0.9848938
-0.7706375
0.0644989
-0.49507904
-0.55145264
-0.46015167
-0.3012619
-0.6585388
-0.44496155
-0.900856
-0.14601135
0.08673096
0.33540344
-1.3114853
-0.051704407
-0.20458221
-0.35137177
0.35595703
-0.43975067
-1.1497498
-0.15789795
0.26223755
-0.2592163
-0.037704468
-0.6070099
0.06251526
0.20135498
-0.41088104
0.48941803
-0.08627319
-0.18697357
0.06009674
0.27096558
-0.6612549
0.28399658
-0.32756042
-0.13694763
-0.38396454
-0.80711365
-0.0976181
1.0932693
-0.5508957
-0.072898865
-0.14447784
-0.16468811
-0.36637115
-0.40171814
-0.062316895
-1.1666794
-0.12882233
-0.4465332
-0.39636993
-0.6125946
0.36740112
-0.4108429
0.23200226
0.1308136
-0.04458618
-0.32910156
-0.5802231
-0.025032043
-0.63848877
-0.04220581
0.10987091
0.46662903
-0.18708038
-0.33783722
0.3628769
-0.17736816
0.13251495
-0.67284393
-0.17563629
-0.8028641
-0.27238464
-0.1919632
-0.48539734
-0.3921814
-0.6101074
-0.6605377
-0.29432678
0.010612488
-0.33303833
-0.18254852
-0.28653717
-0.21263885
0.5150833
-0.44107056
0.08237457
0.4702835
-0.5770645
-0.0318985
-0.1013031
0.76272583
-0.29434967
0.17425537
0.22850037
-0.064193726
-0.96985626
-0.37112427
-0.13182831
-0.7239456
-0.13461304
0.6059494
-0.16725922
0.14350128
0.026069641
0.11697388
0.854599
-0.24695587
-0.63687134
-0.42485046
0.065330505
-0.19943237
-0.33434296
-0.3534317
-0.45723724
0.11899567
-0.5167084
-0.7951431
-0.29439545
-0.41292572
-0.011268616
0.53912354
0.09063721
2.1923676
-0.7892685
0.59267426
-0.021003723
-0.33789825
-0.006439209
-0.3706131
-0.8448105
0.03929901
-0.21505737
-0.4877243
-0.16299438
-0.6861954
-0.72384644
-0.7258148
0.06895447
-0.95518494
-0.42134094
-1.0123596
-0.55763245
0.59225464
-0.44893646
0.045959473
-0.22265625
-0.14406586
-0.37117004
-0.30764008
-0.07409668
0.46029663
0.5561218
-0.28531647
0.31652832
0.3368454
0.2694168
-0.3019104
-0.18230438
-0.36006927
0.09099579
-0.116508484
-0.30823517
0.5650482
0.09976196
0.022987366
-0.2751999
-0.6770172
-0.45905304
0.30220032
-0.074272156
0.63243866
-0.64842224
-0.22473907
0.36127472
-0.893631
-0.6464844
-0.49417114
-0.49980164
-0.5959015
0.1259613
-0.50050354
-0.49040985
0.41039276
-0.42369843
0.07194519
-0.7873993
1.0055618
0.2583084
-0.29075623
0.23577118
0.15666962
-0.052261353
0.43560028
-0.45827484
0.03479004
0.60180664
0.3077011
-0.04475403
-0.23059845
0.27600098
-0.5023804
0.053527832
-0.642395
0.16583252
0.9671402
-0.32915497
-0.12835693
-0.090148926
-0.30303955
-1.1696014
-0.5438156
-0.46751404
0.76436615
-0.17700958
-0.5835724
-1.2343292
0.34321594
-0.031227112
-0.3842392
-0.0056991577
-0.14822388
-0.7678604
-0.09719849
-0.20713806
0.53759766
0.30091095
-1.0445938
-0.28504944
0.6797104
-0.14430237
-0.24485016
0.43327332
0.102745056
0.9474335
1.0981064
0.06447601
-0.15659332
-0.059516907
-0.1593399
0.19496155
0.64068604
0.0602417
0.13947296
-0.22037506
-0.88420105
-0.013542175
-0.1872406
0.25569153
-0.0956192
0.74650574
0.32216644
0.03652954
0.50281525
-0.10714722
-0.3994522
-0.37586212
-0.47107697
-0.23363495
-0.7872772
-0.2483139
-1.0407333
-0.51994324
-0.494812
-0.47959137
0.0989151
-1.0717163
-0.7664261
-0.38430786
0.23770142
-0.24143982
-0.9176407
0.5012436
-0.31869507
-0.6975479
0.077316284
0.89733124
0.37393188
0.31775665
0.11353302
-0.31048584
0.17269135
0.27082825
0.14173126
0.12890625
0.53328705
-0.38874817
-0.13560486
0.13542175
-0.4445114
-0.7206116
-0.30339813
0.048545837
-0.32096863
-0.47213745
-0.22605896
-0.03213501
-0.14398956
0.011978149
0.80552673
-0.6333084
-0.20935822
0.14755249
-0.5844879
-0.47172546
-0.086494446
0.17220306
-0.47725677
-1.1987762
-0.15914917
-0.021202087
-0.1042099
0.31674957
-0.554451
0.4271469
0.5528488
-0.6362381
0.2575302
-0.14665985
-0.7063141
0.22061157
0.27246857
-0.561203
0.59194183
0.3049469
0.06699371
-0.20050049
0.6056595
0.1740036
-0.27532196
-0.34842682
-0.024894714
0.029571533
-0.14507294
-0.23244476
-0.71375275
-1.0262756
-0.7545166
-0.18083191
0.06983185
-0.88391876
0.8016968
-0.09805298
-0.5833664
-0.39818573
0.8138504
0.21714783
0.5355835
0.2584839
0.4981537
-0.3819275
-0.027175903
-0.10447693
0.5306778
0.42730713
-0.0065231323
-0.3675537
-0.12664795
0.49131775
0.021194458
0.1536789
-0.10681915
0.63744354
0.28823853
-0.10987854
1.0532837
-0.8526459
0.2272644
0.09602356
0.20066833
-0.7566147
-0.59161377
-0.686409
-0.16317749
-0.015602112
-0.7220764
0.29777527
-1.1746063
-0.29086304
-0.44618225
-0.12996674
0.17126465
-0.567482
0.2724228
-0.10107422
0.104286194
-0.3519745
0.3028183
-0.6508713
0.27757263
0.41062164
-0.21170044
0.7568283
-0.34149933
-0.19580078
0.5199356
-0.26893616
0.1164093
0.08444214
0.015022278
0.401886
-0.8439331
-0.46961975
-0.32382965
-0.23137665
0.46870422
-0.005622864
0.6397171
-0.4901657
0.037086487
0.4736328
-0.11501312
0.21360779
0.17906952
0.7303009
-0.18501282
0.09585571
0.32590485
-0.5279846
0.31269073
-0.052268982
0.518219
-0.5720978
-0.39472198
-0.0118637085
0.4242401
0.0065307617
-0.9268875
-1.1110764
0.03314972
-1.2172165
-0.010559082
0.03908539
0.3533249
-0.4234619
0.6664276
-0.48171234
-0.4728546
-0.03779602
0.27759552
0.7153549
-0.18281555
0.5016327
0.35778046
0.37773132
0.93907166
0.08568573
-0.50019836
0.15267944
-0.09365845
-0.094436646
1.2756882
-0.3748932
-0.9667511
-0.66503906
-0.5432358
-0.3645935
0.5672684
0.48358917
-0.8598175
-0.06544495
0.3432083
0.4089508
0.16739655
0.2446518
-0.38065338
-0.14209747
0.10675049
-0.67085266
-0.10897827
0.15200043
-0.6604004
-0.6530304
0.551857
0.88884735
0.11815643
0.32598877
-0.16649628
-0.88355255
0.28250122
-0.64258575
0.176857
0.10948181
0.25375366
0.14086914
0.064819336
0.24063873
-0.11865997
0.9445801
0.011207581
1.3548889
0.65299225
1.5293045
0.96009064
0.9058914
-0.3698349
0.35799408
-0.21837616
1.156044
-0.45137787
-0.07985687
-0.60222626
-0.13528442
0.13136292
-1.3622513
-0.4657898
-0.48194122
-0.89624023
-0.54868317
-1.3860016
0.24602509
-0.022453308
-0.30607605
-0.053749084
-0.08615875
0.46618652
-0.96627045
-0.30041504
0.42486572
-0.59023285
-0.49409485
0.13596344
-1.164177
0.37672424
-0.49571228
-0.038734436
0.20475006
0.054389954
1.5054779
1.1395264
0.28670502
1.0941238
0.37158203
0.06613159
-0.50940704
-0.47405243
-1.1594696
-0.83810425
-0.35710144
-0.27757263
-0.9736099
0.27778625
0.95767975
-0.60531616
0.61587524
0.5190277
0.7772293
-0.72377014
-0.22901917
0.40359497
0.23035431
-0.96733856
0.76776123
0.25535583
0.88298035
0.5707245
0.11669159
-0.05281067
0.26989746
0.319664
-0.2652893
-0.1322174
0.4535904
-0.9917526
0.8744583
-0.25537872
-0.026252747
-0.103897095
-0.68634796
-0.52610016
-0.4567566
0.10926819
1.0605621
-0.50083923
1.5722656
0.25056458
1.3879166
-0.745842
0.82941437
-1.518074
0.40120697
-0.118011475
-0.9005966
-0.66606903
-0.22169495
0.13129425
0.01361084
0.076286316
-0.5468826
0.017669678
0.48046875
-0.21554565
-0.20478821
-0.88918304
-0.39056396
0.5829773
-0.49752045
0.06548309
0.15719604
-0.42053986
0.9833374
0.16963196
0.198349
0.96923065
0.1578598
0.08101654
0.19773102
0.36154175
-0.19919586
1.4743958
-0.39606476
0.6360626
0.31687164
-0.06354523
1.0276031
0.8325958
0.43419647
-1.097992
-0.5573883
-0.20352936
0.20811462
0.3813324
0.043884277
-0.5220337
-0.13103485
0.64865875
-0.3454361
0.7896271
-0.07727814
-0.37184906
-0.88619995
-0.5847702
-0.27887726
0.84513855
0.27895355
0.03251648
0.6972122
0.14501953
-0.7696991
0.9315491
0.54065704
2.7848969
1.0593338
0.22720337
-1.2902985
0.58883667
0.68390656
-0.09037018
0.47292328
-0.97608185
-0.16122437
-0.9881897
0.7174454
-0.61479187
-0.8242264
0.052001953
0.24626923
-0.59928894
0.2783432
-0.044906616
0.09397125
-0.06939697
0.7979126
-0.28308868
0.63249207
-0.75205994
0.37628937
0.07008362
-0.32937622
-0.7233429
-0.810112
-0.21411133
0.56923676
-2.6959076
1.0028839
0.48046112
0.77767944
-0.12006378
0.8580551
0.9010086
0.746048
0.56153107
-0.16641998
0.71473694
-0.6771698
-0.32369995
1.7980957
0.48549652
-1.1859207
0.8726959
1.797348
0.18872833
0.77767944
-1.2608261
-1.6027527
0.47457123
0.517334
1.1691284
-1.8013458
0.6463394
0.006500244
0.49641418
-0.20851135
0.76416016
-1.3662491
-1.0882721
0.014045715
0.57257843
-0.3468094
0.68048096
-1.7183456
0.8120117
0.8340759
-0.99822235
0.10987091
2.0252838
1.6297531
-0.15956116
0.6591034
0.7257538
0.5051117
-1.5323792
0.3718567
-0.549881
0.00032806396
-0.3996048
-1.2825012
-0.2732544
-0.7085037
-1.717865
0.96746826
0.2826538
-0.17651367
-0.8034897
-1.4655533
-0.23336792
0.9098511
0.58322144
0.6298828
0.5261612
-1.5428009
0.2611313
1.4703445
0.24391937
1.9145126
0.40075684
-0.1763916
1.7135696
-0.21418762
0.54885864
0.07837677
-0.6267395
1.7570038
0.8662491
-0.09133911
1.0990143
-0.23698425
0.7499466
0.33667755
-0.63648987
0.89940643
1.2552185
0.01662445
2.4043427
2.5332413
-1.6476212
-0.5911102
0.18502808
-0.5973129
-0.6322098
-0.47647858
0.7012787
0.51125336
1.0591125
-0.85112
1.5698395
0.0041046143
0.39988708
0.2604065
0.06751251
0.8171005
-1.1539001
-0.08998871
0.05192566
0.9970703
-1.816719
-0.49345398
0.2855606
-0.71255493
-0.79841614
0.46861267
0.3510666
-1.3144379
-0.41251373
-0.12419891
1.6816254
1.842041
0.49848175
-0.4073105
1.7027283
1.9531784
1.96772
1.0348434
0.86129
0.9515915
2.1328583
-0.09685516
-0.832428
0.24417877
-3.2332993
-1.3007812
-0.9782028
0.71221924
0.46985626
1.8890076
-1.8339005
-0.8420563
-0.18469238
2.5693207
-0.0131073
-0.8727112
-0.37568665
-1.7427063
0.2688446
1.3206482
0.98010254
2.4062119
0.17293549
0.32234192
2.208847
0.3545456
1.86203
-0.69970703
-0.12309265
2.0773468
1.5119858
-0.760025
0.6311722
1.6199722
2.0102692
-0.23423767
0.9852295
2.526535
-2.100418
-0.8760452
-1.3838806
0.071640015
-1.2360535
-1.4415817
-3.2407074
1.4676132
0.006881714
0.54826355
0.43647766
0.91171265
1.8925323
0.102897644
1.8555527
2.264206
1.8132324
1.6375046
-1.8001328
0.17194366
2.6634674
1.1382828
0.17051697
-4.2086487
-1.023056
-0.79668427
2.0544739
-0.6848602
1.4145737
3.1428528
0.64540863
-0.911911
1.5262909
1.223671
1.7148514
1.8097153
2.312973
-0.8079529
-1.2770691
-2.648384
0.28313446
2.6987152
1.6873779
1.5325165
0.7619324
-1.1703339
2.1587524
-1.5497513
-1.239006
2.441063
1.5824814
-0.49768066
1.983223
-1.3270874
-0.688179
-0.8872528
1.1888275
-4.1074905
4.5643005
0.4536209
-1.8576813
-3.088478
-0.54226685
1.9055328
1.3927612
4.066017
0.4572296
0.13608551
2.9141693
3.2181244
1.0284424
1.5247498
0.49474335
-1.7747879
2.080185
1.7074432
0.04663086
-1.6296234
1.1513748
-1.2258072
-1.8752289
-2.909439
3.1833115
-0.5644455
1.591629
1.9645996
0.009254456
-2.1315231
4.222847
6.0990143
-2.3183823
-2.3335037
-1.8695374
0.038841248
0.89131165
-0.20987701
1.1922607
2.2528992
5.7179413
1.1356277
4.491562
0.7722931
2.364891
0.059646606
2.4237823
-2.210022
-1.7994843
-6.27433
-1.6058502
-1.8682327
-6.1725464
0.9331894
1.055748
-3.9646378
-2.6876373
2.0129852
3.431839
3.438942
3.0434723
3.014183
1.1753464
1.5270157
4.288086
2.301094
-1.4138565
4.016617
0.42181396
1.85569
0.13372803
-0.642334
-0.3478012
-2.0754318
-0.1481247
3.966278
2.8557892
0.5350952
-0.8695984
1.0260696
2.9191055
0.6080322
0.5489197
0.32531738
4.4267273
2.7393646
5.0220337
2.3410187
0.49780273
0.011955261
-0.40970612
-0.96829224
-2.6726227
0.18393707
-1.3241577
5.865486
-0.31637573
4.6852646
-2.9025269
3.9371796
0.32848358
0.030403137
-1.9499435
4.2917786
3.0293884
-2.6033401
4.9908676
1.0112762
1.5055466
2.8792114
1.6127243
4.385605
5.1311264
-1.3379517
0.04219055
-0.27309418
-2.1113892
1.0218048
4.353348
-2.0987015
-2.9511642
-0.15589905
-0.19698334
3.386406
-0.9798889
-3.0751038
6.4041824
-0.33685303
-4.0094833
2.1271362
-3.8500443
7.808197
2.1063385
1.5660782
-5.467842
10.824142
7.3032303
5.1525726
2.3756027
2.0680847
-3.3527527
-7.238243
-0.5656357
-2.794899
-2.6661758
2.6556854
-1.7435913
2.2846375
3.1233063
7.253845
-1.581253
-4.8097763
5.4792023
-1.1274567
3.764244
12.249168
7.4354706
-1.3557663
-3.6013336
-5.8412323
-1.690239
4.317734
2.1903763
1.3751602
6.913582
6.865921
-2.628395
-2.4477158
-0.7212906
5.423729
2.2545013
7.057831
-0.52835083
2.3909988
6.8526993
3.898941
1.706604
5.3608627
-0.215271
-3.1678925
-1.0109634
0.6798172
-5.193733
-16.60376
-4.4028397
-7.2216797
9.105064
5.934601
6.370552
8.820328
10.423096
11.0401
3.960312
1.6761093
1.8144379
-3.2461624
-5.60614
-2.2201004
-4.365364
-2.718216
-0.86628723
4.464218
-2.3651657
5.1434326
14.490242
1.6395035
7.8255463
-0.115493774
4.262924
-0.85331726
1.1299896
0.06309509
-2.6978607
-3.259552
-4.41774
2.8250732
1.0552139
0.6721878
7.1419983
-0.54717255
12.019287
9.469543
1.5292587
-4.4730453
6.8173447
-0.032432556
1.5771332
11.868698
-7.340332
-0.24656677
1.0777969
6.7117233
5.4535446
-6.4229126
-6.2173004
2.946312
-0.9534302
3.6821518
9.392357
2.5016022
6.061615
15.99173
1.6253052
-4.639122
-2.7520065
-1.4205017
-2.6618652
1.7418671
-6.148224
4.310196
-7.2164536
14.603737
16.044922
-0.23741913
12.159386
-1.2847366
1.5365906
5.2362366
-8.546448
4.8674774
2.9596786
0.98669434
13.489655
-1.7906418
1.9610443
-1.6050034
1.3273544
-5.067383
-3.734169
6.8257675
0.55870056
9.4292145
-10.179321
-11.406143
9.994957
0.881691
26.778854
18.028961
11.835129
8.242653
1.694725
-10.240105
-7.4846344
-24.06237
-9.326225
6.231064
4.7572784
-0.8549881
6.007721
11.562767
4.122841
-1.5300446
9.21402
9.90699
12.819252
13.357796
-3.9701538
-11.044579
-19.427818
-9.914909
1.0671387
-11.212196
20.251915
27.679108
7.504738
-2.5549622
3.5449219
18.71849
0.8803406
12.710342
-3.1855392
-13.542686
-3.7590332
6.259491
1.8786011
-8.335312
5.849449
-7.181816
-5.8121185
13.880165
24.540459
18.096146
-5.3057785
1.3699722
10.118256
6.1669235
11.614227
0.024536133
21.407417
5.1398926
3.6298904
-6.290222
-4.372772
-5.839493
0.6065903
-2.080803
10.20961
26.486687
-12.455971
11.736847
18.654266
-13.228653
13.445854
-23.36345
5.204582
9.715309
-7.202469
3.5761871
19.050858
36.012527
15.176292
3.1521988
-14.092705
-2.794426
-2.1701126
-14.796776
-10.781036
-4.7180862
-8.721519
24.773003
17.112747
6.2587357
-3.3305588
17.507568
16.135895
18.002945
4.527878
3.6609116
0.7264252
13.10392
1.5826492
-13.559952
-2.7521439
4.0399475
-4.1746826
3.1573944
18.00576
25.862686
17.933495
6.5590973
12.337242
11.943512
-4.0605545
-6.8078003
-6.2452545
-13.105316
-7.782028
-0.064826965
27.262596
9.212639
4.324295
13.387077
12.230118
17.012115
24.483925
-0.19902039
8.29998
4.7647324
9.512253
8.219559
1.0655212
1.0591888
-0.047569275
2.3900146
23.169579
0.4894867
6.607773
11.203445
19.411888
6.103752
20.380676
-5.7281265
-14.48851
-0.41449738
-2.0655975
17.167488
-3.8408966
5.0599213
19.475395
16.862091
23.781464
51.415955
-21.846046
1.7149811
41.391193
-35.175117
-21.685928
-5.9891586
2.0141296
-20.59034
-1.689064
50.86256
14.667809
-5.671509
-4.550194
14.322136
27.68132
22.688362
17.742851
12.716705
-5.1203537
22.531548
-8.86544
-17.566658
0.33128357
20.711105
-11.1175995
42.72912
-0.26785278
29.786781
20.068527
-1.2333755
15.158493
-0.7140808
-8.542694
-4.9795456
-34.20883
-8.15876
45.6392
20.324448
32.63488
49.278587
13.940506
8.177994
1.4218216
-43.631065
-4.271675
-21.750427
-15.433113
-25.842064
16.847641
2.0044098
41.059025
64.51272
18.380531
17.439163
18.208237
5.7977676
-17.213959
-21.35392
-12.788826
-28.097885
-12.427666
-10.145294
-6.2579575
16.50811
64.46123
46.932503
27.38115
14.404343
6.8727875
-11.884064
-19.406631
-27.40506
-15.35466
-17.260948
4.084572
6.43631
15.55558
37.018997
45.259407
13.54908
2.1931152
8.626137
12.631271
23.809143
3.1392136
17.120361
3.6478958
0.1484909
11.991692
11.3997345
11.224632
37.91008
36.79509
-4.894684
-0.51794434
-16.584427
-17.368782
-6.347725
-4.696396
10.96595
15.989365
33.129623
27.889389
34.732727
49.619537
-16.818283
-12.796524
-40.100037
-2.8800278
4.4657364
-22.696335
16.835503
4.834839
16.219593
41.520702
44.234413
-12.672005
17.365002
0.22455597
3.094986
-14.588158
13.329895
-3.655838
35.94509
-3.4438477
59.22283
7.9947433
-0.34075165
-3.3657303
-23.546432
16.736511
12.95108
22.212791
17.000061
44.858414
45.342728
-28.901245
11.394302
-20.713707
-22.980705
-16.276588
13.8845215
21.196655
14.429802
52.085533
47.27925
19.68988
15.105667
8.177055
-24.38441
-27.710518
-10.27269
2.4985962
28.415344
27.169014
11.66317
40.297127
-9.303711
20.1768
9.684334
-3.6646423
-18.233192
4.54644
-20.037186
-1.4012146
15.758179
4.3220367
53.1062
86.49675
2.4367752
-1.35746
1.1459732
-12.3278885
-23.799515
3.028839
-28.725567
-15.373886
-6.592201
59.305042
25.11538
24.087234
34.856476
27.954254
23.252892
11.38678
4.33062
-5.2346954
-19.91732
-32.473503
-23.834118
16.456833
19.125244
19.087624
14.87204
32.41877
4.1517487
-1.4600372
15.18338
20.41137
25.685173
-13.378258
-11.36792
-5.4378967
13.160835
26.428001
34.89605
18.392036
28.426003
19.40303
57.340073
10.758766
-9.131874
12.660385
-7.6701202
-23.266342
-3.8578339
-27.281834
6.359871
-2.5172272
14.785858
62.54468
5.445694
32.676006
55.392437
-4.7092285
-1.9710083
12.391869
33.220055
13.346146
31.439034
-5.6190033
38.68216
17.235214
33.43564
-8.37429
18.315239
5.9361267
29.615196
-13.966751
24.575165
23.858315
-8.797829
9.652649
26.579922
15.983444
36.87356
36.056644
7.074501
-13.482376
20.073235
-2.938942
30.221863
29.76476
6.1596375
24.028038
3.8462753
52.50184
-17.288528
0.47951508
31.949066
28.848259
12.035187
2.951355
24.922638
-21.677635
-18.553368
-23.354256
61.696632
117.10185
79.64039
-16.93721
-51.96439
-57.924355
-39.82204
-0.48531342
28.686829
12.034485
-21.84504
-9.987061
-18.377598
-17.96278
8.479908
4.7678375
9.226532
30.589
53.8474
31.479
8.680229
4.557556
8.292282
2.0643005
13.53244
5.316971
22.5327
7.155319
12.944717
22.563828
11.920929
0.973526
2.541336
-5.3763733
-0.16464996
-8.227814
14.772461
24.552216
14.055695
13.852158
29.727554
17.427612
9.5023575
-24.797424
-5.9085693
-10.416214
16.213295
42.576706
33.1678
19.947914
-12.679672
8.788063
-6.7930756
24.752853
0.84313965
11.50827
30.97982
31.07582
32.33744
22.186165
1.2522507
26.697163
18.676903
-6.843155
0.0823288
16.551506
21.338509
-9.303017
-11.165283
7.86969
52.532
20.269188
45.160873
23.313557
1.60392
23.93507
32.33448
-1.0710907
13.540577
28.352814
24.854317
73.908165
-12.350372
17.880035
-11.284882
-40.700348
55.0559
24.380455
48.18261
24.601364
-21.823471
37.814636
4.222946
-9.345543
16.102509
8.257111
51.002827
0.98126984
109.71477
40.60206
-6.395241
-1.318039
-26.11708
4.0407486
-56.04535
-38.996414
22.340935
39.73258
25.764828
62.040718
1.4730225
23.326462
-10.228989
-15.81321
-2.568634
13.967537
-21.8107
25.306984
44.81321
29.206676
40.342705
32.82187
14.338676
2.46344
-4.9643707
-9.865601
0.41944122
3.9105225
3.8652039
36.951736
35.647545
35.307144
10.964981
34.408302
23.139736
12.48954
16.353394
15.51712
-33.20362
25.820427
35.427334
29.394241
31.643295
23.307018
52.718567
32.683838
-8.7638855
-29.89209
-44.694336
-13.262409
29.75718
20.086166
36.26879
62.93888
30.874763
46.76338
48.792213
3.1772232
42.7946
7.468437
-14.89817
-49.148277
-36.217564
-15.365837
27.426346
25.62233
55.771965
31.707294
77.526436
74.03471
14.5997925
2.5557175
-12.216232
-19.56324
-6.8656235
-27.69566
-7.1021805
31.80397
46.074924
30.739666
8.285637
25.920757
6.7376556
7.8064117
-6.3777924
20.252853
20.154743
28.302631
60.9672
45.44784
30.8322
51.581184
2.0277557
-9.236343
-12.136436
-6.6744537
1.1854095
18.573635
4.1528397
29.943108
35.543327
22.863731
36.82931
32.612064
19.120232
-9.283554
3.7873764
10.038574
11.290352
-7.8127365
39.003857
25.127102
58.379288
76.88623
26.414127
21.82537
-32.133743
-29.901451
-17.866875
-3.7252045
3.1050644
72.471306
31.553436
63.7855
55.96868
15.383247
-2.237648
10.353996
5.506119
33.927635
24.70768
38.379417
7.7355957
17.514713
45.09802
4.525879
16.45488
27.8833
56.477448
43.47204
-13.0434265
30.129799
63.54315
13.063316
6.243843
28.759918
16.510788
23.996532
22.916412
37.283035
0.90088654
54.788055
61.967083
-16.69394
6.9574738
-11.424156
-10.890869
38.573433
62.173126
65.412704
17.185555
53.715824
31.721367
-20.429146
-13.39785
31.275513
62.045616
43.953804
40.833103
24.810966
56.900795
-1.2204971
-22.907959
31.167793
47.46032
4.912117
29.59879
44.717995
65.52545
38.019535
9.276703
26.479012
20.784103
6.0953827
-21.244255
11.2667465
30.912457
48.52422
99.21406
67.45542
51.941895
-14.592728
-8.093163
-17.400383
-20.591614
-13.443886
5.569069
28.31382
6.1440735
31.283936
63.97918
81.26843
58.46334
4.151352
54.431007
40.84368
-20.700054
1.5080109
-74.40199
-26.580498
33.174736
42.67489
21.228802
-12.340012
57.510475
83.40736
22.592941
-21.479507
31.550995
-34.766953
-0.41368866
-21.122955
25.993103
45.33961
96.523865
22.00003
31.51764
18.01361
-22.63586
16.2407
-19.844528
-15.7361145
15.663925
15.304871
38.057835
25.36937
64.823685
75.60574
40.75718
8.790131
-20.838692
-11.112068
-17.8525
5.2401657
22.615513
8.905716
26.364388
41.253906
27.048988
11.629158
36.840736
16.371399
35.559563
17.97831
36.648453
23.096817
14.310093
-5.243416
13.477413
-18.690163
46.711716
20.153667
38.103134
32.047787
74.612686
10.582649
32.489098
39.273136
16.87989
-1.1152954
-5.347122
-19.886192
23.642292
14.069107
5.954529
17.328148
27.135838
53.874573
57.537468
66.40956
30.230309
44.4263
18.294708
-25.904331
-37.86176
-12.945747
-0.8256073
14.306656
11.219173
66.77779
92.89648
83.46341
-25.288765
35.84822
-0.11558533
-5.0982285
-8.412636
20.24057
16.225937
51.875973
22.997276
65.44353
39.295395
25.71708
13.577774
32.437046
15.04467
8.107826
-25.865498
-31.604107
-4.988678
69.7888
44.35954
54.949333
59.171097
43.738956
48.64921
6.8514175
13.5637665
-12.085472
-14.7385025
0.86641693
-21.840485
27.530548
38.309914
98.45427
34.941654
56.376137
-7.742897
11.039513
-3.3508987
-27.553955
8.378349
15.7992325
44.356106
63.894836
65.33917
64.446976
14.813309
-23.165852
23.587349
-29.156097
-12.626915
3.596817
52.865532
74.9557
59.584267
44.514687
17.545753
-32.8792
18.924576
6.80072
38.994102
7.154274
38.451435
49.505314
24.695065
13.526264
26.628887
26.990204
35.297714
14.781311
26.907806
-2.5258255
-1.600647
59.06501
18.157753
3.8698578
25.851479
-8.830788
45.932747
23.46688
20.341423
24.631783
19.482994
44.335903
35.93067
18.520508
21.936905
-13.006233
41.975838
80.038666
82.15094
29.29604
10.297001
7.8342056
-0.07678223
-24.549244
-7.1564407
-24.332645
2.087635
25.018559
71.5831
36.543713
70.21741
47.834106
80.15852
83.733215
-0.25376892
18.327488
-6.944687
-51.298702
-7.400093
21.040955
51.517197
43.89801
43.632065
40.549454
41.986557
40.10503
36.608913
36.934418
19.391182
9.912338
-22.020054
12.389595
-28.35849
-2.5666199
2.8463593
54.420246
51.22641
57.87431
54.219154
90.54793
47.025677
-30.619774
-0.8306198
-37.59201
6.8070755
23.702385
30.514397
50.170006
40.78365
41.450584
35.88887
-11.984726
41.655376
-24.245388
9.494652
-1.1704407
21.258038
47.570786
54.760857
50.354652
19.38132
70.07628
23.096756
33.16044
38.78575
16.818962
24.075993
11.384453
15.062977
41.441048
-11.613724
-11.022575
59.25002
28.819767
31.068367
31.066967
108.11696
50.017456
17.603245
-21.889122
-27.155487
-2.878891
0.4435959
-2.2978287
47.868675
34.66427
39.945145
46.845245
58.451374
41.787285
61.251915
19.423695
2.488533
24.535702
-23.845116
-30.12228
-28.03957
7.159157
62.27542
44.17633
22.58577
19.068752
59.95511
57.548878
27.230911
5.1956024
41.08256
-6.0569153
30.237335
17.713188
-4.4999847
26.762337
67.82486
58.8452
8.844017
-14.361702
21.588493
-4.067528
49.602043
47.759132
80.107346
17.37603
24.493248
3.8353653
44.832413
50.735073
21.131664
34.150387
49.88824
19.303707
22.65907
-1.0903473
2.8871613
26.503075
5.7998886
16.241013
8.8942795
65.833565
93.95259
66.091934
60.89463
10.484707
-7.778412
-37.327034
-0.5085678
-27.323383
18.072098
57.214066
67.600555
64.181885
55.762974
33.92225
12.876804
-2.1552277
2.62706
-17.691936
2.4557571
9.344559
31.288254
19.40924
34.59831
8.401276
43.717686
53.909355
46.12536
35.618015
-3.806633
23.670319
13.265648
29.414139
-0.5640259
45.269
17.085999
-0.47977448
92.253555
84.4037
33.767456
3.640976
2.3262024
-7.5789795
17.762783
5.247772
39.660282
32.65305
59.031143
51.124638
29.813572
25.85411
8.678673
27.739517
30.438568
11.165276
17.819553
21.3833
16.215248
19.25642
4.948845
20.199135
82.98341
72.780136
36.37838
19.225288
-0.06655884
41.070396
10.685577
27.725334
53.736023
12.249184
13.077103
-7.4254303
24.370857
85.04262
70.72438
59.248802
48.553925
-18.687393
19.565945
-29.503792
19.293118
6.774208
16.21489
34.915855
57.528637
53.890144
63.854156
51.466965
61.758465
56.862415
-18.0495
10.527023
-36.46235
-4.2539215
-15.867363
-18.692886
32.327263
46.70152
20.580269
96.694405
32.81247
48.857254
57.302517
40.39871
2.7455063
-22.727715
-27.445515
-19.769623
1.8414307
3.96735
19.773735
41.04814
80.8072
71.42685
67.40913
22.654327
9.649292
21.606003
-1.6466293
-4.990196
-9.28611
25.673782
63.440765
38.967865
3.7876892
6.3259583
-15.459656
14.707024
-20.733215
30.0345
10.443222
36.136673
72.45459
39.570755
11.310562
-3.7005157
0.6262741
0.008735657
25.42443
16.144447
50.27147
79.581894
49.260727
45.279686
62.16194
4.5283356
21.210526
2.799446
-5.854065
4.4788055
12.2634735
-1.8707428
25.96
30.93829
99.38396
50.933205
59.283127
70.10741
62.823647
-11.474651
-58.02675
-60.615524
3.3823013
43.524906
15.329937
6.5996704
123.310394
37.866425
46.302338
81.0116
15.5813675
22.622467
-16.851257
-30.081604
0.6199417
4.8286324
-19.118622
39.664032
21.335896
31.375938
44.50298
24.448215
24.410107
47.056427
50.383614
21.618053
5.3685875
25.33733
2.1174011
31.093792
39.637
11.659378
24.120174
8.415745
22.476315
41.36248
47.821426
24.471863
59.353447
42.305706
19.773304
16.297592
38.80538
57.281555
5.0732574
8.492748
-11.520126
47.068184
67.75895
17.831867
60.652847
43.836975
34.995213
34.302162
-33.326393
-0.5693054
3.4235916
31.624016
39.56423
93.08675
36.539406
64.11661
13.046017
21.872795
34.031536
26.138245
6.4972076
9.742958
15.282433
4.051426
56.181084
52.87509
25.97351
39.606873
55.61419
23.835194
-0.045078278
31.940735
9.48365
26.691006
27.81305
39.775833
42.856205
29.723385
53.53827
10.841991
17.897053
33.49996
71.20071
73.133934
40.226936
-1.9331894
10.963047
-18.66745
2.6433563
12.423401
32.37283
65.3244
75.24742
71.398766
52.860886
10.444874
1.9416656
18.44625
26.421658
8.545177
-32.00226
23.598274
3.2157516
45.245567
41.325317
65.66896
39.457733
-1.0651245
75.351776
47.16725
22.884815
-8.921513
-24.41272
35.966644
23.476341
46.7603
41.996304
51.694336
37.76101
17.016266
9.546318
-9.5272255
10.938484
-9.837807
75.270615
79.58581
36.479034
31.390648
98.76732
25.125225
21.74759
19.526413
-6.83239
5.7889786
4.16061
-28.145042
49.889305
81.856705
45.730473
42.54638
56.723454
38.258347
16.982338
-22.126183
5.01696
27.283215
16.87651
41.297993
44.57484
50.18956
102.15079
53.773407
5.5486984
-14.749054
-34.523277
16.032974
11.582596
40.313446
28.4291
44.731453
59.260147
30.53424
57.95791
42.612904
12.329987
46.938553
28.809628
-2.0190964
14.517815
-0.66612244
-6.554291
4.723358
14.227619
29.897362
67.11756
33.77663
35.72541
53.410408
20.232754
51.995262
53.046043
16.918446
19.22239
49.089046
-2.114708
2.144844
-18.139488
-7.6622925
9.417694
50.786156
74.436646
48.20422
28.853138
46.827118
30.610626
53.314342
41.128574
47.810543
66.25446
29.162514
6.790756
12.817657
49.86207
49.872734
72.44716
51.069206
22.079025
-0.31684113
6.761017
27.131485
28.363922
26.48423
65.060776
67.45697
86.4216
9.528889
69.26221
51.086884
34.296494
-31.38829
-48.801456
-18.223648
48.3506
43.82338
55.0839
75.075806
51.351162
23.002396
18.218369
12.52063
13.116501
11.300392
33.216213
36.581673
19.049423
44.17669
29.116554
40.645264
0.5332489
21.952812
47.96764
60.163986
37.70346
35.821125
50.671265
10.474831
-28.130753
-18.71236
32.43543
58.249565
45.925217
61.84887
45.646217
36.487507
58.577534
13.154175
12.1567
18.801613
19.687798
21.448708
19.208855
30.894623
41.107956
47.170418
23.89669
39.524258
40.727665
41.498367
42.593014
38.821774
77.34511
40.455517
26.228317
26.39402
78.54502
-19.530228
31.48693
24.38692
56.493256
76.579895
59.1063
38.12191
52.518147
-23.652473
-4.199402
-5.5177765
44.380253
53.175137
50.809036
77.41829
71.03332
31.516647
-0.9647827
9.866722
-9.362591
19.686134
3.0679474
32.613316
46.882786
64.11133
37.141212
44.720104
33.587025
-3.944725
22.273949
2.675293
40.892784
42.114433
47.422646
52.444397
60.890663
27.026127
49.329376
28.40731
-11.034203
22.935177
36.66246
22.578419
28.242737
43.57374
13.298492
55.668602
69.083244
50.817318
8.780441
-1.1613998
72.76767
37.792736
31.996101
54.452095
0.9667587
4.525673
47.22599
-0.6946945
44.762688
45.188507
50.766922
48.486755
25.19429
33.245083
12.292801
16.576199
35.236694
36.46001
21.10691
58.413525
40.521217
12.956211
54.112595
66.88696
64.640434
58.023975
22.238815
21.826508
39.4569
0.14396667
6.1431427
32.696396
43.140266
58.15542
88.208694
89.99068
43.71166
26.109474
36.575943
-45.909637
-6.4529877
-12.80648
1.3001099
30.86633
44.474083
38.637726
54.130543
81.27157
48.17159
36.61677
-11.180206
-6.4268036
-4.7285995
32.821938
42.808815
6.5565186
31.187813
96.888306
38.588333
56.226387
11.710838
13.533279
-0.51086426
-3.5089798
-16.663979
44.49124
67.725464
77.34181
39.011673
58.930046
25.470337
24.077698
-24.463161
-0.2617798
-11.084869
21.644947
63.25035
60.070763
32.739075
74.45259
18.249733
53.353302
44.483803
15.999702
16.496521
4.3775787
-1.021286
6.326149
55.46312
61.836937
35.310806
-3.1164322
12.398148
46.532127
58.592926
67.75386
53.184315
51.234818
30.692192
-6.9304504
11.524868
-12.161156
16.300152
44.71475
61.65098
54.01686
79.24524
19.781143
39.64859
21.29583
37.944466
32.30523
33.03582
24.09639
-14.776001
26.706028
37.07961
61.739037
49.287983
78.248215
62.58969
29.704697
28.343712
31.741661
12.816147
19.979782
-18.994698
27.110325
30.12196
63.641476
47.958324
17.974838
-4.176979
61.63936
10.280861
66.31968
66.297844
23.498177
82.49141
44.410484
6.3949738
5.898247
1.6146927
12.485054
76.50091
68.576294
44.983154
48.742046
41.407158
24.498455
-17.30106
26.744759
1.763298
29.6986
31.993317
40.140915
56.327778
56.156227
63.611813
46.21723
35.732334
8.451881
26.959171
-20.438812
-0.2306366
9.240051
42.568317
52.032883
75.77642
93.276
81.0239
38.152565
67.59209
2.6663132
-7.298271
-20.81734
34.782173
-4.0586014
28.311676
56.825974
88.1498
69.424255
39.821312
27.343979
56.5671
45.081184
34.150387
25.693092
23.181152
7.68676
10.945755
32.50209
53.118576
56.397415
36.464287
38.995934
11.705681
6.1380615
14.8673935
15.836929
13.7328415
54.81746
95.94418
42.40973
55.182205
57.671783
20.220306
25.707138
33.55847
-1.283844
-9.068642
14.565475
82.73106
63.470913
69.907745
35.179245
19.386726
34.118637
34.042206
37.84303
36.079956
35.757687
63.19932
78.59985
52.145683
-40.23387
-0.13496399
-28.539627
51.32129
27.415749
24.290268
78.57713
93.780464
76.23106
47.41088
25.49044
1.3406525
-43.65205
-8.219971
10.741112
55.17133
48.729206
50.729034
53.510178
40.359135
23.46035
18.874432
13.284386
26.323303
19.251434
22.693604
25.972893
36.918167
22.26265
23.701569
50.483093
34.549667
26.643425
13.030571
13.244736
14.035309
54.192886
40.494892
70.14144
39.871002
40.96974
47.343002
22.580276
3.1569672
-3.567192
5.995682
4.7583694
26.346977
58.72032
57.8692
83.30002
55.416798
71.221466
-27.206203
26.97696
4.816902
0.32247162
20.260246
42.706272
49.671143
60.860317
45.611
34.735397
-7.2858353
-4.8493347
37.44479
52.030575
28.73912
59.308357
23.387383
24.979424
30.086845
54.886185
34.475742
19.89283
46.245438
20.067547
43.06098
49.008125
56.73394
51.98326
47.22322
30.712288
50.83921
15.211006
-0.5917511
21.022709
12.569557
13.70639
46.854324
73.43202
69.09664
59.188263
65.11615
14.193512
21.320591
36.592056
30.554478
15.111008
48.762497
53.377197
50.850956
42.930275
31.434628
57.617126
38.151863
45.5968
-0.19573212
30.4887
61.270134
65.14431
66.35173
39.54818
16.580032
15.354271
9.718727
17.841183
9.776314
48.05448
50.33811
61.75196
60.71013
32.758144
7.1895294
16.741402
42.157063
29.876907
36.084442
31.92648
71.6646
45.08447
33.31475
47.024296
29.702316
17.061226
22.111534
20.02972
36.309757
37.36644
45.035477
15.771927
29.979874
65.229385
34.386314
47.537647
65.44936
22.024391
-29.51361
39.076145
40.795654
15.747734
38.66187
55.55159
77.443115
55.372715
4.0388336
-22.151459
42.84041
51.775204
8.148216
82.49852
28.910355
3.869484
49.861076
69.82413
43.94447
26.320625
19.409878
24.622368
28.894535
36.42978
29.924637
6.5321198
61.01054
70.652985
84.40444
40.150234
12.867615
44.115757
14.978943
22.628044
27.447376
49.97256
22.40976
32.782883
32.83036
46.3379
56.05607
62.685715
75.65619
2.2056732
-20.117477
42.08423
26.803074
20.217545
49.08612
88.93364
111.64616
61.79053
22.251175
-36.795074
9.276611
-2.0667076
24.131996
-3.9342537
44.645737
40.71969
38.153233
39.30433
24.738327
22.198605
37.078674
18.05307
3.1590042
42.387432
57.240856
34.79982
69.92317
53.532642
43.55623
73.83619
18.111687
37.830605
14.478771
12.158203
57.507984
60.454285
87.143524
34.46971
65.82182
10.619637
23.83841
28.068008
19.069836
51.835587
29.686478
54.55249
26.79123
63.818085
48.953735
42.472305
41.604614
16.95678
18.95086
-3.1069183
24.851677
58.11153
43.872787
57.532295
16.912968
11.93087
44.158234
51.043278
28.591541
10.291153
-1.8708725
27.639904
84.89333
35.37831
45.305885
65.37743
20.631786
50.4602
15.76738
17.674503
54.749653
50.39483
2.502739
50.589558
49.912907
59.598373
10.4793625
34.38886
29.103325
55.417164
23.84937
-9.953972
33.505615
50.105534
59.88724
84.80814
30.007416
74.229996
39.43439
11.615814
35.991123
44.268272
7.4888573
74.79572
72.381424
35.801712
6.8507385
10.554794
26.083076
45.247017
34.816734
63.54641
75.15756
80.63805
72.077034
16.77604
36.66845
1.1301117
-4.8888702
-33.97509
-19.141453
53.99926
31.068161
58.618828
87.604965
69.30199
53.599216
43.44474
39.51989
24.884014
-2.8440628
-7.7229843
12.0373
24.384117
22.86546
61.656036
47.080437
48.21305
58.904434
18.123314
56.63695
74.418106
40.120678
63.91671
38.40878
13.508011
-13.954994
-11.3975525
19.560127
58.882675
87.30214
37.45182
39.36161
52.239044
10.090179
23.932861
39.6146
4.778679
48.797127
15.546967
77.64782
14.709625
35.103134
65.64608
26.884338
60.00136
30.277466
13.746712
58.213882
72.97154
81.19528
29.715675
58.808075
9.686752
-3.8253937
-7.908478
-19.007423
20.863136
59.862614
53.57681
64.31512
44.482513
57.661736
19.067955
53.07905
29.606346
31.358963
0.57777405
12.72197
23.50158
32.14045
70.48757
48.55783
62.939995
19.865936
53.46373
5.2172394
19.2799
28.808289
27.401474
46.525154
55.852123
83.37543
39.486977
27.404945
66.3641
61.522995
30.448647
13.683113
19.336025
14.504986
38.104588
50.946564
33.195156
26.92675
87.22378
66.303665
56.155327
20.208275
27.890427
18.981247
40.574688
60.34996
29.339111
26.711796
61.0096
43.18723
41.614563
53.815136
83.91994
41.9024
23.313553
44.807472
1.28582
-19.913345
29.912544
49.657448
33.268635
75.88222
57.93808
64.61641
74.51865
77.92822
31.95121
15.488678
-19.541946
38.274277
13.558197
11.732285
40.224937
38.69097
61.78541
67.360855
40.633526
25.442783
37.23313
9.103325
37.22115
9.8918915
58.375267
89.790726
49.87442
48.43182
87.930275
40.844666
45.389923
9.182251
-5.784149
16.931702
2.7326126
19.830296
56.059326
70.85148
56.34032
56.742546
23.675697
6.5542984
13.5679245
22.113808
14.422985
35.20102
55.931282
85.293945
60.84474
36.447037
22.641354
15.4239235
42.009933
32.69513
33.691372
8.995438
43.638424
54.585293
109.60126
108.228065
30.08443
49.093666
6.3730927
-13.008377
-26.027237
68.34122
67.883224
82.08162
93.1609
59.255394
50.99016
17.353626
34.205048
0.03199768
12.1045
-14.4173355
27.061096
22.646133
50.462776
47.45253
42.03777
60.353294
39.229733
18.283798
37.8711
21.467506
46.23374
39.239227
41.641777
50.004322
45.058308
74.91554
30.530876
51.47567
7.8031845
20.390808
13.7407875
67.33373
39.522614
40.094997
34.255768
35.12419
72.65956
80.16989
41.05435
35.58171
30.50898
52.626923
12.252979
18.284489
43.224545
39.345867
24.389778
82.29136
46.72791
71.975365
49.895367
-9.798428
19.744377
33.465942
18.126862
55.9989
43.048496
72.35776
35.15683
25.71022
26.343315
33.416283
52.138657
17.34851
50.91826
59.50476
50.46178
74.9803
91.927155
46.108734
20.891632
-7.648903
5.409317
62.805775
35.546364
19.866096
31.669144
57.39016
38.61879
83.39433
63.193153
25.60453
91.61532
54.686073
14.198776
8.047264
8.297699
37.96294
-0.2259903
32.813957
45.53091
71.02435
54.67581
15.595646
62.36042
68.42438
50.783905
42.482063
47.288445
33.52601
31.446545
-12.603683
24.205318
49.096413
27.478062
64.29807
57.259
54.339172
47.402084
20.10292
18.985893
20.254566
12.337479
25.145134
31.673172
86.98652
53.38205
63.080204
59.533607
86.81291
57.06792
8.710632
-4.8216248
29.347176
35.120056
33.402515
3.2194366
33.096573
65.690315
52.066475
70.038666
73.36353
64.41874
43.13542
19.562588
0.4330597
48.758736
39.71018
71.32933
26.247536
25.516464
27.314255
5.43116
32.34121
32.225494
31.84233
68.68214
61.034317
28.249115
54.754692
86.431725
18.729637
57.03665
18.69114
40.24211
48.76423
58.51088
55.208996
74.22239
92.0916
56.781277
38.135147
6.347412
22.2421
1.6976547
48.646008
23.70811
31.57449
62.15271
60.32577
40.890152
23.724686
46.578926
25.976418
21.80027
31.827568
44.69968
47.50612
28.498314
53.32968
18.714504
62.22925
9.188633
27.168568
73.58781
59.50252
39.4209
75.921974
35.89814
26.016342
56.95553
9.87661
27.90078
35.607037
37.48872
32.48565
39.48911
64.30934
54.34629
76.1694
52.766243
24.139755
63.685318
48.881966
9.148842
-7.137863
-1.872612
29.869942
57.85121
77.33234
67.52554
37.234337
40.264153
-8.359184
4.1268616
39.23676
21.55389
33.94771
55.775948
92.90173
54.899612
35.74653
15.618988
14.583473
16.884357
19.35254
66.442696
34.55523
52.886086
58.8963
46.612823
26.387783
16.574917
34.055344
26.314293
25.50457
44.368927
66.964584
25.849792
50.000427
51.126358
64.44014
84.85397
24.385925
20.872078
-13.398842
13.852383
23.04213
41.763332
97.06912
102.17803
87.138824
52.91929
45.5159
32.478592
23.982769
5.0892563
22.596283
24.62881
18.720985
32.484547
50.317154
64.39061
63.13448
48.62016
28.62548
14.049942
2.8171005
26.419312
41.95891
52.453728
-16.141617
56.109093
18.479935
62.276077
70.943924
31.656319
56.20028
49.525066
17.545372
55.547676
14.697968
51.373974
11.599846
46.442635
70.44609
51.09554
66.15529
57.24566
30.884964
24.439075
34.37825
9.492966
-33.418243
63.286373
35.807945
63.773544
36.314484
101.96594
66.02341
49.589653
38.700302
10.846222
-17.339867
22.5178
40.277157
6.183235
21.889877
56.30027
45.653297
60.51844
43.921352
43.49057
33.221416
66.40353
14.718384
9.544739
14.836563
41.973923
38.078316
37.255238
66.209946
61.200188
29.357918
32.85955
55.423214
16.214935
38.290985
33.53551
73.85379
3.2405548
3.9762497
26.919575
107.60126
91.655426
75.94071
82.94337
29.36985
-27.700645
-6.202141
2.3041
32.562897
29.391144
49.96258
70.11991
55.704834
48.367188
48.189423
24.391235
6.5994263
16.75772
11.813438
15.103348
16.2762
24.504845
58.496914
63.11677
50.975754
58.77365
1.3986282
18.915054
28.743889
6.3730087
27.142067
46.90336
29.840832
62.196144
78.18851
18.942848
10.177589
1.4675293
46.200092
16.63247
4.771248
20.010868
50.44986
60.387005
50.692875
31.054844
102.46065
58.31723
22.18349
28.690315
45.02905
-4.519043
24.773926
10.733391
33.30098
68.29562
26.02716
63.65044
63.065117
65.97742
50.683414
31.395397
-3.917244
-33.148117
47.53765
76.54593
55.840385
23.36137
42.37133
79.12744
50.921623
59.093307
37.800743
-2.0615463
30.439274
30.408928
47.864998
70.019226
13.300484
36.039352
42.008194
60.05697
68.68274
54.367855
9.183159
0.14092255
15.851521
39.615692
59.521187
41.772205
56.615566
23.902607
34.771416
64.36977
60.665836
68.94925
68.78335
39.68817
19.216148
-15.596909
64.472404
21.52401
18.745377
64.85754
36.18218
78.16676
69.194756
26.690487
44.594234
59.352905
20.68472
5.058609
16.99907
-6.2911377
55.26693
25.533371
72.49816
93.05641
40.32698
24.075989
18.518166
23.851295
-4.5885773
15.181778
46.859966
23.36868
70.40112
67.11523
65.22145
42.511917
39.151077
69.584274
42.194412
46.169632
-20.692787
-10.952789
24.569862
79.92312
51.662613
40.368935
70.44649
75.79889
78.31916
36.116917
42.46541
26.27663
9.63353
10.514313
3.5248947
32.25389
48.405445
66.4796
29.05603
67.1802
41.158394
49.214214
43.37282
48.07061
-6.320236
63.51969
53.67195
69.30926
53.778313
40.121674
-5.357849
35.73579
78.34809
35.08769
24.488934
63.69924
61.346016
30.588211
12.770966
5.0434036
55.53018
5.1314316
65.75289
74.95174
30.739151
60.67554
57.050903
53.195545
35.023247
11.271088
31.308441
57.452602
31.110703
86.74027
55.024662
67.19918
23.259472
50.754765
25.53466
35.310123
37.11708
25.59047
48.591873
36.429474
49.293526
45.196407
58.858448
46.622417
49.82671
49.707623
41.87262
27.160877
11.168991
64.38837
65.71399
79.69411
53.950424
28.53064
51.127968
55.992462
55.28865
62.86815
54.457794
11.604805
41.364796
31.3232
19.522621
48.454002
-20.447746
9.838654
53.51273
31.647774
63.901184
67.14858
51.18178
65.608
50.062984
38.113632
23.035797
34.797646
58.74904
29.799541
19.853676
21.008327
55.462646
77.784805
44.214622
46.86213
71.45108
28.929905
68.49598
33.801384
31.306454
56.247135
33.886566
0.18318176
34.638832
72.982834
51.732445
44.839222
26.181068
88.03262
75.09638
29.03286
64.64873
51.076855
5.2328033
48.320763
14.738533
43.859165
36.58642
46.28259
66.549774
76.058685
62.307213
64.88224
20.022026
29.041958
11.57695
7.4500046
30.93977
34.83915
82.10105
69.69171
54.649334
63.60716
21.752472
49.85487
44.02497
21.108833
36.559067
43.13466
30.158955
-1.0625916
37.476807
-9.128502
61.61434
57.689125
78.43302
69.12204
32.411175
56.331394
11.35099
25.306572
13.773434
-0.61665344
44.409805
48.79403
32.83317
16.998802
84.28087
87.15209
72.3593
29.005459
34.130207
-12.840775
8.883232
50.430904
37.179413
87.7167
66.50749
19.966713
3.8561935
15.523697
26.025345
89.634926
74.3396
49.77043
32.21476
4.1310196
27.773891
-5.9464264
16.36287
45.062183
77.62161
85.47916
39.895252
65.32564
71.51996
58.74185
26.351067
8.701218
27.489662
45.87462
32.857758
48.0361
57.52028
52.336025
-3.353077
78.55945
50.405087
47.805824
24.377071
52.8032
25.494263
61.21406
46.664875
52.547623
59.272377
16.054935
29.244293
30.257553
37.005936
41.97276
58.20729
38.254192
53.55995
26.139732
53.861526
62.156532
56.215324
72.87862
48.248474
38.127953
36.286392
16.604939
28.61942
33.29289
59.454292
69.43461
42.77749
51.219902
44.94021
55.59306
71.02293
9.240421
33.58002
6.6214333
56.33232
60.670036
66.62178
16.115963
52.85045
59.38909
66.30734
47.836464
57.97866
53.379227
17.919537
15.49102
24.509926
22.526112
37.56045
53.37188
89.50986
78.69417
51.77141
30.045582
12.295959
17.797752
27.988956
41.68481
61.98445
21.307152
81.45056
72.8952
42.930138
24.658623
45.89724
20.896435
51.696358
55.78544
83.215546
88.65876
38.411274
44.9206
28.21975
10.804344
37.92202
19.061798
57.998863
64.836075
70.09828
59.489952
42.5207
35.444202
43.78068
35.51437
38.522903
-22.593277
16.783157
51.469727
43.312958
71.22775
50.57229
46.571365
77.32008
58.329956
61.640755
67.084305
-26.404884
-2.875206
-7.3601227
10.502602
37.031235
66.7828
44.177467
63.39632
36.97818
44.852524
42.763603
42.692352
15.302994
49.11798
29.726166
48.44828
41.864292
49.21592
37.309345
21.493649
38.952576
59.029594
70.82163
33.262653
28.903862
78.53849
39.53305
47.7703
73.768524
21.34486
21.20185
84.20024
55.453735
40.73478
28.902336
44.99167
60.8487
57.844902
6.5574417
42.16707
51.13549
27.592072
25.271034
62.190575
54.37568
63.908375
41.639214
69.142296
39.396896
10.662113
6.5045166
23.740204
81.50784
110.69563
58.476322
8.771759
34.13041
31.366127
50.496555
43.776474
60.757484
30.90118
45.681477
45.569286
10.528862
37.77062
38.222816
47.109062
36.465553
41.43973
31.197433
24.936974
26.17656
62.487103
58.50875
57.89711
53.03125
42.69432
47.89566
17.445251
26.88324
70.94684
34.69973
65.43674
36.81611
68.858955
24.436577
38.56825
35.614536
38.03521
52.90438
43.861305
44.904415
79.402626
59.442448
47.268753
38.518837
44.692886
63.639145
64.860535
11.399567
34.590836
27.310017
61.41452
75.736145
55.72441
76.07127
43.889355
45.922455
29.882587
31.612343
42.711586
49.10488
11.974522
56.961395
35.244164
53.66981
10.610657
41.577686
73.478485
80.34498
55.928604
47.54602
35.05543
39.872772
45.484787
7.563553
5.0238876
38.07583
15.884399
55.062405
58.604404
55.962944
30.783249
44.1726
65.951614
45.52659
40.282993
19.772087
45.45273
42.51334
9.971474
12.814049
52.774506
58.909763
24.433746
28.619095
25.933868
53.898853
21.790009
39.619656
44.50875
83.57396
76.22534
42.509148
24.55468
17.899376
49.324257
27.45829
65.93058
36.759903
62.31244
94.24732
82.555595
48.62831
15.106754
6.8862305
-4.0011597
28.888039
30.358532
71.46367
50.397514
55.4001
63.667084
61.51796
33.293198
31.11412
25.271618
62.04657
58.30435
4.7961273
10.858002
56.092453
61.067677
82.28833
66.15441
6.7730255
29.46996
25.686523
24.079575
14.766899
41.836037
71.531265
26.74968
81.35576
77.94754
56.10802
34.685707
11.378021
-5.91066
27.818619
-2.800087
52.464966
39.936264
71.35043
86.90137
54.082184
35.774784
32.411976
4.4234467
3.74514
56.57654
71.188324
47.505196
56.910305
41.79665
-4.969795
-11.663223
49.421555
47.10089
82.92057
66.661514
57.629536
30.745544
36.27365
24.843754
4.819771
63.91741
57.71167
76.69733
64.41041
63.37021
54.133266
22.276604
18.67418
33.7758
33.017563
31.761654
43.207375
29.512424
18.84029
35.54382
80.01828
57.806736
48.549114
49.410194
7.2152023
32.897697
27.868244
17.782303
58.052505
73.11777
43.68071
59.012943
17.791618
79.28453
32.4664
63.41819
6.7558746
2.0541077
31.939568
46.92457
58.044395
72.861534
41.242126
50.894207
72.799736
64.360176
23.407455
56.854008
41.18764
19.770546
28.01384
6.3268585
66.99641
49.007732
49.51468
64.387085
31.691696
59.617203
18.404419
30.294167
43.261627
58.80064
42.66869
43.845245
53.708305
46.33692
46.68957
76.61787
59.621033
80.17848
29.095612
49.472595
49.21255
68.120224
40.95227
46.239
30.65284
13.5555725
16.665253
54.7014
58.943886
44.996033
47.512737
18.135765
48.750504
52.982265
22.008835
78.61205
53.041176
47.284897
57.293087
47.049778
54.286736
54.09513
37.885006
15.87059
41.47545
33.84482
36.333
27.255753
67.64274
85.51453
78.94356
45.615402
31.635712
17.328922
43.224934
25.158371
36.72114
44.30018
58.477325
36.32708
62.07484
22.955585
81.08597
46.778572
23.049381
70.80339
57.502483
10.036171
73.302185
45.04679
17.756062
7.959404
28.535816
83.19344
34.403343
40.40683
48.785896
63.85247
47.180504
45.8483
21.513367
36.98809
43.065826
19.820534
44.93255
49.641846
46.230423
41.051567
31.256657
49.74942
79.40544
36.47288
28.495575
67.18146
18.892124
9.94558
71.80813
66.36683
89.02395
84.64464
66.608765
39.37832
20.72522
-1.1490784
50.60205
21.021347
28.640793
56.87352
52.445335
44.630882
66.88637
21.444824
33.31977
-31.460815
28.605675
52.35485
61.710182
52.862953
34.30768
40.618607
17.148693
48.274963
37.880917
39.704926
68.54454
60.02783
-1.0999069
24.999222
48.151993
50.871426
81.08067
29.362404
39.368523
32.988964
48.495377
-13.204872
16.49358
76.58249
49.43277
99.23704
74.60793
76.276566
47.1856
0.4046936
-6.5735474
3.765915
3.680275
43.20741
70.406265
80.58809
32.698227
55.829678
24.897465
36.909348
19.32761
28.608353
42.16543
51.463367
79.75274
57.705387
24.663414
51.67929
20.707684
56.56897
35.540092
19.65258
53.77172
26.772018
67.38953
50.904182
86.25966
45.058517
20.954445
22.224792
52.316086
43.926216
46.96115
36.79654
70.25885
17.14756
58.94136
48.10547
54.899044
29.642658
55.783733
42.77883
16.017235
45.36277
38.285828
46.231453
61.366142
77.14282
64.88329
23.04663
23.138226
44.90521
43.92957
58.510384
47.639915
46.729164
63.64042
29.295734
26.19831
43.417534
53.524185
17.640228
46.348778
54.085495
60.77052
56.574142
30.85823
44.455143
91.04739
64.83208
46.099136
35.889267
23.160622
43.37944
33.366306
7.258011
55.452152
66.37929
74.97968
56.579506
22.446674
3.5126953
18.255322
7.8118057
65.09462
43.36214
63.47569
72.640854
44.916317
50.5948
21.027328
1.7638626
1.5381851
41.920967
21.27428
53.63761
59.848106
76.55837
34.98764
71.23479
44.489197
59.965786
26.251675
27.251331
49.412224
50.08383
22.92694
21.60849
68.55678
48.378418
83.11423
68.02646
25.208916
39.953827
54.429573
74.38463
61.52538
30.80545
-14.460495
-2.3124695
45.352806
54.498577
45.622772
40.615425
76.21423
60.80888
55.747482
16.256142
66.0224
-1.5535889
11.271431
31.369106
48.36583
21.49681
52.144104
60.713387
44.996433
51.561832
44.699234
56.6433
65.928856
6.089554
47.623062
-8.13958
60.878193
71.194565
53.573997
46.00478
60.208374
29.67939
53.03522
44.211063
49.116158
31.276688
35.978203
43.779083
15.250259
24.434875
47.019127
47.888535
56.401382
58.686577
41.763794
50.494232
-17.249168
30.412926
23.324043
46.47487
85.907875
66.363464
66.61871
84.25052
91.636925
62.90604
50.57994
-5.156624
6.033226
-11.530464
6.392906
58.437477
75.44206
75.392044
50.481857
53.21249
9.092331
11.05928
4.305771
47.427357
19.711449
67.83421
47.370182
44.373844
17.62854
38.256794
13.58498
25.805298
54.21564
57.97932
50.976524
81.438644
67.990265
60.23423
32.601963
12.819092
16.421246
57.839027
38.46168
68.024185
47.55134
81.84239
56.437023
35.012917
42.98252
17.639423
23.145222
10.780907
39.451443
49.2594
49.756783
34.48841
42.269806
50.68845
42.12633
97.137764
66.25044
53.43679
65.29414
38.078945
13.751129
37.89222
22.956886
43.1044
61.728798
82.8676
69.40646
77.867294
65.037895
38.822784
-3.5539017
-8.252571
32.138016
33.771473
35.376617
44.182198
66.07312
38.509163
59.435577
47.367844
31.76815
28.88456
18.890984
34.48371
40.026417
16.172783
66.96579
52.148438
73.50749
69.361305
34.90837
27.464859
8.318077
-7.9771576
37.674904
48.619034
91.21028
93.37078
64.37864
43.841125
7.091011
12.352028
42.154896
2.1811829
48.162895
26.810581
62.24212
64.81328
76.768875
94.701965
62.02393
22.16063
40.728207
-1.7008209
19.325508
20.8489
80.67134
27.824081
47.46811
36.77636
11.675285
25.4823
46.72663
41.202835
40.230354
58.678635
59.136932
17.34211
26.266937
5.180023
20.510406
47.31659
43.45697
94.02956
123.31323
28.29338
11.573898
24.608429
56.06115
80.879654
46.75244
46.91066
59.620674
35.873947
36.21392
50.58107
46.143204
41.12569
24.894943
29.028473
53.442604
32.065384
43.093246
45.391594
30.037933
53.40934
25.980667
47.207558
31.150757
40.04969
81.56052
45.531326
31.275757
28.095947
-7.5491943
28.68608
80.72725
78.521225
53.5528
74.12239
43.05206
73.028854
34.5679
39.460365
35.140495
42.141056
44.057205
48.691734
59.627815
48.233196
44.682297
31.134964
47.704998
40.154617
31.880043
44.037857
48.718037
41.46206
62.545914
53.550926
48.831413
-14.130081
33.91015
60.181053
36.46132
49.433395
3.986576
32.594273
25.791893
50.614517
100.32867
27.142128
15.745804
44.18268
45.673244
20.642601
67.53486
51.11584
61.222305
41.568817
48.746735
21.296051
17.837624
90.842224
42.089523
80.31724
62.768524
57.350807
46.465206
37.716133
20.89516
22.499847
14.348282
36.641647
71.22818
53.761223
50.748577
36.28373
46.877678
45.201324
49.09964
34.11172
41.065094
26.267517
26.436707
50.35431
49.96453
70.38347
64.94401
24.810547
44.58938
54.05801
23.824638
80.67171
68.36656
93.3089
22.332642
5.8685684
51.71113
64.05127
3.6425018
2.3499908
36.29306
65.58977
100.17482
45.946777
47.933907
38.030342
43.011196
12.254517
32.12501
63.087494
32.938736
29.890099
54.585052
69.42616
56.94192
48.003433
67.17082
53.584038
-15.809486
7.2750473
-2.768425
74.199295
80.57112
54.869545
68.683334
61.332146
62.307716
46.726814
6.6833496
3.371704
8.591782
19.765953
32.434708
65.73996
35.8244
54.98077
39.341003
56.773552
42.334465
29.026825
62.346336
30.458138
51.753555
59.425358
19.496483
12.894146
9.502682
48.5457
62.271996
82.56658
92.634705
51.774147
48.762974
9.665764
47.465008
38.535763
33.894733
54.821575
49.819218
49.849075
51.850296
64.06683
28.438004
34.66266
39.705772
51.83102
54.025562
43.561302
18.14347
-0.12609863
24.172318
48.246113
31.291489
63.72901
59.90213
57.311325
48.860954
41.481407
14.2949295
37.714115
36.67334
33.81175
34.333046
52.27572
115.05795
26.928474
70.4297
64.1761
62.32887
43.59237
-11.53788
47.24096
46.289566
51.8132
61.735565
76.14011
47.907692
71.99376
19.279144
15.084702
8.247467
15.399666
27.47586
62.750214
85.883995
69.60512
43.08629
25.248833
30.22586
44.864723
34.415543
40.487663
20.524559
42.986008
-0.19843292
74.74533
85.943504
34.666725
35.704315
47.386482
32.63313
36.24561
21.115353
24.248596
58.556633
84.414795
63.757812
58.549488
22.918663
-6.68853
16.054665
49.803726
47.222458
91.64894
63.192444
43.46295
67.02788
45.623672
2.4148712
13.313446
41.336002
60.136196
55.21473
51.0383
24.416157
52.236076
40.28245
30.580994
30.138031
28.26545
59.909096
49.47544
8.925186
58.008785
57.882275
73.67848
30.581398
34.954765
20.6036
7.3795395
34.524006
52.83397
71.80202
86.95402
82.45336
22.992004
45.62079
13.19384
14.234619
29.815857
20.946503
34.35849
75.03864
60.88855
26.067047
-5.6704865
44.783714
96.94132
64.5907
42.44008
37.92044
20.345642
58.872543
81.48105
21.54535
57.645653
31.71569
57.252964
64.93831
52.22977
60.02412
38.568157
33.8155
22.86446
32.27687
33.47813
53.888138
62.778606
57.64312
51.322037
39.27868
26.564522
49.867027
31.922504
4.4612465
57.32264
46.80482
42.922787
67.29647
71.34275
47.80394
57.79059
30.364548
18.519962
44.872036
53.878826
1.4274292
36.403885
57.102726
81.97954
61.687138
84.89601
88.795815
71.70871
20.554115
-36.82936
21.007523
62.984627
52.566597
63.60172
51.15353
37.99221
38.77579
30.101723
3.8701553
37.71649
28.309105
46.710213
48.655083
52.182587
94.143265
62.13118
19.599014
49.72088
22.437767
17.209171
18.548958
34.574104
18.507778
53.905113
55.902153
72.60479
66.22882
96.119995
83.93234
44.10031
20.040573
18.139717
31.757896
50.051544
29.71193
54.941185
50.269775
38.639
55.033554
45.71106
41.07628
25.172775
32.441147
59.06967
94.704056
33.829132
46.834877
31.989388
37.683533
41.086952
38.085823
60.74038
40.56172
45.92624
92.981094
49.92373
50.722565
26.646828
44.70511
45.56959
66.18772
39.443817
42.863953
48.16485
42.14971
32.63757
35.31188
8.218239
61.465977
15.660347
29.57254
44.82821
68.32611
46.64296
32.198513
57.053787
46.82212
30.044102
63.84562
35.813614
66.0802
15.096817
54.036957
55.41571
43.30298
80.53826
34.206974
48.985535
37.96436
15.064354
36.886257
47.950058
45.835487
63.007732
55.05819
47.218018
49.586727
39.999535
65.10455
33.033592
68.485115
34.101692
17.752823
53.631493
38.001987
42.233196
78.23454
75.90775
78.97005
69.23321
34.117245
3.753708
21.596
29.707573
52.31334
87.26136
41.99245
56.416054
14.854515
62.868137
53.99077
55.11665
18.535885
28.133827
15.633514
73.00094
29.322384
35.303963
79.22473
33.403927
28.044323
51.798996
51.077663
51.221474
51.98466
38.354904
62.38581
64.53974
20.510445
68.81169
56.23061
41.67938
34.202515
33.59288
46.769234
70.592354
48.600952
18.951607
35.305424
33.56996
29.730682
51.812992
15.566315
63.828674
69.20999
76.23386
46.929825
39.487473
28.315666
20.65147
11.940208
40.863018
41.027485
72.32923
61.742836
63.494194
54.53473
63.432617
49.692696
36.990845
30.432922
10.657997
29.431309
20.221008
67.372955
62.251705
37.64308
58.39704
18.463203
73.682755
5.863121
10.98999
65.14198
80.35364
67.19429
52.856792
68.491325
3.6289597
27.800072
36.479546
35.280457
39.365025
80.942024
56.594074
71.86844
37.30858
15.184799
33.59793
35.26242
41.44069
42.779846
30.971119
23.68486
52.54123
40.61135
49.986298
92.87973
22.031792
15.663864
62.475693
72.86762
6.255661
60.849403
44.361626
45.059742
67.33459
38.846783
47.339027
49.624657
6.5502014
29.306541
49.752663
59.294502
65.507065
52.52322
21.925507
77.21534
38.856987
59.534027
35.225857
47.393303
46.086205
41.34861
40.09269
47.866714
51.84321
57.27186
32.658447
66.56912
67.927025
24.434387
47.1597
25.592896
20.969849
26.481876
70.16228
40.65178
79.312584
27.412003
73.265015
62.51628
25.721718
19.112953
15.029007
29.242722
28.276062
59.33888
26.657158
68.67192
33.78669
39.775276
41.161304
32.240646
44.683117
18.230347
2.8615952
37.131454
74.4666
81.93696
49.854477
11.116653
36.95646
53.175964
24.879433
26.585762
101.55567
61.32788
81.22758
-6.5892487
24.377136
44.01355
36.157898
33.050808
88.220474
49.40882
51.474438
51.786354
48.35913
5.4493713
43.94719
60.496468
45.956726
24.351643
29.571148
32.49152
31.663845
54.078545
58.727287
63.298885
49.766205
28.355576
59.63733
22.249348
56.387196
51.155666
41.566795
49.44497
46.166973
56.363113
43.075874
83.15466
70.514595
21.252865
66.295715
39.071484
62.181896
23.033424
37.86392
43.99945
19.183838
55.740498
84.36336
63.882496
78.47763
48.845783
24.859295
8.151436
6.1734924
50.024757
74.79938
67.172554
53.449482
25.447266
42.493816
38.518227
32.978317
49.25992
41.911453
12.905891
34.254013
52.741688
71.80498
53.089897
46.540543
17.075134
60.367733
38.633026
6.772644
64.77457
42.659523
29.15509
44.704975
62.989838
34.74653
40.36268
23.21772
31.719604
87.12459
49.24833
71.1407
61.108185
44.1792
-2.1553192
44.176834
7.363144
39.827084
66.7289
70.850624
52.399338
54.215794
42.095665
12.355774
57.00391
42.62925
52.078346
33.09247
71.12573
77.951675
40.44641
0.75055695
22.785667
56.785908
64.38983
36.467186
51.09474
66.99483
27.211647
22.821869
68.71857
47.52974
43.490078
67.18445
60.062973
25.000626
24.891273
59.397945
62.723892
70.203476
32.817127
40.820133
19.642826
65.33225
44.46014
53.82569
42.111782
65.90459
68.45861
14.048683
42.676228
32.206966
60.95134
31.361122
29.0747
35.827877
59.371147
51.5813
36.878403
14.470993
38.309875
16.816769
44.91468
46.125267
53.77774
77.131676
80.9541
49.898907
35.086746
53.56385
54.24118
67.447464
37.70907
37.105846
31.0085
19.630585
57.528446
88.082985
57.96463
58.303974
18.55169
41.48564
37.205322
68.13959
61.88214
46.7259
34.15806
24.932243
28.907124
47.260452
23.368622
63.612656
80.15931
68.911156
51.423954
56.972267
43.808384
37.37584
30.88012
18.34533
28.620277
34.426292
4.1243134
32.08238
59.64291
71.896324
73.44952
36.054226
36.323814
64.04872
46.875385
9.64164
40.654274
31.910027
59.800953
69.053955
56.59926
49.014595
42.273247
30.321495
36.00151
36.56349
43.97982
66.03035
44.715862
33.077255
39.837936
35.88002
10.866501
41.21999
67.57732
28.686554
62.349934
83.80281
67.967224
59.802605
23.311523
27.749702
13.840481
14.630997
72.62346
76.38622
39.367584
11.841946
54.615036
35.89103
50.234203
21.118866
45.364296
95.324295
80.59623
28.96873
-8.217682
86.30334
76.7604
72.336716
5.4909973
32.152855
73.813034
66.614944
39.698242
24.543388
16.78759
65.95078
46.60192
29.450119
21.001839
35.127724
42.953888
51.007286
70.59996
54.795296
51.866272
20.940521
20.401573
17.963959
32.88282
65.38701
49.753746
42.82547
58.343037
72.51729
74.33242
58.238052
37.502304
10.524666
46.503693
19.07344
43.594044
59.681454
41.11142
65.31576
40.457844
45.398857
50.066494
-2.1126328
32.6823
31.971024
69.334076
65.99452
69.5326
77.08056
38.325233
57.669228
23.007225
46.7426
49.76575
26.616467
37.919197
91.445145
70.46106
35.577473
30.364994
34.182224
45.18226
43.53141
16.877838
48.67759
60.343174
38.31802
50.24107
12.159241
57.955734
60.796165
28.280201
55.80149
55.28353
58.669796
32.20099
77.20881
50.09792
54.7513
57.18215
55.233753
50.12126
59.661392
41.530754
43.41599
33.909515
5.389099
46.685772
27.139755
42.64456
56.068344
55.468655
42.236023
40.69494
19.222694
47.378952
63.9718
18.377892
68.388374
33.47422
74.57943
52.867844
63.340942
28.979607
35.2294
16.289558
21.268959
31.785645
66.71193
84.77127
41.97
46.94361
49.834038
20.975037
59.085464
61.365288
36.19436
34.195114
50.432514
24.242046
28.287342
47.895897
48.899136
26.631447
54.50399
45.5403
80.5314
85.75427
40.448578
55.292934
16.241638
24.526814
36.245594
95.71486
42.916794
48.609024
54.928917
30.503918
74.09137
48.064827
20.881683
18.202408
39.109474
50.9623
44.39463
40.381763
54.61524
22.119629
31.511543
70.22857
49.86683
52.023582
77.791046
68.95024
72.79027
10.530159
4.792923
59.895844
62.456017
61.266487
45.097885
59.43617
60.528576
30.809105
26.041138
39.54647
-13.027222
49.93403
73.82769
74.1124
60.471
34.03362
38.57365
11.081848
19.627457
21.341629
26.316826
44.060028
52.544052
77.154945
34.717087
53.30213
25.665539
22.458817
50.112972
15.338783
39.939346
49.784714
95.688034
19.81453
11.785439
55.622936
68.39949
56.971718
-3.0515366
37.862236
79.836266
80.020676
74.936165
53.67513
31.42154
21.984566
45.81303
38.33781
48.699593
53.069866
20.708908
51.48588
36.108273
30.675716
43.992966
58.112507
41.544456
40.23787
64.07963
54.155598
64.504234
39.293747
12.946869
57.25287
62.500687
45.46777
70.20444
60.479874
32.31914
50.47636
40.831177
57.857132
65.96268
65.38425
32.052895
22.014389
23.796936
-4.680542
23.907501
53.12266
37.311043
64.56226
57.764946
9.631805
66.13764
23.541199
23.841763
14.829929
46.60382
68.59421
56.67372
51.17933
37.426125
1.8350143
22.218716
84.76042
77.61204
64.78185
76.42349
39.40066
8.099594
46.387497
56.616714
51.79677
52.404095
49.14627
45.763832
49.238678
44.392166
57.058556
33.98902
-6.319107
44.15047
36.960632
58.773327
47.53837
48.365154
25.536987
8.53196
19.280952
37.745304
48.35944
102.15863
85.64804
53.001347
17.486305
15.237007
19.0485
19.093513
41.13623
104.61713
49.71649
44.489876
47.77748
45.523155
33.668747
35.72397
58.37976
55.42992
82.14349
34.47377
17.182781
-8.923943
43.82482
23.513409
75.360855
93.567696
60.063576
44.77401
58.03175
24.735619
26.854004
19.512978
50.704712
24.279434
59.588028
102.20842
52.723312
26.422577
19.216148
43.770565
29.132973
50.11641
54.432068
36.08072
80.96315
17.341518
-3.213234
27.553059
32.581894
97.02356
67.916794
27.835175
46.28055
54.885803
31.674366
66.31624
38.444466
64.82611
64.36337
46.265892
39.697067
15.549377
16.69577
24.06189
49.428703
70.95703
80.2921
30.249634
25.115448
26.447937
58.896416
11.413872
39.71566
87.97274
68.1143
58.533684
23.123093
2.6399155
25.209335
41.123985
91.531845
90.02156
51.65284
28.42847
31.308662
46.36122
27.60878
28.056114
45.711163
53.48708
40.27582
58.155865
53.880756
32.81497
30.020302
31.571259
36.715866
48.956482
30.896446
49.232986
61.429226
74.28845
72.929886
62.62251
8.321213
34.72171
62.535534
40.112534
4.548065
41.708466
57.8808
59.71515
91.44398
33.342422
63.7141
56.92064
26.192535
22.68367
49.446255
33.958298
35.62289
58.200336
52.011795
48.7551
45.3671
27.728027
12.936096
26.070984
81.44397
40.612274
73.630936
57.029938
67.50007
65.53916
4.016632
20.038528
52.47049
37.959824
56.323074
50.453842
35.724396
47.437828
46.33786
51.258743
58.973915
53.27868
4.5859375
54.42156
33.695168
56.90362
76.22815
69.33836
18.035011
35.165024
15.135544
46.459934
37.062664
46.157158
66.32431
21.471657
61.672085
26.998138
54.904694
50.58568
40.779495
72.23668
15.950859
44.55507
48.34832
43.825287
75.51119
23.960022
78.487076
39.1976
23.01165
30.45131
56.50753
59.61272
58.11557
66.10922
71.90784
42.339996
49.51098
46.454422
55.828663
29.620632
31.947449
46.223274
43.04073
53.391655
63.723915
43.166775
62.224144
48.3776
40.98905
35.721886
54.91014
58.64074
36.43374
28.815159
49.434082
24.397362
49.30044
35.821373
56.734802
70.43253
54.2734
43.81113
59.140816
44.1484
48.933178
57.47033
43.55188
26.438412
20.894821
39.58557
51.650944
74.09694
40.92602
51.774376
57.609604
73.47973
87.04559
33.139572
10.374359
47.045837
34.688156
13.7539215
62.3489
45.21826
72.55557
43.35251
54.165653
68.70805
4.9407196
38.414753
54.5275
51.253708
47.69825
23.291237
40.686966
62.189034
60.46501
60.72077
77.90992
28.984703
17.866486
-2.48909
15.720245
71.31842
73.51625
58.4206
64.08243
58.80734
24.78675
29.042976
13.593803
37.878845
17.77433
65.72095
70.124405
54.134018
60.70217
40.261185
46.65076
50.081116
30.055138
21.230461
49.266617
46.92678
41.629417
49.701458
25.776924
18.101353
46.149746
38.58963
21.38601
21.826828
70.21501
64.28458
53.65238
11.049995
38.58889
70.04751
37.685204
83.97799
86.961945
56.97897
29.135544
69.511345
25.845146
34.6823
50.491413
32.38867
52.62108
52.078266
42.46286
89.000946
18.883469
52.182934
45.744385
31.840958
52.40219
42.67376
44.92402
63.152206
68.0787
78.97443
33.777103
26.599762
47.253025
31.744987
34.42554
42.63656
66.38199
32.690968
64.43755
25.025597
29.097042
50.265907
-6.5352783
29.85677
42.040157
66.25223
44.90946
82.82863
39.313942
32.129154
-7.7761765
35.3555
44.93934
37.994675
113.72326
74.68141
76.022804
31.030739
14.239456
61.89263
68.56767
79.001305
22.709724
26.036514
12.803608
56.270927
47.338844
47.2531
31.239594
-8.432491
5.71262
8.106613
101.93224
95.992714
13.02713
12.6772995
54.084763
86.41381
69.95526
6.9309845
11.243744
15.304428
59.05756
41.265453
129.32162
26.468971
31.845963
40.18928
52.87156
54.77162
72.453476
58.543472
64.07822
9.483528
-6.9227753
31.373772
81.37857
46.095676
58.64273
33.210747
15.750641
-4.6055717
59.266617
33.220924
39.053505
54.33479
69.36528
31.701454
-23.338745
33.10982
50.131416
64.55035
50.26047
61.831654
72.02222
25.91027
13.809479
23.199692
47.28887
85.92714
61.79994
70.53192
29.61264
59.255516
37.833397
14.46677
39.63938
20.35234
25.242268
82.45068
68.76605
55.264923
4.2117157
19.106094
28.45446
38.651276
62.422745
31.821625
45.37873
9.113228
43.054855
61.446045
43.12291
75.03459
22.954597
71.68771
54.10322
43.78953
34.805473
28.403309
57.790855
52.646935
71.30104
56.427094
41.88768
72.326004
53.546173
36.504776
32.720833
33.075493
66.44907
86.19395
55.161102
36.59729
38.672997
14.8493805
-9.412842
34.48606
39.43598
59.36785
93.10053
66.84997
66.01895
17.57809
-14.695984
37.48108
63.907898
71.22307
37.05654
14.344307
5.1067657
27.77974
36.776985
100.01517
73.059074
67.914635
66.85009
33.490047
12.95549
23.314682
18.055359
83.72862
47.36676
27.117966
38.748047
30.90049
2.3242722
16.027237
60.417606
61.159004
-11.071548
38.32657
27.042156
77.087814
62.51356
70.94659
38.650475
16.68435
4.452568
54.328392
72.68623
75.995674
45.81889
35.99437
11.032722
57.776787
3.249298
43.85164
35.783203
45.996056
77.93976
52.230377
18.14392
10.823029
51.940964
35.981644
22.188301
62.728447
58.8312
43.607864
61.148243
54.021423
28.188293
34.887085
40.418434
107.05734
8.045059
25.971767
39.558807
7.3526154
75.50479
63.18625
54.15628
73.96462
35.17343
13.203255
3.1241837
12.601036
84.358925
64.60048
10.127861
74.06643
71.6165
50.310238
61.786976
50.463596
13.93074
36.47895
8.512581
52.834007
56.268517
74.795074
40.799725
50.85255
50.350433
36.802536
31.993511
31.90763
23.223473
25.791985
53.124252
28.535301
62.075447
63.7966
39.38108
63.067036
17.258041
60.2409
31.81195
43.34693
93.609344
83.3095
19.62999
34.944687
21.58023
-14.428867
18.670223
65.22794
82.69228
63.801136
72.66171
75.5518
17.168976
32.639618
50.378426
31.56012
35.131485
60.29866
4.4086456
3.578415
90.572754
26.861847
33.17244
21.647522
61.87834
82.63205
39.38765
-0.49365234
30.952179
71.69812
36.093704
47.55699
61.435486
53.045654
15.378799
8.597534
38.632065
86.77926
59.5562
45.564323
10.883907
26.580372
35.156006
43.171238
62.532356
54.354305
26.773586
31.214912
49.284695
16.073944
18.537716
45.96567
92.44226
20.372086
56.52146
64.51241
44.23851
-1.802578
64.63111
81.23894
33.850624
61.643448
57.330177
63.114693
24.572273
68.79936
12.74408
50.557373
57.663082
42.630173
14.920067
58.749016
44.79998
43.369102
44.69066
33.384827
24.306831
42.436516
62.382755
54.291832
57.288383
-13.2413025
30.52604
61.642822
97.56224
67.08345
36.575302
25.435879
15.02549
9.851124
51.681118
124.47357
14.336487
86.4409
34.494804
51.215008
3.2932205
3.6271896
52.686905
110.6094
54.628876
49.83722
20.0555
5.0964775
28.190126
45.09671
55.01381
47.79759
38.670704
7.5012646
33.151627
16.63099
49.55909
85.305115
25.167755
-16.257025
-19.240824
69.14753
93.4494
85.04196
54.186085
43.545757
50.389256
23.012222
89.4625
102.38872
18.688782
35.77809
6.4076614
27.946625
62.936584
71.973175
39.379684
52.004112
9.908813
29.67643
36.3366
37.02057
63.24231
41.34445
49.803497
71.87402
16.108551
12.375687
41.492424
45.40557
82.765625
53.221462
88.58533
25.835358
65.47216
44.068756
38.848022
13.21685
38.363018
67.74054
72.19249
32.30153
62.200214
32.983105
50.58971
39.697876
29.284073
43.504673
29.099976
96.61995
41.659184
36.643215
29.684837
43.313293
14.039009
52.388954
40.80664
41.65307
84.722435
36.054596
32.881218
12.470963
38.693943
45.64986
42.629288
41.36428
57.33925
71.277695
37.213203
51.361046
36.519547
2.2858047
92.39416
67.61103
71.17511
46.04585
23.357697
23.192638
18.562634
41.092735
55.799572
69.483765
59.12699
32.95921
-7.040146
55.756413
56.573563
47.197716
68.51633
19.333485
38.383118
30.439934
51.730236
75.55533
37.92116
61.4654
59.664345
43.8405
45.09343
24.241894
12.114914
56.467
54.605682
27.76601
69.61417
27.844635
69.70253
53.55359
40.878674
34.727737
32.415672
30.341557
24.685555
48.962296
72.72575
62.26894
59.831955
53.07089
58.123245
51.066334
41.2617
41.51197
37.576866
10.346085
46.966045
88.81947
9.038971
24.620468
44.486107
47.726692
81.52209
17.279839
15.159637
33.835823
16.339798
73.486885
48.206406
54.06278
77.414536
49.231762
49.55137
41.062843
41.996876
38.676918
39.20786
51.121807
73.574066
70.452484
33.972103
47.047173
33.82299
24.26624
61.92865
80.570915
40.5625
34.695976
40.176228
60.550774
51.82345
21.592026
57.86705
27.472443
28.264843
62.267014
49.730896
68.785385
26.785133
62.670742
15.25322
42.70235
33.645813
42.868042
29.517502
57.409317
65.9297
69.019615
53.565304
69.560936
32.51528
25.460812
-7.13295
30.926998
68.80324
55.12835
38.475334
60.67323
57.376915
43.420815
14.747665
14.876976
25.467468
72.38334
67.797646
40.152267
5.0873413
65.715225
92.40984
5.917145
10.881851
50.820076
25.470222
60.70371
50.55441
43.018135
69.95564
51.907402
42.96788
19.997719
35.82933
29.42089
24.12944
61.022408
56.40931
68.29322
48.829407
54.533325
57.977028
15.875107
-7.0581894
48.657944
81.50545
72.14093
56.996323
44.536415
35.395355
71.853424
17.37513
43.777405
34.383987
35.322147
58.372597
38.2492
71.72995
64.609634
63.94799
39.279488
27.29301
11.761024
19.322136
19.322014
39.2053
53.364853
83.64123
108.18204
35.13463
52.492188
35.246918
31.988361
18.95871
39.748444
33.337852
48.55432
40.669277
42.771004
74.7604
41.58426
42.617737
34.036736
44.136883
44.46333
-2.0236893
45.36583
97.78996
19.160736
48.975967
0.8941574
67.05046
24.969177
21.210003
43.982754
64.996765
51.32477
47.506588
48.168785
5.1799927
-11.875305
37.716408
58.57927
67.89366
72.190674
67.825195
81.99623
40.59005
30.203484
0.36427307
24.758419
69.48417
90.16252
44.00722
34.187786
32.95868
53.896053
52.848022
23.345901
28.2752
30.89611
56.513943
41.099598
47.729115
8.656555
26.493172
36.094788
20.132767
60.956566
61.7219
52.18535
56.69975
74.05446
33.278503
46.636086
41.63479
52.740715
47.40229
51.750946
87.63456
82.92395
36.517433
56.175407
38.94683
34.41864
48.078163
51.226105
25.872986
31.997276
35.406456
66.55493
46.84914
14.978668
65.965195
29.364601
69.54229
43.0183
29.506958
15.3451
43.573895
36.55387
15.05571
43.15049
55.054394
51.164143
40.97064
46.337387
73.82725
48.61512
20.899784
34.32419
7.49012
46.297123
57.472477
118.226974
69.84574
46.26781
6.3147125
-4.584572
50.675175
66.65498
57.930206
32.590225
66.89248
48.09634
42.980537
15.704376
12.1631775
65.888306
39.21425
46.40498
33.18056
32.735462
30.398712
46.34079
51.643364
51.18734
76.47549
70.697716
57.829094
-13.660919
47.273727
18.817238
61.563766
61.803547
93.47359
42.96893
34.9098
52.054283
12.842834
18.069427
32.865112
81.77784
44.92932
42.337822
51.36882
61.738937
50.688263
38.697746
31.987125
20.641788
53.283367
29.859032
43.96805
33.216026
82.580574
75.69606
37.122208
47.02478
25.00579
38.076324
45.33968
5.2447205
69.47493
65.16759
41.299553
95.132744
27.075996
16.167992
57.53158
32.924706
50.019615
29.221405
20.35072
27.948322
71.26572
71.82997
43.397186
11.873867
-19.158905
15.444962
82.583786
43.82229
65.82601
18.990395
46.056908
26.651222
55.880714
11.32737
60.796505
69.07107
83.726944
34.327972
-7.0865326
18.187931
53.2696
74.57678
80.277245
64.513794
60.28493
43.879883
27.37822
33.02478
39.144882
64.47987
92.31457
60.698006
1.3894653
14.910034
28.045097
33.378036
40.10933
76.5365
90.83766
46.76809
21.786911
30.677834
14.911629
-6.384701
46.70237
76.669014
90.26921
65.61163
8.816177
17.606384
50.7005
80.87719
38.236046
21.750992
12.850327
22.915283
84.67294
57.250084
-6.595024
23.615547
22.98777
74.355125
96.42933
49.550934
14.786819
33.65661
32.62207
23.75904
66.144714
67.57337
69.11892
30.595139
-12.14106
6.7236786
28.022293
99.44849
112.70456
31.41124
37.617546
17.749184
-9.65239
48.781776
90.662735
11.540337
-3.1052628
-8.757408
38.539547
120.742
55.54869
36.62652
30.20543
26.76307
6.489624
39.106964
59.73354
71.908554
26.151695
5.917549
44.655647
13.798183
48.48017
108.079575
104.51436
71.801094
4.7423553
25.707184
-0.14224625
46.684143
36.158596
64.208916
24.77713
47.502983
-0.2796936
42.601074
43.656998
53.881653
84.63609
48.94233
51.630524
19.364067
23.61457
27.203842
48.700943
53.8481
33.60502
94.47332
48.287712
55.046898
35.370872
7.724823
67.56037
54.443253
56.73882
64.568405
60.072525
47.720528
28.550045
28.44133
40.318577
49.99932
62.571404
50.570274
39.529335
58.51794
52.391525
41.80373
34.288223
61.560337
24.737152
67.56894
11.114777
25.251328
10.720192
42.562653
68.90965
51.298588
77.09407
52.798885
-14.88604
30.093246
50.801395
48.89148
75.68115
83.98714
50.567856
29.969574
33.249374
28.382057
8.248154
42.039368
50.508507
75.23578
76.51672
59.51718
9.071739
26.794289
-15.081799
30.647003
59.512436
71.94668
94.516846
71.14298
15.025612
-22.334702
-19.529488
67.05113
59.99936
79.71098
59.426926
43.674503
1.5844345
26.446
54.03188
64.15936
58.00418
72.803314
36.979576
3.7539215
-6.200123
38.03827
97.39894
64.8465
65.312454
45.24164
35.22439
26.182335
6.0148926
18.928284
94.98524
93.85689
2.3167343
-21.501526
-17.06446
28.405724
78.145966
102.36812
86.40871
13.37001
25.086376
33.910755
53.95473
89.824554
67.50357
-9.000916
-32.155514
48.530556
90.51549
35.35567
4.188423
3.118288
20.530605
61.186905
71.300446
43.078163
14.109264
14.564236
57.565273
67.95886
-1.426157
53.21438
80.90837
12.212799
17.426292
46.6136
53.953377
16.808792
73.82181
53.648884
14.978165
50.037262
51.024513
55.04192
18.213165
59.463875
5.157921
66.87419
47.526566
46.786175
69.168495
41.24961
43.42215
43.39685
47.67284
21.219059
40.51409
35.84426
54.00785
52.23307
68.54088
41.689804
73.808105
56.278786
45.355865
32.50399
6.7409744
-14.8594055
21.869888
76.781845
111.33041
116.42744
52.87451
29.404243
40.167572
-0.24642181
1.4845428
36.75364
84.980515
85.45391
50.79751
-1.0240707
-19.346573
23.497276
72.99174
77.112335
66.11847
27.438599
33.11032
35.34281
7.5569687
15.963646
55.78634
36.5736
76.66234
46.978775
70.62023
5.323227
-40.397064
8.364151
77.57921
96.30797
102.24962
45.098602
38.87268
24.05085
-0.44312286
20.175426
43.271584
67.72191
33.569412
33.040054
56.708763
71.967606
54.981567
21.615376
34.770714
29.510193
62.184692
47.601685
52.438538
49.72515
56.84871
56.924126
45.511448
24.146175
22.209732
32.54357
58.425964
57.351315
64.55684
39.4595
31.36898
0.7806473
13.053818
43.80681
31.257088
72.52641
64.312195
76.206375
39.747765
61.410564
14.228699
11.3552475
-0.15240479
71.05774
97.937355
40.09195
64.93059
24.828644
58.304848
18.219406
56.45168
45.97554
55.458614
54.485165
14.474068
62.717995
49.90882
25.11641
33.351738
36.602684
41.71943
58.902412
50.491314
52.46255
14.736237
8.219337
25.618843
18.886093
29.924686
73.39198
97.97142
82.243546
76.29592
50.89325
3.6285248
48.059532
8.31192
20.410484
59.3933
38.469234
39.48493
62.11816
87.158485
47.282986
40.406193
22.53843
21.688095
3.4774399
74.19592
84.57357
48.847
47.994247
15.878639
-23.016876
11.316166
62.509155
93.34285
93.018616
77.6933
53.605774
55.794487
26.51445
-3.6584396
32.844345
63.825623
86.223816
60.513878
9.754875
-29.713898
44.262985
25.149582
72.418236
86.33009
68.06975
36.851814
24.677742
51.897743
25.837158
47.305992
32.053566
49.76739
81.34361
19.847569
17.053062
-8.161865
77.970436
49.78078
85.643974
50.33973
-2.10252
9.908688
44.009922
61.2149
68.91533
76.438416
59.821575
-1.4075317
44.351036
57.631798
23.45288
26.248306
59.8887
84.15001
73.505264
60.18527
45.624474
36.059715
-7.3988953
32.143456
29.717056
52.592598
45.110085
54.606667
61.852932
74.29328
23.781807
42.1242
15.232445
26.367485
42.228943
51.90301
60.960194
65.52204
36.35659
61.231155
55.984276
14.891609
81.31322
29.890575
54.171402
12.167976
69.81265
42.56104
82.19525
31.054703
33.953953
10.165329
76.86605
23.521095
67.90661
29.338264
27.268356
42.428444
24.748215
58.111324
54.620895
63.329487
43.504097
9.805847
58.305237
47.218063
4.9372177
56.7667
58.149868
27.794868
74.8929
57.472137
31.362503
6.415779
29.405266
25.445625
44.032967
62.71404
83.12678
65.5056
60.409504
13.423759
18.93988
35.391365
25.644806
34.46215
38.486504
4.798424
68.127716
118.68712
87.188
63.669327
15.760719
20.51828
53.664726
-15.617569
29.48156
60.357506
82.9388
77.77057
50.0291
55.999565
24.217987
23.223259
0.99964905
92.07172
91.1077
37.503265
-17.143318
10.8731
35.203888
37.237457
72.289894
70.9691
66.27902
28.230362
39.0395
-9.789391
18.242317
44.73865
49.332687
75.84819
60.841976
51.854523
30.636383
2.9123764
27.579185
40.57125
81.02802
36.8688
72.736755
77.78084
78.761116
37.616745
8.840141
18.148827
54.15697
46.210804
50.203133
63.66587
86.27972
59.83425
1.1630096
22.816109
45.599777
20.111565
26.857536
56.462276
60.70496
67.92357
44.505165
48.198845
40.31582
11.717827
53.996365
66.33181
26.987114
32.40618
56.372513
28.311783
48.118423
82.43969
53.636623
81.00966
67.23692
45.673164
-1.3607483
22.889694
21.031776
33.92299
17.60714
47.099007
55.403793
72.0007
49.308174
31.113373
46.781578
34.82234
80.14249
49.251537
35.509983
16.203453
37.113365
67.69684
72.46482
54.761887
65.51578
64.11555
37.64158
29.66642
25.273827
39.70426
80.63784
44.10656
31.30172
62.63703
35.222145
37.26042
42.910843
69.567856
1.9359818
21.796082
82.01606
57.396584
58.333065
67.7686
33.021835
40.298363
52.784428
37.402977
26.764389
23.038414
37.421707
54.099617
67.80417
57.93956
49.589596
55.38829
58.71791
36.354755
52.52587
25.620018
0.7856598
2.972641
50.294407
60.683083
57.46862
68.684235
69.119385
44.806778
35.340523
61.438522
15.082405
2.5994797
53.358643
66.337524
91.164566
47.70102
60.86679
64.428535
60.95614
20.229698
21.044907
24.156105
57.002502
28.634533
92.31207
69.95015
58.305496
38.015846
21.848114
-8.30571
4.8749847
52.600876
70.103806
93.80718
39.821426
27.132141
36.638256
43.088455
19.573559
45.883507
38.54319
82.669426
22.458786
14.128973
14.495732
75.13084
66.55016
49.12947
36.33476
10.44463
72.32654
17.787842
75.26698
59.21842
62.88274
30.393993
4.3015747
33.236393
36.82449
65.49332
74.12041
77.75481
10.901989
60.016685
7.3974915
46.290848
54.77796
70.77397
70.80847
45.72003
26.817886
-4.1196594
23.346947
50.002693
93.656494
64.79418
68.66453
26.511444
22.698006
18.30273
37.904305
33.244614
48.082115
41.439545
64.895775
40.858284
51.97247
50.228233
33.32244
42.97857
78.84356
40.73657
16.262848
70.6687
62.837418
36.294865
57.016342
41.340584
50.20824
46.584652
42.262444
90.06623
57.46173
55.68657
33.6998
26.90627
44.215286
20.63129
56.16213
62.714928
54.934067
44.365265
34.802067
20.00447
35.649414
39.479916
43.321095
33.504654
71.52591
63.251522
74.99993
47.575714
39.4339
17.80748
32.01715
48.836395
76.54593
55.890007
36.606743
51.375217
26.834923
25.12072
70.71178
15.331657
76.54974
70.59078
23.485672
58.33181
44.851604
21.249916
26.398499
27.97287
42.21984
74.959366
48.77341
59.36999
46.000053
58.287758
27.801346
12.9878235
58.386948
53.48553
32.932194
81.60698
36.43648
70.274605
37.45881
64.55267
5.74041
44.910316
39.83902
59.195766
63.50338
39.643707
59.48945
24.618866
46.36739
40.07395
22.312752
31.644638
62.133984
49.796127
0.97784424
82.91785
70.88998
49.358723
40.685528
15.764725
48.99166
65.78398
37.30288
61.296497
41.148518
51.5056
45.122078
68.21305
36.837624
50.57225
38.922997
35.568848
38.524925
59.390045
38.118553
59.46676
40.42574
4.1934204
31.208336
54.87812
47.936577
72.16633
48.719482
72.321075
40.510674
39.441452
31.991814
42.666637
30.39222
21.630974
63.069923
60.018852
69.40614
52.265152
42.86882
7.4151077
32.83773
54.634434
37.291218
43.488747
32.578957
80.65541
64.51417
46.218887
43.41766
37.842854
49.448917
31.95443
78.69707
89.60255
99.037384
56.733055
35.308975
28.80429
42.391003
38.134388
46.926983
32.029007
35.132133
49.500816
43.56132
18.383347
34.703415
17.88253
34.839844
61.577694
71.102875
50.27135
79.91838
43.30264
10.581291
6.673546
33.93766
56.05243
44.460487
86.06113
52.011787
42.215096
38.225758
45.218395
28.95205
15.2323
35.722404
24.066444
74.28854
60.799835
45.33162
48.89842
54.80313
36.088516
2.5233078
49.37958
102.24564
58.380142
2.511673
17.516834
43.59224
63.758545
75.91492
33.01237
47.534943
31.424934
-3.2343597
20.267014
80.93889
81.44972
61.01412
24.788895
40.7294
30.558838
42.291073
53.65971
50.568832
55.11612
30.895485
20.380203
20.678352
21.233932
66.80365
90.446945
35.385567
65.312
48.033905
38.935112
38.920258
32.52256
43.878693
46.02147
71.248985
74.405205
64.62075
42.777206
20.418121
48.583965
21.900131
20.127235
41.98236
88.31253
42.366043
31.656979
80.31998
54.831894
36.74916
57.40072
39.65824
36.42743
36.316826
53.93975
46.163242
59.36285
49.811893
54.40689
40.839684
38.48385
22.747551
36.467766
54.67339
43.86357
32.91189
42.688423
28.887367
44.009506
44.904953
42.17156
69.44096
116.63499
57.08559
7.2510757
9.456665
41.85385
41.59188
84.55747
50.688496
58.15335
49.052795
41.03805
12.927414
32.49626
36.351555
64.04047
49.912
44.02507
49.596756
45.563408
23.988342
17.291534
72.55155
57.10978
38.03837
79.34003
60.219673
44.568417
34.98089
44.80778
69.70365
40.88517
61.608837
32.41449
62.079117
72.451096
65.71103
23.37365
17.775986
53.40751
40.49535
27.662292
43.09331
40.928253
64.80305
45.501198
32.07573
58.93985
32.77166
43.79449
6.563339
45.447502
41.102554
56.842278
60.58419
51.066017
19.112427
71.59389
55.63614
57.054436
24.316025
19.232292
33.9012
57.43187
59.629665
35.01976
72.96754
52.60489
18.364517
8.654007
18.17035
76.27162
96.3592
28.071701
85.33229
72.974014
40.296337
-2.828064
-1.8142548
37.1998
44.352707
45.8101
82.69215
68.622665
54.819473
20.867096
34.53282
14.409523
20.66095
72.5049
56.50741
59.6816
61.47589
42.843536
41.804287
19.559998
45.659798
30.858162
33.278374
34.79503
45.984055
67.43028
80.27425
74.528275
17.994576
-14.865181
7.4513474
30.992676
75.82263
59.846268
78.33237
72.68202
33.51245
27.584412
31.958595
22.693565
61.108353
65.746185
57.545403
23.010803
-3.7164001
36.191826
22.136047
67.11562
52.409668
76.32268
12.166779
37.229416
24.42255
43.63192
82.15436
100.24065
51.58809
44.762794
31.68592
5.579193
41.04548
85.91423
79.64798
15.304863
14.387489
-34.5972
38.45396
81.00838
104.11377
97.214455
70.01271
34.428905
51.16474
43.467903
16.89965
69.658844
33.041
43.108017
23.336342
54.826084
59.35842
26.375748
68.70809
20.668587
60.770695
54.104607
24.336594
26.807777
2.0003738
121.608795
26.32167
-15.666908
39.15732
102.39369
67.32743
-25.733307
19.23816
77.04883
116.28423
62.33496
5.6730347
-4.56633
11.302345
57.56726
57.53636
55.55822
42.06098
11.439003
21.137962
17.110683
51.675255
64.43167
33.809654
69.980225
45.80148
22.432434
10.103683
38.224327
54.625553
67.61914
48.72918
53.81821
-0.21224403
-21.799047
74.36005
72.953415
80.511826
0.9740753
35.81039
28.454605
57.641285
69.416885
72.538635
52.60052
41.62372
14.868542
35.34078
58.155785
54.463997
44.12774
25.715351
50.986305
69.06834
47.749817
51.564312
25.140293
42.092163
37.473843
43.02972
44.16223
80.9516
66.391335
56.710472
52.02406
20.859772
22.130333
33.303093
61.762074
57.197697
86.9779
61.56331
14.2866745
34.05314
58.72371
42.716667
41.120686
60.550983
48.799873
52.934086
47.310646
2.437317
40.624054
58.122498
43.17044
24.171818
65.79176
78.072266
34.877937
35.8184
30.564312
77.63867
38.60656
23.559158
59.42768
39.979374
39.576054
72.61141
40.18877
40.65343
74.88861
28.978867
74.141235
52.955986
30.76669
29.413017
49.236603
