0.29836467
0.09117798
0.058724176
0.051254965
0.049021803
0.035146847
0.045693222
0.042882495
0.048080936
0.05105394
0.054528296
0.031652916
0.046411827
0.054019146
0.044621833
0.04032052
0.056780614
0.05700769
0.034604277
0.04287585
0.06492895
0.050835706
0.05924965
0.051932376
0.05163769
0.050969265
0.05212173
0.04953992
0.041949775
0.055405185
0.048581183
0.046443183
0.04452342
0.053225245
0.053837422
0.061266825
0.048507508
0.042558182
0.060694385
0.04466264
0.0511735
0.047796357
0.050002977
0.044861916
0.047988974
0.052592043
0.048112735
0.042960618
0.043047454
0.058423627
0.0514358
0.04366035
0.050072096
0.05087705
0.035655674
0.04766907
0.043297503
0.04755761
0.04344734
0.047885146
0.0403451
0.039729968
0.043699134
0.04091867
0.047337487
0.049310755
0.04880818
0.044670742
0.06069048
0.0541516
0.05159549
0.05340242
0.044400673
0.043156534
0.030340485
0.044481274
0.04475313
0.048784148
0.050270513
0.04216569
0.059265416
0.042998664
0.06340207
0.05551983
0.057120603
0.059135936
0.04205134
0.051974915
0.048502877
0.05597985
0.044770185
0.059087057
0.053614527
0.046697095
0.05140775
0.058150984
0.057064936
0.04818601
0.047142494
0.054406658
0.0491576
0.049414463
0.053018432
0.048947696
0.04741071
0.05695367
0.04336154
0.04090939
0.04554048
0.051597547
0.036548972
0.04539282
0.060425125
0.051187932
0.049355295
0.063840754
0.05377158
0.052071452
0.041473906
0.055955138
0.04603419
0.050619908
0.04244833
0.04726722
0.05217663
0.059973095
0.05316681
0.0521508
0.054584663
0.055641476
0.04289852
0.0510243
0.052843418
0.051718447
0.054260064
0.059878673
0.04984349
0.05146743
0.053878836
0.050688084
0.044340137
0.03848335
0.051295973
0.04814821
0.053228807
0.055779383
0.051350504
0.052549142
0.036946807
0.04696047
0.04636714
0.054844704
0.06140086
0.050634865
0.043975025
0.046360552
0.05014227
0.041932903
0.04509994
0.050605852
0.042616338
0.045236155
0.04728417
0.04889998
0.050372686
0.047780216
0.047095105
0.05037599
0.036391098
0.045378298
0.052128144
0.041598022
0.034630235
0.04112469
0.05600641
0.030009042
0.057355475
0.046304435
0.056448746
0.03262192
0.042437945
0.068662025
0.043753874
0.043072436
0.041821156
0.05224566
0.042208992
0.043233663
0.049905006
0.06177804
0.05129387
0.04330611
0.051059198
0.042010218
0.043858573
0.039319392
0.04035182
0.044667907
0.05428921
0.047442712
0.04636038
0.04407017
0.051266387
0.03459091
0.031297743
0.04216991
0.058570947
0.042067155
0.060786184
0.048483085
0.042383928
0.05258557
0.054205246
0.056210887
0.051407743
0.05217649
0.045165595
0.0436953
0.04102629
0.049657356
0.04719867
0.050020404
0.045151755
0.05213599
0.046231087
0.04192615
0.048991617
0.05776713
0.0463904
0.053206593
0.04978546
0.04528022
0.04247378
0.04523755
0.054101232
0.052138526
0.06524201
0.054162968
0.03853517
0.05282517
0.05691225
0.04320348
0.049387164
0.042901423
0.043890733
0.053605907
0.0515509
0.048055917
0.034606077
0.05844178
0.045456633
0.051797733
0.06046254
0.050547555
0.040895306
0.050236933
0.053687766
0.051810306
0.0406291
0.038894065
0.041562922
0.05683117
0.051587082
0.05630635
0.057110444
0.04412829
0.058662493
0.04426061
0.04831887
0.04591619
0.04549344
0.056027178
0.04407025
0.05012548
0.047803875
0.04455105
0.04001111
0.05936036
0.045303196
0.042419534
0.05097106
0.047273654
0.041953992
0.059986293
0.049803533
0.054242224
0.059610363
0.045719236
0.050486274
0.045631796
0.05476516
0.05941051
0.051714268
0.043139257
0.028438635
0.0630505
0.045193456
0.040769204
0.036059152
0.06023243
0.045752972
0.042913087
0.04036015
0.060602877
0.042205542
0.059492584
0.04212575
0.045314264
0.04822889
0.045690715
0.04396443
0.05494427
0.04834867
0.04320038
0.054178756
0.048583176
0.051679723
0.03849267
0.04444948
0.051233098
0.051625323
0.030988453
0.05498164
0.051564507
0.050407276
0.058237292
0.05007034
0.059775315
0.05090728
0.055878375
0.05334979
0.055743404
0.04645083
0.053898226
0.048104286
0.05418648
0.045633312
0.05503084
0.042816717
0.051398754
0.04623176
0.037802927
0.04410138
0.049732223
0.04582199
0.045265894
0.04920739
0.047097627
0.053757865
0.0368236
0.04485964
0.051022377
0.044692405
0.051172294
0.05316881
0.032830264
0.051874112
0.051772498
0.05513587
0.044551693
0.041808214
0.047961935
0.051954396
0.04044739
0.042074814
0.044432636
0.052092604
0.04633957
0.042789392
0.05960718
0.044886105
0.052646164
0.044105884
0.059494797
0.052687306
0.049658023
0.04964724
0.043397672
0.05132192
0.036784947
0.053588677
0.04752156
0.044156365
0.042584907
0.042781737
0.05767374
0.04429299
0.040568296
0.05131363
0.029581236
0.0546122
0.04820989
0.048577342
0.050585356
0.050244387
0.05876746
0.0446311
0.04963327
0.043479253
0.040585246
0.0443191
0.06658191
0.051286533
0.047789093
0.03525958
0.03306465
0.042716414
0.050460428
0.042114552
0.04076071
0.04566009
0.052884437
0.03585707
0.049411044
0.039371498
0.036054134
0.049040087
0.045910783
0.034162663
0.044300463
0.04979972
0.032110527
0.03991869
0.042652816
0.039187808
0.046560332
0.0348485
0.047686636
0.048392113
0.048302658
0.039654423
0.057588503
0.0408011
0.042067386
0.04781287
0.048953313
0.047122642
0.04069473
0.051687997
0.04774734
0.047352638
0.05304256
0.055973485
0.054367755
0.05201047
0.05949272
0.052323062
0.05800536
0.04830131
0.058394734
0.061155524
0.051962543
0.06342335
0.052090168
0.04801124
0.03714831
0.042427395
0.057508063
0.052313928
0.039626706
0.052936886
0.058892574
0.05224921
0.041735683
0.045201577
0.048001464
0.05255489
0.040510777
0.037705723
0.03646233
0.05487554
0.046757687
0.046276033
0.04927112
0.044695098
0.053061098
0.045321483
0.060719326
0.047238734
0.06208299
0.066139705
0.050783187
0.04879684
0.05430401
0.054269735
0.038886104
0.05262699
0.06760272
0.042179625
0.049935263
0.039432112
0.050285693
0.046284314
0.045242283
0.051468
0.044692926
0.048958812
0.04248898
0.05437832
0.038820516
0.043346547
0.03842126
0.0530255
0.04487318
0.050141063
0.05727426
0.042286042
0.053012468
0.044096775
0.053200476
0.042359952
0.05935899
0.04380841
0.03515825
0.054248467
0.05029059
0.05333289
0.048346967
0.04809416
0.043743823
0.047448084
0.064735964
0.054774374
0.060845174
0.03948157
0.047915816
0.052495725
0.046595797
0.054286387
0.04954813
0.03878039
0.05846163
0.047686096
0.048714004
0.05694708
0.041599814
0.052102998
0.05095342
0.043456912
0.04139
0.06607318
0.053225297
0.04532237
0.04917721
0.058342148
0.051501364
0.052554283
0.047062382
0.04584279
0.042184632
0.04720773
0.059073616
0.05472202
0.05415455
0.04602361
0.04985597
0.049665265
0.04480865
0.052877683
0.043646287
0.058478028
0.049488634
0.055383887
0.052733824
0.059813667
0.049981415
0.05845918
0.05167359
0.05710571
0.05125227
0.0411778
0.03948677
0.060595203
0.038600348
0.05737409
0.04915554
0.045781087
0.0521649
0.050440256
0.05214971
0.049766473
0.035338964
0.050306894
0.046669587
0.052283827
0.045638658
0.045081496
0.04618964
0.045301866
0.05495297
0.05379701
0.045296587
0.050873134
0.047388963
0.06480715
0.047717646
0.056147315
0.04398149
0.050053008
0.04863611
0.038704924
0.05156822
0.057421323
0.041751634
0.05579844
0.052380078
0.057318974
0.039187524
0.051566884
0.053983696
0.047667716
0.04060639
0.049988538
0.0530019
0.046999235
0.0476508
0.053820517
0.05453052
0.05239182
0.0458373
0.046813466
0.056153376
0.058080737
0.04331761
0.05644846
0.044380553
0.04332789
0.04473597
0.039920013
0.047238037
0.05687733
0.056622468
0.06162367
0.054524176
0.046106264
0.044319484
0.043258924
0.04650654
0.049820837
0.048650805
0.04865127
0.040823
0.054229528
0.0515605
0.044191565
0.053611618
0.056676798
0.051504068
0.051614203
0.043898933
0.045195792
0.044008974
0.056081384
0.037845224
0.037827976
0.049813386
0.045385145
0.04493418
0.041095432
0.029264454
0.047792103
0.04248504
0.046932794
0.039955046
0.06029227
0.0522235
0.054271758
0.04809861
0.036819413
0.04633019
0.046918813
0.062119223
0.050597783
0.04207887
0.053370368
0.05652674
0.06962537
0.06158432
0.04198815
0.050624777
0.041903034
0.041085944
0.06439322
0.050942473
0.039082102
0.043346573
0.051825207
0.049919516
0.055022743
0.044292744
0.056344353
0.04856993
0.045980938
0.04508048
0.04722604
0.05035457
0.045349568
0.0463781
0.040840644
0.03736313
0.041220114
0.04619142
0.03856551
0.055826966
0.03770713
0.051603965
0.04668297
0.057760328
0.04964287
0.049399287
0.038227566
0.045037054
0.05330454
0.048437998
0.043868646
0.050657522
0.04456675
0.05173681
0.04070441
0.04756836
0.049707238
0.051384676
0.044038206
0.042118296
0.053554002
0.051432487
0.04614104
0.054774158
0.03901366
0.044874072
0.046070226
0.0516206
0.052185934
0.04803588
0.052430846
0.046891384
0.050286196
0.051432963
0.049355954
0.059227105
0.05351751
0.053005267
0.04657573
0.054109734
0.04692556
0.05295959
0.0381757
0.047700103
0.056825697
0.05350111
0.05852388
0.041217454
0.051261745
0.05293369
0.046529934
0.04066672
0.05571719
0.045826163
0.049740504
0.037367154
0.05186811
0.047066282
0.041453503
0.0532211
0.04107092
0.03504466
0.0546334
0.04533455
0.048282776
0.048938293
0.044970684
0.05220333
0.037419256
0.04608206
0.055120684
0.0453543
0.05494534
0.053174715
0.04171835
0.048690893
0.044273518
0.051396135
0.054181375
0.06334586
0.033924595
0.0552811
0.056554306
0.046164755
0.045314614
0.060800552
0.050786
0.061926436
0.054987904
0.046272296
0.044458378
0.044033892
0.062403265
0.04408836
0.04887299
0.053556964
0.050078463
0.04120725
0.044141985
0.061620586
0.03690581
0.056272656
0.05218194
0.050949097
0.052230813
0.039639805
0.048814725
0.04103774
0.046998262
0.046942346
0.048530966
0.042656556
0.041535597
0.050169364
0.04954419
0.05070149
0.052409872
0.055090792
0.04447407
0.04326586
0.048785217
0.056980196
0.056581516
0.04987655
0.04978938
0.04264161
0.052812096
0.051020324
0.051227197
0.05401277
0.052832756
0.056738764
0.049792036
0.05558408
0.041630503
0.048038367
0.050067782
0.05251716
0.0447831
0.055083364
0.039822288
0.054632556
0.054288566
0.05416169
0.043595016
0.04015362
0.05324431
0.04519403
0.051025108
0.05194328
0.053783264
0.042547636
0.057162903
0.046858724
0.042328384
0.051206253
0.044327386
0.052721355
0.040658124
0.044211876
0.04502813
0.05216002
0.057748146
0.047277376
0.048389643
0.057423938
0.056054194
0.051917825
0.04509226
0.054460093
0.049638942
0.0493291
0.049318716
0.045817852
0.0488699
0.058062453
0.05719478
0.054334488
0.05161078
0.0516759
0.046320707
0.05380483
0.054766364
0.04981982
0.04562424
0.054624297
0.041342247
0.046202973
0.04683472
0.03292574
0.048629623
0.04599714
0.047671083
0.045383543
0.057811394
0.05197835
0.04739592
0.042704076
0.057210084
0.05766093
0.058541376
0.05655059
0.039478254
0.05918059
0.052382704
0.052410692
0.050062288
0.049228773
0.048301928
0.05061082
0.0457713
0.05504787
0.04552629
0.04632327
0.05150048
0.04667932
0.043639388
0.053880323
0.0503297
0.04655091
0.04176118
0.030243028
0.05682597
0.053506337
0.042425327
0.05110049
0.05353951
0.04343584
0.059325576
0.053340785
0.05880863
0.049279384
0.046435583
0.051028233
0.04280667
0.043149598
0.043559417
0.05081996
0.06534602
0.059423327
0.05904321
0.039744917
0.028555432
0.052221753
0.04325521
0.03751982
0.04712993
0.048300073
0.05071944
0.043065224
0.055555098
0.049845666
0.03977567
0.052182995
0.046945456
0.050792225
0.052265678
0.053650487
0.05061249
0.043184098
0.053640246
0.045187186
0.036591828
0.043268677
0.039050616
0.040318184
0.048364136
0.039842602
0.048007004
0.045224685
0.04211249
0.052269157
0.03235385
0.043322813
0.04806534
0.062588535
0.046636537
0.051661726
0.04400296
0.037292127
0.04765189
0.044097304
0.04338083
0.045079395
0.051837515
0.04892979
0.052587572
0.05770954
0.044439957
0.043790076
0.046426404
0.056822065
0.05354208
0.034995165
0.05667914
0.062839195
0.03956159
0.05920894
0.060692407
0.052944154
0.047978833
0.0517931
0.044957116
0.05598053
0.04611089
0.054495584
0.04601461
0.049443144
0.05092253
0.035540953
0.044284314
0.050768692
0.050799232
0.055321854
0.055226073
0.0493942
0.045118
0.052620664
0.052816804
0.05084727
0.03444829
0.04746227
0.05278042
0.042378698
0.03562309
0.051876925
0.030472247
0.053003512
0.047352873
0.04745685
0.043562997
0.050908994
0.058172323
0.047275905
0.056960195
0.059078027
0.056113437
0.049657673
0.049704116
0.055068616
0.04157259
0.05293246
0.051254794
0.05405496
0.064003296
0.05803173
0.045776468
0.048124824
0.05608335
0.057113953
0.047631416
0.042503413
0.04293897
0.04700279
0.042691506
0.054039117
0.04338778
0.054876
0.050343793
0.049428638
0.052562233
0.052729387
0.03829004
0.049790353
0.0504402
0.05906298
0.04977314
0.049207605
0.0399443
0.054635502
0.04906684
0.04222247
0.050706178
0.052388936
0.044867765
0.04289361
0.04831949
0.055465676
0.056124415
0.05228673
0.04962565
0.047323648
0.05241021
0.0515093
0.037300922
0.039303016
0.04573163
0.047361597
0.044894118
0.054596268
0.04032659
0.03035892
0.056636963
0.05490532
0.039158344
0.044785164
0.053042572
0.05360012
0.040663872
0.05355203
0.04406494
0.055271965
0.050578326
0.052099485
0.052046172
0.05083779
0.05346363
0.04039731
0.050366297
0.054666094
0.04529972
0.044750337
0.043397713
0.04939108
0.05373304
0.057243794
0.05475744
0.04355828
0.04377471
0.05027582
0.052996613
0.036835544
0.05008225
0.048652403
0.055086136
0.052513923
0.051822957
0.05068833
0.05754038
0.045943096
0.05294168
0.06361963
0.057281204
0.049483817
0.059256073
0.04986638
0.050158497
0.054238614
0.052176617
0.048887033
0.049002472
0.046357386
0.049648866
0.056429796
0.0533468
0.045713704
0.042365506
0.0378658
0.052759513
0.045028247
0.04062111
0.056446567
0.05244967
0.0432959
0.048863184
0.03870946
0.05186173
0.043102823
0.038886447
0.04914692
0.038937382
0.06071424
0.04778437
0.03735247
0.0569707
0.041557956
0.05304859
0.052349098
0.045169145
0.05211238
0.047865693
0.047015063
0.055668324
0.04515833
0.048880223
0.038695864
0.045087006
0.05454045
0.046539072
0.046459503
0.053870954
0.057019025
0.049313996
0.046796236
0.058465965
0.04697247
0.04694674
0.037057765
0.054354668
0.04629772
0.04636478
0.05074458
0.044462923
0.065749936
0.055807725
0.040453732
0.050766412
0.050305158
0.052535318
0.054069545
0.03694547
0.0439562
0.045591597
0.046647824
0.049736828
0.051633835
0.063059464
0.04860842
0.05026385
0.04339924
0.04106731
0.044541746
0.052289736
0.051942606
0.040877882
0.047111094
0.043734528
0.049200073
0.04475025
0.05069639
0.04374246
0.043801457
0.04047894
0.042414755
0.041261677
0.054325666
0.05528393
0.039533827
0.052705865
0.05374698
0.0435296
0.047831707
0.0579079
0.042879038
0.054433454
0.04401106
0.04288064
0.055935554
0.037425946
0.046956394
0.047312535
0.042281125
0.04803376
0.044745434
0.047534358
0.04134947
0.049874965
0.05092031
0.05581084
0.05146798
0.046298612
0.047449823
0.04919819
0.04634435
0.053088836
0.04512145
0.06412079
0.053265095
0.044249028
0.04816569
0.049090754
0.06106355
0.046485055
0.05363213
0.043865014
0.04374995
0.04395657
0.043249886
0.0465974
0.052325733
0.05137965
0.06404321
0.047822956
0.049488038
0.056231182
0.039811548
0.046205126
0.045305613
0.041537944
0.044714127
0.051951323
0.041514486
0.05487908
0.059381764
0.03995631
0.04924014
0.054235976
0.03656684
0.0522213
0.04301567
0.05008825
0.04978158
0.050615326
0.04601618
0.04649565
0.049807392
0.05829282
0.054390255
0.058779985
0.04250537
0.06075885
0.056322556
0.060958754
0.041389007
0.046326067
0.044048257
0.049865503
0.045717426
0.042314626
0.034684084
0.048266318
0.04248529
0.047558773
0.03784386
0.054960508
0.056984115
0.0565279
0.050682098
0.04007753
0.055155493
0.044983033
0.053974688
0.042808704
0.046743844
0.04619952
0.056774963
0.03921265
0.0431412
0.064583175
0.046166554
0.05372335
0.049460374
0.05542361
0.038624693
0.049454525
0.04832471
0.04703124
0.041944176
0.029394109
0.04503083
0.04240621
0.0440775
0.04668089
0.05115119
0.043724444
0.051795032
0.049004335
0.048668418
0.055064738
0.043940805
0.032786027
0.05875037
0.051326446
0.052663203
0.044724092
0.03507211
0.04936802
0.036791105
0.057420127
0.052725267
0.041726694
0.0687469
0.045023713
0.0522741
0.038111378
0.050761823
0.055147495
0.0423199
0.055389483
0.04821829
0.043076962
0.037964072
0.044546757
0.044015035
0.052767277
0.050333843
0.053986546
0.052838422
0.054236535
0.057122752
0.06093922
0.050542526
0.04835734
0.056098342
0.051000122
0.054193396
0.051678773
0.06292566
0.049050048
0.04967244
0.035161678
0.048589535
0.049099345
0.044047058
0.05070644
0.045158222
0.051278748
0.041941594
0.051753353
0.041580133
0.055349465
0.044715982
0.038396653
0.04705606
0.044535574
0.049177185
0.050781917
0.052832406
0.04492185
0.040690117
0.038871754
0.05290557
0.046900496
0.047510747
0.050612655
0.05453876
0.053369537
0.058261238
0.04172074
0.039068215
0.059242167
0.052653905
0.057589073
0.04541123
0.044607986
0.050634023
0.041495614
0.062353633
0.057082087
0.04965743
0.042501654
0.058396887
0.05912962
0.04472351
0.044034217
0.056264292
0.047476247
0.05231282
0.06504831
0.055175517
0.055563126
0.03800751
0.047865845
0.052587464
0.046951417
0.053650603
0.050987825
0.047338232
0.037583087
0.055606235
0.035557546
0.047451645
0.042315833
0.048157137
0.044189364
0.048248786
0.0543108
0.047705863
0.042467345
0.052986674
0.049165905
0.064169645
0.042828377
0.04387162
0.046561748
0.05234478
0.052768037
0.05313564
0.056577463
0.040477157
0.06149767
0.05430071
0.04694851
0.04162359
0.054370858
0.04229693
0.04623331
0.060101856
0.04647263
0.041857064
0.060921118
0.043573458
0.04517404
0.046699252
0.041583773
0.058265395
0.052403837
0.06640865
0.04566508
0.045174517
0.028199997
0.050190207
0.04863422
0.05092586
0.056553002
0.04100732
0.045928944
0.05168986
0.04937577
0.03814326
0.054028627
0.062327538
0.049652662
0.06705695
0.04935962
0.043946292
0.044224482
0.050058026
0.04700308
0.043648727
0.05336211
0.054631528
0.06209151
0.05539313
0.047147293
0.05764131
0.04388406
0.044986807
0.045315675
0.04185156
0.03854472
0.03883517
0.04937357
0.051827837
0.038793664
0.051380202
0.04854588
0.05812258
0.044379484
0.056867708
0.053821515
0.04731687
0.054629236
0.03973167
0.035587363
0.042184815
0.052133426
0.06055223
0.055074923
0.04961613
0.04369203
0.040903963
0.06339777
0.055883422
0.05061194
0.053921122
0.051153272
0.05790828
0.06500351
0.054881275
0.05578579
0.057188876
0.044461153
0.046341974
0.040099308
0.053914264
0.049556963
0.04202092
0.059763886
0.052034598
0.038365692
0.039575726
0.044033244
0.047698904
0.035240624
0.042392567
0.05041841
0.038816407
0.046480946
0.04474596
0.04858115
0.053503033
0.04465529
0.04478091
0.04687989
0.0444929
0.048501357
0.056267865
0.041409157
0.04331335
0.04603184
0.058369078
0.05859507
0.051871795
0.039846133
0.03909869
0.055750683
0.04181565
0.05948953
0.049500376
0.040525675
0.056531616
0.054580677
0.035207044
0.04162466
0.050077777
0.053034097
0.050273795
0.046581946
0.049196307
0.046734605
0.048504297
0.040564228
0.07062635
0.046502523
0.04205421
0.045435376
0.05653902
0.044645578
0.049256276
0.048699353
0.061749473
0.046873953
0.048712153
0.042567585
0.05333727
0.051553134
0.050582822
0.04290702
0.059571154
0.047849484
0.049271353
0.061607394
0.040384866
0.05432326
0.044979047
0.044465136
0.052493516
0.045649137
0.05046783
0.053357825
0.049733162
0.05159783
0.060255535
0.04406409
0.06474869
0.044447925
0.046287533
0.05178628
0.04724759
0.047721636
0.04415251
0.039007436
0.059314813
0.05350451
0.054117102
0.04067978
0.04871844
0.04657233
0.049179778
0.048915256
0.04420929
0.044109613
0.058269236
0.056944836
0.05389803
0.044747718
0.055277128
0.04694676
0.052061006
0.03615075
0.049232766
0.049623486
0.063142106
0.0423002
0.059812076
0.04402115
0.050714057
0.055216182
0.056307223
0.06245008
0.060318314
0.042833444
0.052288838
0.052233506
0.049727116
0.049261328
0.04355335
0.056666248
0.049336974
0.042790107
0.050238788
0.0496464
0.050617997
0.054904047
0.045948964
0.047088128
0.039746232
0.04709346
0.051898412
0.04559317
0.05944233
0.042764053
0.049803913
0.046966728
0.06609861
0.039254
0.05029251
0.053873114
0.045865208
0.04308391
0.05550109
0.052305173
0.055271342
0.05868774
0.058897782
0.04519808
0.05522626
0.05346082
0.046438713
0.042897668
0.05979341
0.039897546
0.04104532
0.041501738
0.058105163
0.04401462
0.046640884
0.046792813
0.035854306
0.040058438
0.046531536
0.044122256
0.0486246
0.047571056
0.03266248
0.04853607
0.031485163
0.04597696
0.05507801
0.047105696
0.050950374
0.050914567
0.047378775
0.044117842
0.038867347
0.04933699
0.04398386
0.051939234
0.04060768
0.041558497
0.051781643
0.04913434
0.06053031
0.04305233
0.045589417
0.05555457
0.049646918
0.051448092
0.055255778
0.037478395
0.049264945
0.050743867
0.053394496
0.056831576
0.037400298
0.051749248
0.045398854
0.053959496
0.04501734
0.053162176
0.041339234
0.038000476
0.027904378
0.056467008
0.042510707
0.046098627
0.053602416
0.060663715
0.04555675
0.048554234
0.051242847
0.04332556
0.045194894
0.04956354
0.04639398
0.044448
0.052702557
0.06018891
0.042105153
0.045796826
0.05339672
0.04449388
0.043419056
0.06991455
0.052363586
0.03953231
0.0443222
0.056940794
0.049269233
0.04377839
0.036870357
0.043410525
0.044151183
0.048245706
0.060584895
0.050740097
0.04119751
0.058231983
0.04454955
0.042197082
0.040347654
0.052624956
0.03775434
0.055712115
0.046443824
0.05187539
0.050908998
0.058912672
0.05172501
0.042781997
0.04499756
0.051646605
0.047826983
0.06334008
0.04591329
0.049131416
0.04712848
0.055199414
0.0400005
0.061146196
0.04619993
0.04474943
0.05520124
0.03785584
0.038470384
0.054694608
0.055128105
0.042084046
0.050960053
0.04832219
0.050653886
0.060807727
0.039362144
0.04964862
0.0463091
0.041945104
0.049049683
0.043290306
0.04391322
0.055442214
0.04990227
0.05360791
0.050862703
0.051070187
0.05110557
0.049306057
0.053532857
0.050987784
0.042331353
0.054320376
0.04624384
0.053080898
0.045466766
0.03944275
0.052539524
0.045377903
0.037333395
0.0530187
0.043000314
0.04590743
0.056072127
0.05197633
0.042620424
0.046226937
0.050202917
0.047228836
0.05253425
0.045446333
0.043558165
0.054125544
0.043608528
0.04239358
0.047026724
0.05398178
0.044732332
0.05965041
0.047950007
0.04225379
0.05199975
0.041667875
0.043119557
0.049582846
0.04012757
0.046372853
0.041012976
0.054645196
0.035952333
0.045134913
0.04804004
0.053427823
0.04682882
0.04255766
0.050023183
0.040442683
0.03552631
0.046807695
0.05652369
0.04630087
0.032634
0.055132244
0.046687525
0.049580585
0.044812437
0.05329975
0.051903978
0.046636432
0.04934656
0.047286887
0.04421782
0.05656638
0.054971047
0.04610395
0.0540868
0.0458148
0.050153263
0.045626592
0.04683145
0.051232077
0.046593484
0.045371953
0.061199456
0.042623777
0.059851687
0.05521246
0.059111927
0.0619044
0.050424773
0.049392164
0.056920618
0.05157353
0.04298186
0.05171458
0.053346414
0.04283783
0.045131456
0.040390298
0.058801766
0.057867788
0.036932956
0.041240096
0.04684734
0.037050877
0.049528357
0.049342677
0.052345898
0.051086474
0.0500032
0.050433725
0.04447731
0.039019383
0.046590723
0.055213384
0.05357059
0.053641632
0.05818644
0.040905196
0.042462975
0.042720836
0.048877146
0.061507203
0.04994987
0.059749402
0.048237965
0.05993754
0.061570056
0.05151148
0.041229587
0.046015937
0.05026981
0.05002947
0.046161048
0.050623387
0.04977137
0.04709835
0.060820818
0.04086451
0.050552204
0.054772645
0.05829777
0.0485321
0.05141037
0.04132456
0.056296833
0.06036457
0.04847228
0.03454403
0.05290188
0.041857842
0.03620611
0.05509261
0.045010485
0.05192004
0.05250692
0.043410923
0.053448793
0.047755923
0.04487462
0.050180044
0.05240424
0.05113499
0.030948486
0.051527694
0.05357646
0.03585027
0.05191769
0.052293908
0.045341942
0.052690983
0.04346422
0.032249387
0.052277908
0.04242819
0.047955774
0.048465896
0.049123216
0.045495976
0.051830605
0.053211708
0.05415882
0.052662496
0.04692229
0.047536373
0.044719916
0.05297773
0.047711197
0.05451708
0.051170237
0.053700715
0.037330233
0.050745398
0.045797937
0.0427889
0.045894153
0.048128583
0.04862327
0.04464748
0.04284026
0.045224532
0.05014243
0.062137753
0.040401354
0.043017674
0.03808508
0.052046698
0.0456449
0.04572133
0.03898647
0.046593457
0.04876417
0.054540496
0.039017178
0.05081892
0.06013386
0.045228805
0.05721992
0.046870533
0.041148994
0.044961423
0.035058398
0.031300604
0.045582507
0.04821575
0.04725419
0.03791412
0.04796725
0.044206418
0.04938447
0.041561782
0.059632335
0.04587578
0.041679904
0.040185228
0.048838433
0.05065639
0.042673886
0.04845888
0.046791766
0.052260853
0.041841626
0.05425362
0.03963224
0.04965664
0.06099583
0.04472764
0.04105911
0.06884971
0.05779798
0.045077186
0.04964706
0.05452557
0.04521112
0.05490715
0.035989393
0.038379967
0.043077655
0.04397249
0.036769867
0.039754543
0.047332346
0.04616054
0.055594224
0.05332758
0.04811027
0.042919796
0.04215854
0.04044049
0.046611615
0.043379847
0.047089864
0.04780979
0.04275372
0.05025955
0.051218044
0.041232765
0.06523088
0.043878026
0.0513158
0.049088307
0.04012354
0.035687294
0.04948172
0.059997924
0.05491681
0.050799325
0.050866965
0.05546575
0.049927548
0.050603002
0.02982275
0.05908666
0.045575824
0.04447517
0.039950117
0.044598486
0.03815221
0.04219063
0.048169922
0.05328072
0.045437526
0.04602269
0.050665945
0.03566139
0.04887987
0.037506223
0.046438843
0.04418353
0.046739966
0.03949159
0.049094934
0.0424675
0.047611408
0.03320244
0.049713384
0.04946617
0.038225926
0.041191638
0.04036405
0.045097217
0.045444116
0.052508533
0.057291675
0.05386248
0.048407435
0.06140295
0.053216536
0.043080565
0.03506338
0.04591133
0.046887018
0.044626463
0.062193725
0.04431538
0.038078163
0.042821083
0.054849193
0.048696417
0.04770602
0.05345107
0.05186521
0.046791777
0.04560952
0.047074705
0.04570871
0.04294211
0.051315404
0.0550745
0.049110375
0.053488288
0.038319524
0.057692084
0.04230229
0.041297607
0.045584545
0.041362096
0.046164185
0.049749155
0.045842867
0.04993629
0.04196644
0.06156977
0.03928338
0.043573897
0.049666077
0.053097624
0.05119982
0.040359687
0.04593379
0.057563897
0.04893173
0.046428572
0.036511257
0.037671946
0.046313487
0.04420066
0.048572667
0.0516043
0.04685616
0.045143068
0.044639282
0.041475423
0.050960287
0.040803194
0.033799794
0.045341544
0.0499241
0.056181647
0.046418156
0.05063048
0.05236892
0.047766205
0.05084301
0.046286527
0.039451383
0.030804044
0.050048575
0.043060932
0.044635486
0.046802714
0.045924142
0.05380537
0.043295607
0.042780366
0.04737184
0.046512254
0.048653256
0.049693484
0.037441988
0.04373101
0.037490737
0.047691785
0.049587592
0.035620324
0.048402898
0.059719544
0.05146152
0.0406125
0.05025323
0.054756228
0.04438177
0.05161735
0.052793067
0.04934509
0.03607366
0.05103362
0.04543
0.05632789
0.040689867
0.045351587
0.058245674
0.04946443
0.043267943
0.0529399
0.047880907
0.052699104
0.03910726
0.041532468
0.039908912
0.043787748
0.044046886
0.041903146
0.0442416
0.054504663
0.05237544
0.039578408
0.047518265
0.034824036
0.04656681
0.04357021
0.049087796
0.049894456
0.048089
0.060129814
0.04540003
0.042762686
0.049356394
0.03971592
0.043096047
0.062767565
0.05474331
0.05263404
0.047686826
0.044818692
0.05625794
0.058410373
0.0377893
0.054221574
0.049413916
0.045845464
0.050876822
0.042282768
0.045967948
0.047212057
0.051246032
0.038844515
0.050906207
0.047753923
0.03878451
0.039303124
0.04912838
0.044000104
0.032083467
0.04162378
0.0388057
0.04965568
0.049892116
0.041901615
0.05846485
0.048139952
0.0386611
0.051344816
0.04872998
0.03696921
0.042926528
0.0459684
0.043188784
0.050771955
0.047246497
0.045702387
0.036554027
0.0540819
0.050190985
0.05369564
0.04302049
0.040056325
0.047614474
0.05376599
0.05335125
0.03540574
0.04366946
0.041800417
0.047784943
0.049272224
0.0467463
0.041354205
0.045776132
0.0427229
0.050877806
0.036394496
0.041290093
0.032968823
0.033826973
0.04274861
0.045515526
0.04314382
0.049239334
0.032730244
0.051540907
0.048292115
0.03292216
0.03693746
0.05566849
0.033075646
0.051114373
0.039472446
0.049723715
0.034392502
0.052485563
0.04299389
0.04250088
0.037140846
0.0434964
0.039803
0.044612274
0.045472033
0.04400602
0.04861315
0.039238688
0.047401223
0.057090215
0.030765185
0.044529364
0.049597427
0.058624268
0.054778006
0.041978274
0.052089565
0.0455601
0.047776952
0.052028187
0.033099163
0.04767561
0.043399315
0.04402429
0.051251724
0.045331128
0.046289694
0.034746304
0.057941172
0.041500792
0.039647546
0.049998134
0.044553336
0.051216953
0.042641703
0.045884203
0.04357436
0.054722082
0.046760924
0.046472892
0.05047055
0.046941627
0.05154824
0.035810933
0.051333446
0.044742487
0.03803929
0.043972902
0.03858405
0.056029104
0.057326812
0.041583214
0.04844301
0.039207924
0.041871134
0.049925815
0.04136905
0.04166848
0.036575273
0.047088496
0.05352847
0.046891555
0.049404174
0.04368308
0.043628633
0.05499404
0.04717455
0.03685908
0.0401478
0.04040251
0.039979942
0.04297008
0.04642605
0.054237366
0.047480635
0.037093908
0.038630307
0.03960623
0.045098692
0.044770896
0.037485313
0.042251803
0.046365004
0.044626173
0.041060835
0.05167056
0.049720176
0.044384588
0.034448665
0.045877192
0.04173582
0.050866306
0.03693137
0.053609326
0.048952285
0.051247288
0.03586342
0.03824352
0.04887483
0.043647513
0.0416745
0.049133386
0.038378574
0.054243434
0.05029204
0.03907624
0.0548778
0.0469013
0.047385313
0.04584225
0.040056333
0.052378286
0.042620137
0.04543657
0.043503836
0.04247819
0.047767136
0.042620793
0.05675583
0.04579613
0.04708838
0.048148196
0.04787041
0.05396501
0.032934133
0.04458586
0.04355764
0.0497888
0.04964542
0.037342574
0.050188538
0.040438715
0.046200346
0.039779484
0.04283509
0.048741657
0.050141938
0.049346052
0.045266785
0.051996555
0.035387293
0.041111797
0.049579483
0.038614172
0.045133803
0.043204118
0.045495175
0.0390128
0.041892637
0.037599385
0.0532724
0.04750702
0.04987561
0.055861365
0.043401245
0.050741475
0.042971153
0.04219208
0.04386091
0.036317453
0.048657496
0.048107643
0.048522785
0.045757376
0.041506324
0.047818452
0.036683213
0.04032816
0.0465528
0.03721757
0.037011445
0.039506607
0.05390645
0.03169391
0.04338068
0.0429319
0.043157768
0.053411808
0.051193908
0.044810355
0.05084562
0.052769594
0.05361519
0.051632337
0.040707476
0.041744985
0.04809735
0.046712913
0.046818115
0.0400839
0.0430923
0.053419217
0.048260517
0.046876967
0.044941537
0.04738418
0.051853523
0.053533975
0.045512296
0.04672471
0.0319233
0.052594878
0.05465172
0.041360904
0.0516737
0.04590964
0.04686034
0.0440747
0.059823405
0.052467298
0.042191666
0.050608832
0.05119473
0.037185747
0.037519753
0.03388148
0.053934366
0.037936978
0.053731333
0.05113642
0.056436997
0.03779888
0.05365855
0.046538413
0.04446343
0.05473343
0.04958732
0.04881939
0.037634563
0.04789168
0.042816546
0.03853618
0.042436887
0.049681716
0.046930224
0.044450074
0.049960714
0.04794088
0.04231797
0.04647984
0.051601365
0.05591386
0.042470444
0.054188665
0.04331873
0.041729122
0.04147726
0.056615766
0.05485331
0.039977293
0.037724182
0.04997155
0.040146824
0.039429825
0.03453189
0.05704481
0.045706
0.032335278
0.041814063
0.050728247
0.04665046
0.04884784
0.042618226
0.04988795
0.05011041
0.03848755
0.04891209
0.05213087
0.040848542
0.035352506
0.06212776
0.04255431
0.036182765
0.04816779
0.05772278
0.05874291
0.04572833
0.05296051
0.04411621
0.047539297
0.037841585
0.04965937
0.04496661
0.045804515
0.044601426
0.044702798
0.055176407
0.04532935
0.035593987
0.053734895
0.049771532
0.050430816
0.043022346
0.0401997
0.04649605
0.053820588
0.04491946
0.042406708
0.038680967
0.042025607
0.042106826
0.050920982
0.04640277
0.039407115
0.04264738
0.055691656
0.056346957
0.04297018
0.04437804
0.052841775
0.044345986
0.055354603
0.041267745
0.039970826
0.043486815
0.049996335
