42237.18
58172.08
40297.133
17012.973
10994.93
7802.95
6064.477
4914.169
4009.959
3326.1292
2836.4893
2447.819
2105.7742
1817.2764
1625.1509
1402.7115
1230.0577
1048.7532
892.96533
778.5171
660.627
556.5519
475.44
409.9713
344.5374
274.83328
235.2806
187.10019
165.72372
131.17143
112.54115
85.06975
69.229065
54.44502
43.77819
31.528685
25.417871
19.30016
13.054298
10.431568
9.215511
5.1229587
4.2236996
2.5959828
1.676296
0.5772038
0.7434587
0.47326493
0.735643
0.9607426
1.3975583
1.5611707
1.7132399
2.2930748
2.3460827
2.4586096
2.5065732
3.5585365
3.582896
3.614665
3.7572303
3.1225843
3.8507633
3.9206796
3.6348739
3.477633
3.2291107
3.153506
2.8562536
2.9297352
2.465928
1.8094532
1.9919584
1.7644696
1.7930565
1.3706969
0.76661694
1.3309546
1.103372
1.0469217
0.33971107
1.269279
1.4524195
1.0298603
1.0227107
0.8941505
0.5195211
1.0282185
0.9024878
1.2070265
0.9649736
0.4223198
1.0271204
0.45479742
0.43092498
0.7229453
0.51471096
0.8275683
1.4767622
0.41739067
0.93793267
0.5888055
0.37985194
0.777999
0.5473518
0.789919
0.35614556
0.64378846
0.73226744
0.9948035
0.5164845
0.6440997
0.3231511
0.53181326
0.74301976
0.80297446
0.8309252
0.5058209
0.5192071
0.5787576
0.4077328
0.40843984
0.38942257
0.6538028
0.37900522
0.5982005
0.4658574
0.6520474
0.54315376
0.54444456
0.65211093
0.48669285
0.46922085
0.47409216
1.1132596
0.4881334
0.47039622
0.8824406
0.4532458
0.5833401
0.56306684
0.33396688
0.41744223
0.7692726
0.9576178
0.4901406
0.6307149
0.65287775
0.6029768
0.8035611
0.3277702
0.2888782
0.27038032
0.3934595
0.4495113
0.3869555
0.48847896
0.60329825
0.32896706
0.53102684
0.63482296
0.34102127
0.44822362
0.26301333
0.51817346
0.3966959
0.84751993
0.5448198
0.429087
0.59834826
0.4881431
0.55356294
0.43412378
0.35627934
0.38003105
0.5554072
0.40750992
0.36429733
0.32961076
0.41676527
0.287684
0.3202803
0.5895842
0.22492558
0.4780503
0.4020745
0.3106972
0.27027687
0.3108955
0.32178712
0.6462397
0.35713395
0.5246312
0.4201735
0.30930638
0.2605245
0.8878083
0.28169784
0.6795841
0.39752668
0.2465857
0.39401883
0.27770686
0.7957681
0.37479532
0.3140012
0.24668458
0.5714891
0.43307072
0.24608657
0.47017226
0.41021413
0.19600417
0.7078689
0.64060915
0.8602243
0.3230908
0.5842398
0.14879227
0.45943025
0.30452418
0.41877532
0.2112972
0.23872933
0.48716828
0.6006653
0.36194232
0.1823904
0.46929246
0.064436816
0.5369434
0.41403195
0.3135078
0.5407333
0.5752329
0.28959525
0.2676691
0.34835893
0.38309008
0.49636856
0.2514539
0.19419684
0.56517893
0.34530056
0.44563633
0.51936513
0.30119666
0.5224566
0.5251152
0.27315614
0.41905826
0.4449919
0.3193227
0.29931232
0.2487147
0.2482067
0.21348548
0.26769704
0.5324431
0.36317194
0.27094135
0.25131512
0.21830869
0.36378333
0.6797604
0.66032153
0.37540317
0.27893057
0.22873469
0.5307878
0.46200046
0.24817178
0.29334924
0.28135642
0.33474237
0.34891185
0.47348788
0.43582267
0.2005677
0.31930143
0.18038116
0.20837824
0.21637213
0.30656993
0.5612319
0.47234702
0.18151246
0.27743286
0.2645118
0.21565501
0.2331531
0.327719
0.2844418
0.2642274
0.257104
0.48423
0.4158928
0.3367434
0.18222424
0.41397682
0.27575094
0.31202403
0.3074984
0.18030666
0.35916796
0.31848428
0.36553907
0.22492452
0.40680805
0.13380103
0.2337078
0.22858202
0.23684895
1.0321691
0.412962
0.09905308
0.32138783
0.44435003
0.3081724
0.38163608
0.3362065
0.23245724
0.20041895
0.26781616
0.28413507
0.2015421
0.20644768
0.22283278
0.20732069
0.27548575
0.45722234
0.29828936
0.3390302
0.08289641
0.20555389
0.28080913
0.48380166
0.28413928
0.35549217
0.22276087
0.32206494
0.42601115
0.32303977
0.29076418
0.38527697
0.19611247
0.36095935
0.39450645
0.40443915
0.25094947
0.18998882
0.2111097
0.4648937
0.3624192
0.15775111
0.24912609
0.35111973
0.21691251
0.193641
0.570856
0.29313034
0.32434025
0.3888627
0.5087597
0.37163287
0.23266375
0.2000954
0.21035434
0.25570467
0.30806097
0.3146259
0.37989497
0.25352976
0.33952847
0.27622032
0.2509588
0.30113333
0.33632302
0.22949745
0.20581892
0.28023553
0.73715043
0.39994654
0.32432002
0.26923448
0.5763661
0.40180185
0.3897908
0.27793062
0.2843189
0.30225223
0.41827515
0.16650526
0.23410538
0.18513295
0.18084206
0.2395602
0.26776424
0.2632392
0.20967361
0.2316283
0.11447729
0.3617095
0.34332952
0.2172887
0.258326
0.12252395
0.19211599
0.15856552
0.20253192
0.24777491
0.21745582
0.23029648
0.2483848
0.39822215
0.20049265
0.20863323
0.16698061
0.2766395
0.26921976
0.31470165
0.20320627
0.22976898
0.16567673
0.36510974
0.1847885
0.2699665
0.30431548
0.20907919
0.30577
0.205824
0.23480578
0.22662312
0.2882009
0.1717649
0.52658576
0.56493145
0.3263033
0.1920099
0.22947498
0.317445
0.19531502
0.30626395
0.14978337
0.33738235
0.24978228
0.2625027
0.24864773
0.28884336
0.45015985
0.41105497
0.22889255
0.3329866
0.11979468
0.2029964
0.20876865
0.32638204
0.33369943
0.15330262
0.035429623
0.28422457
0.13695554
0.14186692
0.29475707
0.18734546
0.39252177
0.29389843
0.26632684
0.29093167
0.27465847
0.17366073
0.15894319
0.19307789
0.17241165
0.21929662
0.12484406
0.21367037
0.15224819
0.3116174
0.306026
0.20105438
0.23000355
0.26528677
0.275737
0.2597477
0.20649734
0.13261853
0.16661282
0.38010722
0.26284114
0.29206118
0.23859148
0.30376738
0.28535593
0.17027408
0.25366932
0.2220388
0.2665202
0.31594697
0.23172627
0.25974306
0.20870443
0.3916317
0.21632981
0.36692926
0.19931361
0.27861762
0.2609762
0.1964472
0.22634052
0.5066932
0.1784476
0.2893967
0.06079598
0.16359742
0.25991696
0.31398743
0.30899128
0.1357184
0.14120366
0.07119414
0.24158347
0.24973394
0.20104453
0.071677536
0.23227014
0.22463666
0.22093403
0.394168
0.17548683
0.13335079
0.1758481
0.21526733
0.18240635
0.10640848
0.21112955
0.15269533
0.19429561
0.31051287
0.37363747
0.19658642
0.23712267
0.15826674
0.17262955
0.14460778
0.20124145
0.16485487
0.31711012
0.1020377
0.22007719
0.21086861
0.36261836
0.26151046
0.38924977
0.1978771
0.27073824
0.18884279
0.1702272
0.1400869
0.2339205
0.2836346
0.2788355
0.12507679
0.1570613
0.15842503
0.2787221
0.19655631
0.0652598
0.2287222
0.19068089
0.28304258
0.33316445
0.17021146
0.1584817
0.15679073
0.1543298
0.35203305
0.2029045
0.13334216
0.1496777
0.21348289
0.11916396
0.18534526
0.2709594
0.1900044
0.32876906
0.19340342
0.2178726
0.114347175
0.25203183
0.21862656
0.09559958
0.25669983
0.22839378
0.1605485
0.31350386
0.2139293
0.11270456
0.22732234
0.15805939
0.14814994
0.16938393
0.24537143
0.16413082
0.2167181
0.11016959
0.252678
0.20501871
0.12491464
0.19498768
0.2243042
0.17678238
0.1513105
0.14187601
0.4968836
0.34689444
0.17408371
0.24597049
0.19659351
0.29771543
0.28746817
0.14601387
0.1346415
0.15622945
0.15863991
0.16251674
0.06650476
0.1856521
0.20299129
0.14502685
0.25979707
0.13095768
0.13507773
0.19064555
0.2756047
0.1845827
0.14707169
0.1880084
0.1916067
0.1283975
0.09380571
0.1677074
0.19451356
0.24723133
0.24923502
0.15714583
0.1608855
0.14674601
0.14884177
0.43398318
0.34858105
0.23564251
0.15579551
0.057650015
0.19224602
0.22295114
0.16522785
0.20176992
0.18844283
0.19007787
0.23821646
0.10987605
0.2384601
0.11603106
0.084047064
0.23098698
0.101115145
0.112723924
0.14759664
0.312398
0.11916424
0.120599814
0.15152496
0.15275042
0.20623784
0.15688483
0.20490757
0.10754392
0.18719922
0.14477456
0.16707705
0.046516705
0.09629839
0.09896086
0.15364902
0.16353212
0.4243112
0.12201687
0.11618299
0.17038113
0.2046397
0.19184646
0.16098173
0.20235895
0.1501506
0.1537593
0.24788843
0.19541632
0.12468013
0.30207428
0.15487431
0.17825024
0.16706862
0.25981036
0.19294141
0.17038572
0.108394824
0.35279548
0.2594335
0.16064277
0.12981424
0.21672858
0.09915328
0.11530071
0.18118747
0.13792269
0.18255879
0.17605251
0.15456866
0.20702036
0.26404762
0.15479632
0.20195368
0.17489927
0.15227282
0.21526834
0.14332707
0.25818852
0.0768277
0.11923126
0.15366751
0.22406106
0.19164641
0.23690856
0.14315934
0.16077608
0.061773438
0.12390143
0.08643216
0.21022725
0.22072442
0.41344827
0.1913202
0.12341765
0.19491068
0.31722885
0.09631402
0.14569667
0.13925095
0.15979712
0.12631962
0.13750707
0.21480979
0.25303087
0.12931822
0.112019375
0.17762119
0.071750075
0.14903456
0.11692903
0.1600734
0.2535367
0.11226367
0.21922922
0.21964851
0.12573011
0.08685464
0.06658664
0.20115547
0.13567394
0.1856808
0.10205585
0.22522542
0.10817586
0.10239779
0.08245379
0.15413825
0.16725782
0.21123454
0.1183081
0.17380373
0.11045058
0.24245515
0.14805526
0.10327876
0.17385085
0.066456854
0.09687814
0.072778426
0.0007749294
0.20586102
0.12668546
0.15053043
0.2538289
0.12540437
0.24371225
0.26756948
0.12387283
0.14503339
0.055295486
0.21472076
0.12764625
0.11401886
0.17810477
0.16855136
0.2436924
0.1716288
0.09718121
0.10650267
0.16504778
0.1927065
0.089298815
0.09806327
0.092899695
0.14728394
0.14211552
0.114990056
0.103239566
0.21757498
0.12906769
0.088454194
0.20597269
0.106352516
0.055139236
0.18665318
0.1641915
0.22346848
0.14252177
0.1429371
0.0372742
0.119896755
0.11638683
0.050368983
0.16697113
0.20524089
0.12531729
0.23983169
0.1737385
0.14202638
0.15343963
0.14714843
0.13948016
0.16220164
0.12212927
0.2478755
0.09920931
0.027050339
0.080764614
0.068487205
0.078082204
0.089812204
0.12438562
0.08096813
0.1442682
0.05103193
0.17770816
0.19345553
0.13340756
0.1341114
0.09047932
0.078858525
0.23570675
0.07981563
0.14947411
0.1803841
0.06750847
0.1208942
0.15682705
0.15966089
0.32083374
0.15353866
0.08648542
0.14447547
0.17597403
0.079464704
0.17106038
0.20945922
0.17678472
0.10212061
0.15697831
0.20110267
0.086825
0.1604173
0.111763895
0.12122303
0.049354475
0.089433804
0.12095527
0.17199229
0.20273036
0.20483969
0.0720843
0.09351389
0.10442527
0.14655998
0.090821356
0.11980938
0.16139746
0.16155648
0.07830768
0.11044333
0.16166626
0.119066
0.112020716
0.05068651
0.10773108
0.10984967
0.11274806
0.04818627
0.1312933
0.072884694
0.17706917
0.030777704
0.1349321
0.10692076
0.069445044
0.14419727
0.11093404
0.13631235
0.15258047
0.07369555
0.14362966
0.12356513
0.1621036
0.1720018
0.1608639
0.109256685
0.087628186
0.08654349
0.088816196
0.077395104
0.0880479
0.07864022
0.10663321
0.12497145
0.18863744
0.1339548
0.0953058
-0.00044114166
0.084516354
0.12134132
0.13592324
0.070278585
0.16842501
0.04337422
0.13602287
0.084112346
0.14684829
0.15833238
0.16022052
0.14508352
0.14316465
0.053266652
0.19069183
0.10258852
0.14434598
0.15502946
0.049424026
0.14928238
0.04516814
0.15165494
0.10022551
0.1227808
0.17955919
0.17825821
0.13940895
0.022329293
0.0789878
0.06949439
0.15192105
0.14399919
0.09985975
0.072643645
0.04058799
0.09682002
0.065015405
0.033190183
0.11239003
0.058713563
0.21078697
0.11617862
0.075888455
0.13658379
0.029525602
0.029647365
0.059769277
0.08378953
0.14222941
0.10694541
0.17122912
0.091220886
0.08679196
0.13791372
0.11351083
0.051416032
0.08311748
0.10024233
0.15912631
0.15141508
0.06671594
0.13619882
0.06493582
0.22884418
0.13795602
0.074616514
0.16294108
0.07271439
0.06343754
0.032387048
0.086116634
0.11198153
0.1404958
0.07174827
0.118718475
0.10373269
0.04272359
0.055018358
0.11205357
0.08383737
0.15933563
0.12051058
0.056381848
0.023399547
0.064592995
0.0685672
0.09717948
0.07284979
0.057887007
0.029961243
0.17858061
0.09811223
0.06855709
0.055319153
0.04479347
0.08802192
0.032608923
-0.035026588
0.17149952
0.05168364
0.059171908
0.0831209
0.080127865
0.05090295
0.065561414
0.04114099
0.117782585
0.11307371
0.023539469
0.122226164
0.032805882
0.16473782
0.115987726
0.027713863
0.108592264
0.115516484
0.018651057
0.07084816
0.033974804
0.08717705
0.068763584
0.10453023
0.05433922
0.10801209
0.10368316
0.03356426
0.023510708
0.037068963
0.14030528
0.061304137
0.035981964
0.07871507
0.08055492
0.13051337
0.037456907
0.10111985
0.03720283
0.039271995
0.07700692
0.097082734
0.07447672
0.022407493
0.10134511
0.21717285
0.044854295
0.04250987
0.034591056
0.1603449
0.087210245
0.15266661
0.02446312
0.07334916
0.08335022
0.07678592
0.03268428
0.039147887
0.040827822
0.013539559
-0.0152365435
0.08242847
0.017962756
0.04383727
0.051507536
0.007428621
0.07615503
0.061468933
0.07570662
0.022760076
0.062133007
0.036728486
-0.02628488
0.035039246
-0.02849821
0.07135893
0.21492432
0.028869877
0.09320442
0.034152463
0.0628532
0.03964419
0.10461916
0.056127265
0.06880059
0.3413491
0.08149999
0.0037765794
0.07510192
-0.045902915
0.09741281
0.09949981
0.092264324
0.00048926566
0.016777517
0.022675296
0.049958646
0.046876762
0.04332333
-0.041710284
0.095149115
0.083463825
0.014874812
0.09680742
0.025691118
0.010248342
0.01642187
0.09811686
0.16150731
0.00628956
0.085678495
-0.037614558
0.14955176
0.11267732
0.058253177
-0.007881937
0.114066586
-0.0009640374
0.07452816
0.04138928
0.029348008
0.011225076
0.060535584
0.071791135
-0.042945247
0.02610926
0.036360048
0.02958611
-0.055767506
-0.0077899415
0.02857083
0.023253776
0.042924553
0.0102081
0.035610233
0.015684485
0.011289506
-0.013293783
0.03470624
-0.055194978
0.033341896
0.038798545
-0.0071758335
0.032355804
-0.08647421
0.073116444
0.15466858
0.13770306
0.024891626
0.05086409
-0.031267338
-0.012135183
0.015571855
0.12007368
-0.023145784
0.14621618
0.025882676
0.017047333
0.03466458
-0.035390817
-0.031893246
-0.026615001
0.024837293
-0.07697286
0.06508043
-0.03882976
-0.0030492796
-0.020581048
0.0674558
0.0756605
-0.041449092
-0.023475442
-0.033618376
0.08544589
-0.043984443
0.10668388
0.08985366
-0.024786174
-0.06836875
0.058338985
-0.02683134
0.0438598
0.080258794
0.015446877
0.03531165
0.06457053
0.10185109
0.049684573
0.11855498
0.086319745
0.059337646
-0.02828599
0.020655088
-0.015855543
-0.044885673
0.0038191013
-0.048673775
0.06340055
-0.029660165
0.11607397
0.13866903
-0.036406968
-0.06313011
0.006036019
0.13314264
-0.058580905
0.06863966
0.029526493
0.12795787
0.20332408
-0.034687404
-0.04514449
-0.026732104
-0.06963609
0.004782358
0.10013673
-0.10543204
-0.021582648
-0.009125715
0.075874
0.036909264
0.08356985
-0.018567113
0.081383064
-0.0059446236
-0.04352425
-0.0034403363
-0.013541528
-0.04233277
-0.037171494
-0.030238224
0.14148527
0.13331775
-0.054817837
0.06474526
0.0021387655
-0.16333301
0.05222482
0.027533751
0.07351939
-0.06189592
0.02774119
0.044722725
0.08324889
-0.031985957
-0.040354118
0.03885304
0.014310606
-0.041439913
-0.016750755
-0.1356817
-0.14059085
-0.030333467
0.14163877
-0.115123
-0.07845176
-0.056716125
0.00854129
-0.050092652
-0.11947589
-0.07482766
-0.036249805
-0.220827
-0.056562
-0.08129042
-0.1648013
0.038957372
0.0034486852
-0.023928218
-0.11230352
0.015211543
0.3190496
-0.04947003
-0.018879728
0.07919924
0.0051145023
-0.007438262
0.01676481
0.0027090914
0.061322823
-0.14391175
-0.08290731
-0.073523745
0.0068391934
0.32409418
-0.08913071
-0.018858993
-0.062631026
-0.10703911
0.011001466
-0.08486257
-0.046855543
0.040889785
-0.04887811
-0.019880224
0.17121066
-0.09444398
-0.16339658
-0.068436265
-0.15702969
-0.021380957
-0.14788517
-0.07830527
-0.07579678
-0.0767238
-0.11461179
-0.034325175
0.1318772
0.14055778
-0.10788281
0.020920523
0.034887638
0.001482306
0.11566839
-0.09107241
-0.117424145
0.013706788
-0.028332666
0.059575412
-0.0023333342
-0.026850464
-0.075139634
-0.2163105
0.14139907
0.21211195
-0.09313629
-0.08225807
-0.025807204
0.02163748
-0.030427577
-0.028841063
0.16265163
-0.0054441523
-0.10324952
-0.0900116
-0.1267376
-0.08780798
-0.13956751
0.17259428
-0.11249773
-0.056299802
0.06408878
-0.11677468
0.037489627
0.0034114905
-0.06799992
-0.011477463
-0.029183213
0.044578813
-0.106676474
-0.07060776
-0.0012729205
-0.044833772
-0.015693307
-0.18648645
0.07775224
0.06699752
-0.014670961
-0.078187995
-0.13975124
-0.024457773
-0.021809464
-0.057888925
-0.04419516
-0.05013293
-0.050277725
-0.14843948
-0.14903511
-0.16584522
-0.0031273402
-0.05133626
-0.1299685
-0.094962806
-0.08713928
-0.16520184
0.046056345
-0.15811321
-0.07771436
-0.062029094
0.19700399
0.049272195
-0.029686486
-0.19549933
-0.021664891
-0.09884746
0.074478246
-0.00045192533
-0.03685331
0.061211273
0.274211
0.05219646
-0.23329829
0.024836704
-0.24707268
0.4623991
0.65734506
0.03517425
-0.0984371
0.02065901
0.30396324
-0.050461967
0.064664796
0.27511126
-0.0127661275
-0.04095294
-0.09196865
-0.13868749
-0.14651616
-0.18661249
-0.05739838
-0.10467745
0.07124226
-0.1079984
-0.05785081
-0.14731301
0.0064760745
-0.09614105
-0.08154413
-0.022705786
0.06457475
-0.16952701
0.08339324
-0.090465896
-0.09521583
-0.05577749
-0.17713228
0.009979069
0.075476974
0.2159875
-0.08438961
-0.20689458
-0.12511913
-0.08068221
-0.09872931
0.2770749
-0.18410584
-0.06389762
-0.0030859653
-0.11748506
0.03841284
-0.022238329
-0.1897789
-0.14996108
0.38689122
-0.14489967
-0.122878745
0.23490569
-0.0893519
-0.12932459
0.050846886
-0.15172659
0.3156277
-0.052238192
-0.059285235
-0.24225028
-0.17592523
0.19563563
-0.11869171
0.13391247
-0.11683555
-0.18472525
-0.26976722
-0.07550196
-0.04112126
-0.15396735
-0.110540114
-0.016436696
-0.26477686
-0.21035382
-0.1623161
-0.15539852
0.092973076
-0.22813857
-0.13142598
-0.041854084
0.12656967
0.11985162
-0.16339128
-0.19884416
-0.03634273
0.1397255
-0.07721267
0.038953718
-0.20271057
-0.19957365
-0.17631526
0.17623022
0.82085574
-0.2374652
0.20314157
-0.29802966
-0.24049363
-0.16016965
-0.046355445
0.1264603
-0.044689674
0.20649263
0.8005582
0.25305474
0.009936791
-0.20875418
0.27437896
-0.21462436
0.244293
-0.10752493
-0.17898065
0.06035012
0.08821462
-0.120620154
-0.1757155
-0.012747094
-0.07100347
-0.08279357
0.17500407
0.2676554
-0.106892064
-0.119852975
-0.08935112
-0.2026212
-0.12000412
0.37936282
0.2869258
-0.106280506
-0.12885621
0.121125385
-0.1357209
-0.2071886
-0.19991878
0.07949429
-0.16343033
-0.14657694
-0.027918395
-0.10671914
-0.26704344
-0.0065614134
-0.2614116
0.59066683
0.1329414
-0.033938825
-0.11784292
0.07445589
-0.14233531
-0.08321197
-0.09513663
-0.021076225
0.014237026
0.32753673
-0.006791342
-0.08718314
-0.08417793
0.04511246
-0.18904057
-0.043830168
0.13391821
0.050355047
-0.09023607
-0.22309224
-0.11737297
-0.20594585
0.06846592
-0.11882142
0.1078336
-0.08219313
-0.17689034
-0.133671
0.078059226
0.1439725
-0.009961753
-0.027775299
0.016597461
0.0023260526
-0.12270305
0.57820237
-0.0757737
-0.21208036
0.120740294
-0.20801094
-0.029234124
-0.018857924
-0.18268164
0.095319316
-0.17449799
-0.23053598
-0.09482209
-0.021296993
-0.1604815
-0.22577162
-0.11068943
-0.15768163
-0.17166409
-0.22633952
-0.24126552
-0.26491615
-0.052852903
-0.04509373
-0.084998906
-0.10229963
-0.049749747
0.044412747
-0.06225691
-0.18036216
-0.28810522
-0.14170864
-0.091660485
-0.26508287
-0.1032387
0.20619014
-0.09771466
-0.13206127
-0.1249702
-0.16744584
0.23873729
-0.17744921
-0.14532864
-0.092698194
0.20938349
-0.21339647
0.071050525
-0.21226369
-0.059353877
-0.24644315
1.2002914
-0.04007852
-0.06679122
0.42491123
-0.011736359
0.4194576
0.7653175
0.25568825
0.030281805
-0.16722533
0.14161658
-0.13440365
-0.18958071
0.122327566
0.10073626
-0.13608803
0.074857004
-0.16832179
-0.16350919
-0.23946838
-0.14320104
-0.051137857
-0.20859386
-0.037047297
-0.053328387
-0.07852612
-0.07728078
-0.091381766
-0.24575658
0.041142512
0.31895208
-0.105785824
-0.2821622
-0.1355416
-0.14833334
-0.2333558
-0.10471247
-0.18892911
-0.048984688
-0.09856645
-0.119917855
-0.03239598
-0.1473529
-0.28516093
-0.24132514
-0.19384184
-0.1207527
-0.15247583
0.3389129
-0.19015315
-0.19097224
-0.0018270463
-0.19173768
0.11624876
-0.33233196
-0.3030953
-0.12324889
-0.28367293
-0.106279
-0.31098473
-0.03554053
0.03442729
-0.16602796
-0.20567381
0.048074134
-0.2648663
0.31415027
-0.25586462
-0.13578606
-0.07147581
-0.15657656
-0.13408217
0.024961717
0.12634721
0.45613936
-0.25274646
-0.18151823
-0.03172916
-0.22377421
-0.12557103
-0.27239627
-0.26450932
-0.12089038
0.06712273
-0.2549765
-0.10329756
-0.0035433173
0.5395417
-0.29185167
0.09605995
-0.22242673
0.2009065
-0.10695493
0.10647789
0.20322716
0.53345674
0.41144466
-0.092687115
-0.2040772
-0.11775138
-0.08102316
1.0303614
0.20324427
-0.01493229
-0.21256624
-0.16208304
0.07202344
-0.10425004
0.02239656
-0.16117615
-0.19803657
-0.17413193
0.25771886
0.3400933
0.47233012
-0.18257901
-0.19902699
-0.060518976
-0.26550874
-0.093943186
0.27514493
0.44987035
-0.2338925
-0.046053052
-0.11874422
-0.13696802
0.02151645
-0.13962637
-0.2331635
-0.042145163
-0.19481117
-0.07879415
-0.08897471
0.03382489
-0.004312996
-0.13254443
-0.28287017
-0.16593407
0.6042151
-0.25131223
-0.08495079
-0.25936016
-0.20770778
-0.08971137
-0.2650041
0.44977227
-0.24217393
-0.03130026
-0.17523623
-0.23881243
-0.28120634
-0.03049441
-0.19381109
-0.19625494
-0.04913734
-0.07938053
-0.061783988
-0.19594406
-0.010654785
-0.06997389
-0.17880607
0.2023632
0.000104352366
-0.21092272
-0.14203462
-0.24628812
-0.14637432
-0.07869455
-0.06445508
-0.11447637
-0.23600079
-0.33566636
0.40977162
-0.20152478
-0.3032813
-0.24713844
-0.24520247
-0.29254657
-0.1619735
0.09368706
-0.20243761
-0.14283921
-0.28205478
0.061370477
-0.16066214
-0.14477032
-0.119779386
-0.16036376
-0.19258095
0.16235125
-0.08338629
-0.1531136
-0.23359485
-0.12268871
-0.22077939
-0.1694153
-0.058910564
0.3445663
-0.08752824
-0.07346926
0.40715763
-0.15350907
0.8715434
0.2903446
-0.08044146
-0.14588031
-0.27528524
-0.2987494
0.2816832
-0.20617428
-0.23940079
0.8940871
0.48535913
-0.1699081
-0.21658488
-0.19531512
-0.18718961
-0.22943415
0.06568345
0.024960663
-0.3204466
-0.20191416
0.020918269
-0.21804836
-0.038977332
-0.17818804
-0.25908664
0.06065105
-0.21663342
-0.058548413
-0.08580553
0.103288114
-0.19208011
-0.17486222
0.05786598
-0.24229401
-0.21441878
-0.17374662
0.07584751
-0.3082066
-0.2773404
-0.11573453
0.044616956
-0.20724472
-0.28831562
-0.34403
-0.31034192
-0.24776247
-0.13172407
-0.16160938
-0.16021395
-0.15831205
-0.1294334
-0.11599633
-0.25129393
-0.34679532
-0.16537872
0.0121193025
0.0143969655
0.77638084
-0.13696699
0.07836165
0.8947546
0.5686742
0.045389257
-0.18273169
-0.28136396
-0.1888229
-0.19491833
-0.17150629
-0.013585627
0.7484218
-0.27603042
-0.19658662
-0.14918008
-0.21255018
0.100731015
-0.008233389
-0.12800981
0.19505373
-0.15602951
-0.22300988
-0.29755464
-0.048781574
0.19941914
0.098354295
-0.078442276
-0.16434692
0.28341764
-0.103160374
-0.32839996
0.21261415
-0.25628743
-0.290134
-0.19823152
-0.056860924
-0.23643672
-0.27780995
-0.2818918
-0.063548446
-0.30133307
-0.30037394
0.38085404
-0.12204206
-0.16726232
-0.11701139
-0.13367315
-0.18271612
-0.07002745
-0.1861186
-0.17809696
0.08386458
-0.06307664
-0.09622055
-0.039113533
-0.0015711784
-0.11067658
0.016715623
-0.24375509
-0.3056051
-0.090426594
0.08310427
-0.15756957
0.007371798
-0.028861344
-0.21453327
-0.12818405
-0.07246086
-0.12647285
0.08724272
-0.3111041
0.7141581
-0.30224326
-0.058640227
-0.21957934
0.06530854
-0.15359151
-0.23578016
0.2513364
-0.080072805
-0.00011468865
-0.09176268
0.05250706
-0.096715644
-0.2495876
-0.025692493
-0.022554576
0.10151258
-0.2395527
-0.3137478
-0.04140888
0.12647356
-0.256229
-0.09828191
-0.30225813
-0.12522264
-0.17098948
0.062267978
-0.18852803
0.047727842
0.1499362
-0.22089893
-0.3433148
-0.30079308
1.126451
-0.15707634
-0.26272553
-0.1919224
-0.24670175
-0.22435829
0.08060373
-0.111681625
-0.28842413
-0.09291263
0.17254877
-0.2507524
-0.22849777
-0.30129167
0.035275817
-0.35482964
0.08099511
0.3765121
-0.21082154
-0.32257253
-0.027507678
-0.11057908
-0.09412084
-0.108833075
-0.09403042
-0.08750524
-0.14503871
-0.096085176
-0.119809486
-0.2732787
-0.21955949
-0.36886576
-0.33353275
-0.3156569
0.061494518
-0.023165137
-0.20223491
-0.23980005
-0.27530515
-0.23815867
0.27978033
-0.23592718
-0.13153087
-0.053268775
-0.11927014
0.0055885613
0.39573628
0.09161006
-0.26627517
-0.33452857
-0.09883863
-0.34144616
1.2499062
0.1376527
0.110377975
-0.11577646
-0.10832264
-0.26134822
0.2903185
-0.23117553
0.2823781
-0.09970591
-0.20325762
-0.12745343
0.13198626
-0.16757683
-0.04053338
-0.32776675
-0.20428468
-0.35188228
-0.036109358
-0.23449662
0.08255158
0.11928429
-0.19261976
-0.24913
-0.063272625
-0.03573274
-0.016805947
-0.01589185
-0.23300909
0.19306019
-0.091312245
-0.19926527
-0.30674425
-0.3230365
-0.043654054
-0.15081155
-0.1987738
0.025099933
0.09295872
-0.23821405
0.01503771
0.02119172
-0.20735744
0.19362688
-0.25527743
-0.14976604
-0.26764438
-0.16222286
-0.25132275
-0.29096693
-0.281448
-0.24988134
-0.2750642
0.12204948
-0.22692657
-0.31604496
-0.1571218
-0.3118329
-0.30013946
-0.3045629
-0.25276145
-0.21724425
-0.1750242
-0.09882562
-0.29491317
-0.2615107
0.09718646
-0.1496325
-0.23156449
-0.32451463
-0.09697837
-0.1495318
-0.19511734
-0.2838642
-0.21904737
-0.18941364
-0.18840472
-0.19149446
0.23464471
-0.26639062
-0.05590087
0.09373224
-0.05489683
-0.20855868
-0.09424709
0.10760082
-0.02068993
0.07381438
-0.03353872
-0.05374535
0.04078114
-0.32060558
-0.23076907
0.001225464
-0.049566537
-0.21440269
-0.29036632
-0.25010806
-0.277893
0.4849851
-0.087313354
-0.19882803
-0.10812451
-0.19445333
-0.3433104
-0.32926652
-0.3148604
0.088145405
0.020055145
-0.2814945
0.11653143
-0.17195544
-0.12809317
-0.2893043
0.024062723
-0.21327998
0.37913814
-0.24777065
-0.24812682
-0.060834676
-0.32108006
-0.31893426
-0.25975633
0.2532974
-0.2776402
-0.16352345
-0.28116387
0.06763675
-0.17297934
-0.28985465
-0.21675646
-0.24232614
-0.22841462
0.4414809
0.097536296
-0.017894447
-0.14502719
-0.2736286
0.13649085
-0.18604082
0.12633778
-0.008959781
0.069993585
0.13559523
-0.30001137
0.44734
-0.35852444
-0.25533503
-0.26777768
0.007934511
-0.2512087
-0.2585208
-0.018529521
-0.03900636
-0.17162706
0.38222557
-0.08460412
-0.35881028
-0.20533288
0.019742101
-0.02844596
-0.19995019
-0.05486235
-0.07018079
-0.14207624
0.5186154
-0.24211235
0.13756986
-0.11351335
-0.2436837
-0.03199801
-0.046968818
-0.01060915
0.58376056
-0.25736505
-0.14373434
-0.15899128
-0.20971473
0.13869987
-0.25994983
-0.2737909
-0.23674631
-0.2889863
-0.14490537
-0.18210837
0.24322544
-0.30357042
-0.17894939
-0.23046559
-0.16783404
-0.09805806
-0.31341088
-0.2323775
0.22194052
-0.30823916
-0.26852977
-0.02878298
0.078911215
-0.26459768
-0.18689463
-0.28248364
-0.30620384
-0.33229837
-0.114411294
-0.30249786
-0.30195916
0.25154573
-0.18964057
-0.30425715
-0.07173346
-0.30153644
-0.2538529
-0.23066932
-0.0730198
-0.27226144
-0.34734982
-0.2562089
-0.2967556
-0.24437997
-0.25306022
-0.2553811
0.29441202
-0.3646441
-0.16862056
-0.17793316
-0.19485125
-0.34610164
0.052229315
-0.120697305
-0.21308693
0.28938752
0.14858042
-0.269981
-0.09159384
0.14892524
-0.24082997
-0.13080563
-0.3086755
-0.05258251
-0.15127987
-0.08213558
-0.2965282
-0.033361673
-0.03196737
-0.1051909
-0.21708338
-0.16902728
-0.21286778
-0.21772313
-0.15426268
-0.27305588
-0.3689192
-0.16825719
0.031695183
-0.28277066
-0.204379
-0.112294495
-0.224609
-0.219259
-0.30402136
0.10468179
-0.27666926
-0.2901165
0.5159775
-0.25357583
-0.3058983
-0.123508245
0.14670172
-0.111078925
-0.3191945
-0.068774834
-0.26324433
0.9558679
-0.22636251
-0.06706405
-0.20177428
-0.28042805
-0.36314481
0.30035985
-0.29640728
-0.02626007
-0.340942
-0.30085826
-0.26474416
-0.15864457
-0.2986573
-0.05061426
-0.17671804
0.15225308
0.23191166
-0.19518651
-0.08160688
-0.32114303
0.14025044
-0.10892287
-0.28160268
-0.09675586
-0.21748415
-0.2825085
-0.2752275
-0.18755178
-0.061500877
-0.08075668
-0.15570252
-0.12565756
0.21157756
-0.07225128
-0.18508816
0.021131134
0.47010896
0.45385975
-0.111614704
-0.008076817
-0.3065032
0.015024722
-0.20224044
-0.3343159
0.24851835
-0.20747972
0.7057177
-0.33698124
-0.15491298
-0.21934986
-0.23979177
-0.19666775
1.0025206
0.6247315
0.19050787
-0.17685181
-0.19275072
-0.022019982
0.33873442
-0.21690238
0.047564715
0.032640122
-0.1398164
-0.0478566
-0.04788538
0.0030228961
-0.007823253
-0.22912768
-0.17964002
-0.2971143
0.09554433
-0.34991866
0.18770164
0.36280602
0.1742129
-0.27383628
-0.19520503
-0.0350584
0.043042928
-0.13515005
0.62391406
0.93794966
-0.21979468
-0.19135347
-0.16118291
-0.2295854
-0.22116075
-0.030452013
0.78092
-0.2776308
-0.32932377
0.046307445
0.14911751
-0.27685547
-0.15687574
-0.13969062
0.086672656
-0.22539961
0.26591432
-0.025486149
-0.00026515126
-0.21660475
-0.25874367
-0.12392527
-0.30796292
-0.00430049
-0.28005874
-0.18848571
-0.2629117
-0.2018299
0.1770949
0.091592096
-0.24985456
-0.30738327
-0.22489192
-0.22548887
0.7442225
-0.14298014
-0.27314267
-0.29471627
-0.069037065
-0.36973935
-0.15889123
-0.22576168
-0.15169726
-0.10287081
-0.14516942
-0.14602134
0.13239816
-0.26695108
-0.064220116
-0.30317846
-0.35236138
0.13271293
-0.3274273
-0.33400238
-0.23820283
-0.21530637
-0.15387191
-0.23890571
-0.089482024
-0.24702992
0.011183462
-0.059160415
-0.26159832
-0.22599079
-0.32280633
-0.0059998333
-0.33484182
-0.2930406
-0.30277354
-0.27598527
-0.3389411
-0.1038582
-0.10381087
-0.23186369
0.041515555
-0.30113637
-0.208502
-0.30873585
-0.0866828
-0.34801555
-0.22466753
-0.20712318
-0.05029738
-0.20937626
-0.1377826
-0.27384475
0.04543489
-0.059214413
-0.2543922
-0.12848508
-0.16502762
-0.22822246
-0.29707727
-0.35143247
-0.20480856
-0.36536402
-0.3857906
-0.2043569
-0.1821632
-0.15091011
0.73437154
-0.34999448
0.058041334
-0.074446276
0.14884357
0.062178206
-0.21762986
-0.1217934
-0.28527918
-0.13343339
-0.16073382
-0.34676516
-0.33714867
-0.09993595
-0.1646751
-0.38488343
-0.29536682
-0.32534623
-0.31594238
-0.05003265
-0.27598885
0.4319148
0.016692102
-0.34936416
-0.23126276
-0.10013121
-0.37389174
-0.31194174
-0.34406102
-0.23011917
0.054314874
-0.18693286
-0.06276819
-0.25683153
-0.13809761
-0.16142844
0.18998998
-0.3280549
0.601228
-0.014178425
-0.17980103
-0.3273403
-0.32246068
-0.1541603
-0.27680397
0.034425713
0.003916353
0.34598255
-0.16303518
-0.24069513
-0.25071165
-0.18282843
-0.23778032
-0.21981364
-0.110964015
-0.20679542
0.15979649
-0.23478547
-0.3439903
0.11070159
-0.18914904
-0.22815894
-0.17386796
-0.13845423
-0.29887137
-0.33588424
-0.20669374
-0.29781255
-0.03630291
-0.02041061
-0.27036047
-0.27928337
-0.2806613
-0.16075207
-0.23733267
-0.093970574
-0.26136476
-0.18950202
0.056259766
-0.36669162
-0.36485946
-0.16412053
-0.23537168
-0.26506954
0.10118063
0.050888225
0.108734906
-0.0930395
-0.17261474
-0.028127726
0.004679635
-0.14053874
-0.20023592
0.07851366
0.026073158
-0.05365711
-0.29161066
0.027720854
-0.2893834
-0.15859844
-0.24984619
-0.0660032
-0.24502236
0.07773347
-0.14931071
-0.08264223
-0.17690057
0.026240036
-0.22187321
-0.32704145
-0.31317222
-0.2974536
-0.14882079
-0.2694168
-0.28099084
-0.27117607
-0.03401439
-0.083690606
0.056340456
-0.24629244
-0.24583454
-0.21769282
0.19965303
-0.075716525
-0.29315174
-0.27429458
0.032416224
-0.043970197
-0.008285329
-0.25775662
0.44541353
-0.03764692
-0.26714417
-0.16126007
-0.36535236
-0.14980939
-0.07710935
-0.21001402
-0.20748082
-0.23233035
-0.18249357
0.1997757
0.012949949
-0.31138977
-0.31162065
-0.07507227
0.49258602
-0.18035685
-0.23626725
-0.3408798
-0.028977394
-0.22368646
-0.19756766
-0.15041386
-0.14378552
-0.16539104
-0.3261391
-0.2730163
-0.21778442
-0.18514702
-0.10487508
-0.26139835
-0.05719471
-0.30175257
-0.04723236
-0.022192433
-0.34947833
-0.21358988
-0.3236882
0.016615441
-0.12021212
