14397.116
20315.38
14872.579
10691.867
8596.222
7221.3706
6288.92
5614.5137
5066.623
4574.678
4159.3477
3812.3389
3462.2202
3176.0344
2930.541
2699.876
2517.5203
2317.0796
2150.1594
1992.1393
1847.1316
1690.1283
1550.0702
1424.5936
1304.4246
1204.6088
1093.3201
993.91125
901.33435
817.0735
744.9024
661.5716
589.35236
525.87604
464.794
411.05106
358.28528
308.2923
259.14517
228.01831
198.85422
142.80429
121.92554
72.79666
58.23877
22.444824
16.297974
-12.605286
-39.8443
-52.469757
-76.71942
-83.26068
-92.535675
-106.805786
-117.29712
-125.01047
-120.15637
-134.65976
-144.68799
-136.18561
-141.51456
-142.84464
-146.96451
-134.75089
-135.75162
-139.41824
-144.2156
-141.12695
-134.43274
-121.444
-126.41159
-119.71982
-110.57413
-113.54059
-103.26291
-104.87256
-97.420654
-83.86972
-91.27594
-79.467224
-68.42883
-73.3739
-64.53888
-61.28607
-60.284515
-50.940613
-47.962708
-36.110718
-35.374756
-26.834259
-26.092407
-16.243835
-27.679138
-24.219421
-27.579926
-19.041473
-12.18277
-18.356232
-9.753937
0.070892334
-10.481506
-8.580627
-10.168121
-9.335876
2.670166
-5.573822
6.285309
-1.2289429
-3.4121094
-4.347473
-11.235718
-5.1132812
-6.7164
0.4407959
-13.783813
-8.523956
-6.750885
2.4396362
7.7323
-9.744293
5.7449646
-14.480988
-9.848816
8.369324
-6.5706177
-16.715942
-13.900848
-22.204437
-20.639435
-21.27066
-20.922821
-16.323334
-20.368713
-19.935425
-24.29303
-23.511627
-17.939758
-19.962189
-15.796448
-14.9652405
-17.78656
-15.094818
-15.734985
-19.835938
-11.641663
-23.693848
-10.305664
-6.998047
-16.54071
-9.018555
8.238678
-11.109192
-9.03067
-9.647705
-7.3602295
-1.308075
-12.727783
-13.682129
-13.30835
-15.13031
-25.99408
-5.6407776
-19.026337
-13.131805
-9.347778
-18.02472
-24.590668
2.6334534
-14.989105
-16.53366
-21.75885
-21.512817
-15.4774475
-23.654785
-23.031036
-6.1463623
-23.263855
-12.214355
-20.156525
-6.420166
-15.502594
-24.33496
-17.301819
-19.835327
-22.879517
-16.914398
-15.158325
-18.661926
-20.592377
-19.260773
-24.187653
-12.156525
-18.544098
-18.539276
-27.249756
-16.339417
-20.928162
-16.203186
-18.072632
-21.74707
-15.667725
-15.587463
-9.805054
-12.642273
-10.962402
-6.338257
-11.641785
-8.496185
-10.426727
-7.23291
-7.786682
-7.7030945
-11.460144
-8.05127
-20.02475
-10.665649
-2.6919556
-7.4438477
-13.282379
-14.182617
-2.6011658
-6.8893127
-14.813446
-10.967712
-2.90036
-14.736328
-18.880188
-18.583344
-20.458038
-11.44754
-11.212128
-14.125275
-19.61789
-15.849731
-16.269897
-15.306213
-6.1145935
-21.52356
34.840363
-9.481567
-9.832123
-13.958496
-16.844269
-21.354248
-15.690918
-13.620026
-0.10662842
-9.889404
-6.732086
-17.594177
-11.148651
-15.045013
-10.25882
-12.509094
-11.567444
-6.46402
-13.387695
-4.914612
-16.779236
-9.625519
-17.717957
-15.292694
-12.11441
-11.84552
-8.26712
-18.256989
-11.684113
-2.7988892
-13.731293
-16.2659
-3.0108643
-2.0525818
-12.117554
-3.8079224
-12.246948
4.504883
-9.696747
-6.9339294
-2.5497742
-12.122955
-12.377228
-0.70428467
-14.065643
-13.234985
-2.0820923
-10.744202
-11.285706
-17.595337
-6.969696
-13.101593
-18.688904
-3.4055786
-10.978638
-11.069244
-20.669037
-12.703308
-18.662628
-18.71811
-20.383667
-17.19748
-10.384399
-26.200378
-5.4401245
-12.708649
-21.02597
-16.073822
-22.713074
-22.403473
-24.785889
-17.168793
-16.201721
-13.989532
-15.174927
-11.415222
-20.410065
-13.171722
-17.716675
-11.691345
-9.197296
-14.210083
-10.483398
-16.592804
-12.909454
-9.314484
-10.190674
-7.1364136
-9.310425
-11.686951
-7.4923096
-10.869293
1.5923157
-12.188538
-4.2724
-15.300964
-8.378326
-15.142456
-13.11908
-11.146912
-8.998108
-0.73651123
-20.063171
-18.50357
-13.9410095
-5.70459
-18.882935
-13.843536
-9.913818
-19.19809
-15.03244
-16.829498
-10.426819
-6.6671753
-13.581177
-9.456909
-7.741028
-15.42804
-10.191406
-3.0977478
-19.528442
-16.528229
-13.670441
-10.061157
0.07489014
-6.6219788
-24.494995
-12.414398
-21.18335
-20.375
-10.942688
-18.639282
-8.723999
-17.396912
-20.317749
-19.927307
-14.245148
-3.9132996
-11.025452
-15.1073
-12.304291
-18.373718
-18.202911
-17.290497
-15.419312
-16.777557
-17.046173
-13.998291
-11.810272
-14.911774
-2.6689453
-15.18042
-17.049683
-1.9968872
-11.631012
-11.047241
-5.9195557
-10.779633
-10.399109
-11.369873
-7.372986
-9.111755
-13.099365
-11.867828
-4.4921875
-8.683868
2.8493347
-5.927765
-12.928894
-11.717743
-3.9521484
-6.7512207
-9.496674
-17.109558
-2.2885437
1.2635193
-7.631378
-18.033356
-8.781403
-7.6967163
-1.8180237
-18.037903
-21.740387
-9.241547
-14.460571
-15.527405
-15.851349
3.478119
-14.632385
-19.379211
-26.448883
-20.179352
-25.2341
-15.458923
-15.4939575
-18.253082
-19.485687
-18.822998
-12.71463
-24.617065
-22.948639
-10.598175
6.988159
-20.866608
-12.651367
-22.796783
-25.392426
-15.04422
-2.8876953
-3.042694
-7.4712524
-22.957397
-26.066193
-19.547638
-13.029663
-21.815735
-9.055389
-17.753693
-13.726257
-18.69574
-15.269257
-16.010193
-13.833679
-14.147675
-14.541962
-18.716125
15.903717
-9.654663
-16.19925
-14.580017
-18.040466
-6.0596924
-21.765106
-13.786072
-10.91571
-10.810242
-10.257874
-17.285767
-16.319489
-15.750336
-16.537842
-5.108032
-13.026459
-11.863922
-10.479614
-15.19043
-10.860535
-12.49646
-4.881714
-7.807556
-5.7310486
-8.443634
-12.967499
-12.873444
-9.577576
2.248108
-6.1102295
-6.6786194
12.119415
-6.1328735
-1.8249817
-6.859619
-13.801758
-3.1429443
-7.097595
-6.063629
-17.528717
-3.6135864
-7.6700745
6.017273
-5.3473206
-10.58783
-0.54803467
-7.039917
-14.649292
-13.932983
-8.749756
-11.2821045
-10.714508
-4.9293823
-11.281555
-17.386719
-12.978424
-8.48822
-11.659485
-5.4921875
-4.486389
-14.986694
-3.348236
-12.998077
-12.098145
-9.436401
-20.081696
-3.3816528
-5.317749
-10.720917
-12.1796875
-14.816132
-1.9529724
-10.08905
-11.863892
-6.785797
-2.100525
-14.2395935
-2.8809814
-10.361023
-9.899963
-7.7889404
-14.341553
-4.2839355
-24.231201
-13.449127
-0.7670288
-12.298218
-21.665283
-12.146515
-11.740601
-9.623688
-17.45691
-9.588318
-9.715027
-12.634888
-6.7361755
-4.8644104
-16.581238
-5.985962
13.137939
-4.8544617
-1.808136
-6.3214417
-11.091858
-7.476227
-13.823273
-9.565796
-11.122009
-5.754364
-4.5805054
-18.76764
-10.6276245
-6.3751526
-1.0404663
-6.953003
-4.895508
-11.559265
-13.980255
-14.504272
-11.52887
-22.131836
-12.725586
-8.936279
-15.014069
-6.966919
-12.411011
-2.6141357
-7.4108276
-9.163849
-21.409851
-17.21576
-11.595703
-12.071747
-16.985596
-9.772705
-19.033875
-12.76062
-16.38446
-4.5334473
-12.946472
-14.623444
-10.052856
-7.4665527
-6.6608887
0.3996277
-9.41626
-12.469666
-7.4128723
-4.6851196
-5.8949585
-3.288391
-1.4846191
-13.346344
-8.124939
11.138672
21.516724
-13.224457
-1.3074036
-3.002777
-9.34433
-9.114105
-10.478516
-10.953064
-11.131348
-13.118317
-3.2481995
-6.9987793
-17.446808
-13.984039
-18.730957
-10.466431
-6.1711426
-6.2679443
4.0969543
-13.019684
-7.202179
-9.990173
-7.737976
-11.501648
-15.003113
-12.144012
-11.437805
-14.126587
-8.757904
-10.040344
-7.241272
-9.372223
1.1027222
-16.302917
-15.8377075
-8.29599
-17.659668
-4.9036255
1.6043091
-15.070679
-3.072754
-5.779907
-20.127625
-11.647736
-15.444855
-7.351715
-17.01117
-19.279205
2.10672
-16.48999
-14.806488
-16.067719
-11.996948
-13.145691
-15.841095
-12.091583
0.49139404
-8.0589905
-15.785034
-6.9964905
-14.295288
-17.778564
-9.709503
-14.091461
0.5387573
-13.503906
-1.4588318
6.476227
7.82782
0.25308228
-5.176697
-9.069946
-10.821289
-4.500702
-17.562866
-15.256714
-11.701141
-13.969879
-4.3326416
-14.86264
-5.0461426
-1.4855042
-13.100067
-12.749512
-12.488495
-8.649567
-7.794464
-16.471863
0.6213989
-16.518555
-8.851013
-16.04486
-14.779541
-6.3501587
-23.211334
-15.782135
-10.132172
-18.219086
-12.722443
-20.82306
-19.124176
-12.996521
-10.284851
-15.63205
-9.751404
-6.267334
-7.1127014
-8.1970215
-3.2014465
-16.287292
-10.547333
-7.8185425
8.405365
-12.693115
-0.77960205
3.5141907
-0.062316895
-17.780548
-22.24936
-2.0741272
-7.929138
-22.545685
-9.41333
-16.813873
-15.371948
-23.210297
-16.804962
-21.626434
-19.740326
-18.088593
-28.301636
-10.025543
-18.055359
-25.378784
-16.195984
-16.571472
-18.464935
-12.97467
-9.5625305
-12.14502
14.2100525
-15.716034
-11.027222
-5.6104126
-7.2949524
-14.004242
-16.785706
-12.382874
-19.827393
-12.929474
-17.305023
-16.281586
-17.571838
-17.228088
-13.477051
-13.025421
-1.0953674
-18.015686
-13.994171
-15.552124
-11.056702
-19.317139
-14.730316
-8.812225
-17.071838
-7.111206
1.7266235
-14.228363
-15.801239
-8.341766
-15.294403
-14.110901
-26.227386
-20.264313
4.3045654
-4.271454
-9.192383
-19.094025
-12.332703
-10.995514
-14.72464
-5.9660645
-16.39389
-10.509186
-13.668671
-6.569214
14.7421875
-10.514801
-6.601959
-18.94635
-14.593475
-0.0061950684
6.9621887
-6.0541687
-11.098907
-6.6611633
4.105713
9.256653
-12.384796
-3.4517212
6.6654053
-1.0166931
7.3972473
-14.74054
-9.8619995
-14.314392
-13.071106
-6.846222
-8.926392
-17.562958
-6.7532043
-8.3637085
-13.420868
-8.654327
11.68869
-1.0358887
2.4522095
0.6237488
-11.265137
-17.664795
-8.048035
-15.082886
1.4572449
-15.680176
-2.2511597
13.561829
-10.43869
-1.678894
0.7841797
0.6255493
9.375427
3.2791748
2.629242
-8.320068
38.379883
-11.767548
11.996826
-8.7109375
-7.745453
7.2018127
-0.36480713
3.5429688
-15.872162
-3.3033142
-6.121338
-9.571289
-26.521332
-21.650146
-7.184845
-4.297394
0.6114197
-7.6559753
9.846863
-2.9475708
-9.664154
4.79599
8.2196045
0.8060608
11.0095825
-2.5357056
-1.1304626
7.386017
-8.541626
36.04785
9.651978
-20.095703
3.7871704
-11.44754
-5.85968
-9.36377
-9.439178
-9.038757
-7.6046753
-6.6882935
3.7022705
3.5526428
-20.00769
-19.872803
-1.8344727
-4.37854
-5.125519
15.735626
-19.540985
6.8022156
-6.8217163
-12.27298
23.32962
19.453339
14.090698
-8.415253
3.778839
-24.167542
-1.3625183
-21.286041
-9.974548
-2.2363281
1.0018005
-2.2151184
-1.9250488
-12.213379
3.9675903
-6.666443
5.706482
2.535736
1.6221313
4.6063843
3.6850586
-9.966156
0.29049683
1.4845276
-1.8902588
2.7443237
-3.4916382
-3.025116
0.9259949
-0.38449097
-3.4748535
-18.855286
-7.9487915
-25.952759
-3.7635193
-10.754639
6.8805237
15.444397
-2.0635986
13.037323
1.3002319
-10.568726
13.78833
14.5989685
22.618744
-6.5820312
-4.18631
-7.2998962
-9.10144
-6.653839
-8.093506
-18.356506
-3.9517822
28.93512
-9.164429
4.2287903
6.833954
8.813721
-13.011444
2.341339
-6.272278
-19.924194
-8.5448
8.88028
-3.4407043
21.64679
3.3773804
-12.818726
7.530731
-7.0085144
-11.981079
-6.1016846
9.9574585
6.647644
-7.0996094
11.759705
7.3721924
-9.25824
1.1925049
-12.769714
2.8597107
-2.630005
-17.4469
8.464294
19.606201
12.902039
7.1417236
-4.017212
2.2033997
-2.1477966
7.4779663
-10.360138
-2.1981506
-16.592072
34.81891
17.02118
-9.2595825
-6.1730347
27.30191
1.3545837
-15.378937
7.5724487
-0.458313
18.508179
-4.182892
2.9556274
3.4159546
-8.554291
-3.1557922
23.333954
15.211761
36.46936
13.1623535
8.0355835
2.606781
5.0527954
-23.470093
-2.1857605
-2.8414001
-21.624939
15.176666
6.644043
27.7594
6.2617188
9.798981
8.031677
13.582794
15.79776
11.651337
10.738892
7.4175415
36.3985
10.038452
-7.0536194
-0.5725403
5.8163757
-1.8365479
9.312653
-3.4638062
20.84198
-14.527649
18.260834
2.1800842
0.5150757
2.170288
56.36441
33.199493
34.413116
-6.0608826
-2.733612
-9.199432
-3.825531
7.466797
4.378784
-8.587738
-26.07962
13.200165
-22.97403
-5.8264465
21.711914
58.023956
21.459503
-5.74411
9.451874
2.624939
23.270325
-0.5397644
20.913116
1.5507202
22.401367
33.674713
19.023651
-32.832825
-8.828735
1.9642639
-13.06012
18.433502
-17.847656
5.7194824
-16.415894
6.1640625
33.877686
-1.4172363
53.07541
22.14856
15.43103
14.115845
-8.154541
1.678833
13.730804
10.586945
-0.31329346
-0.90667725
-15.1935425
11.191467
34.602417
-3.1013794
33.925262
18.487518
-20.847717
6.9794617
-15.641266
6.8736877
17.815887
9.26358
36.058258
25.046356
-35.541016
-12.369537
-27.309387
-1.1952515
30.727509
-5.845459
15.899109
-3.791687
32.009735
58.807922
32.122528
27.927216
-9.247253
0.27172852
-0.920166
7.393738
-2.1872253
10.960632
29.852081
3.0837097
16.47049
21.81073
1.4446411
-19.343414
-12.018188
-21.069214
-14.5252075
-6.8019714
-10.6536255
73.29636
29.248688
11.993103
19.5766
28.915466
58.243103
0.6211548
8.263062
-0.80355835
0.07800293
16.928467
13.586548
9.303955
22.005829
17.514404
-6.667816
7.8966675
2.866272
22.680267
-0.47006226
20.155762
45.82773
-12.426117
7.518158
15.061951
33.74704
38.2659
35.51425
41.99994
36.055725
18.255188
-7.405121
-1.8930969
-25.96399
-41.034485
-14.261932
-8.221069
10.139252
6.3733215
-17.678558
41.90503
-0.6463623
21.230408
-0.11734009
40.471924
43.85782
23.365814
2.6611023
27.28775
-27.643433
-13.14032
32.490875
22.967468
14.489197
17.989807
20.580841
14.484741
44.430054
29.948212
-1.3532104
38.422607
34.275574
61.852966
23.76004
10.540497
-10.558014
-15.741638
-2.5827942
-22.257538
23.206573
36.123047
-5.120117
-33.34555
42.873566
21.643982
-24.316467
-7.4525757
10.53241
-1.9998779
-9.460175
55.447144
32.449036
25.442413
-0.085754395
27.831604
-10.07193
1.8251343
16.637756
-3.133484
11.9600525
15.517029
17.221985
-9.326111
39.57022
1.2412415
19.776764
16.598755
19.93335
9.056549
6.748169
21.69168
39.349762
31.703552
16.641846
-1.8564758
12.244934
6.4210205
-11.192078
17.748322
-48.41623
3.4238892
15.931854
8.561829
-6.8612976
12.866913
11.204529
-17.550903
16.092072
41.367737
56.68695
-3.0793762
-43.624176
-3.138733
21.951508
8.539124
8.065582
9.815796
29.941315
32.162537
35.727997
29.311096
33.71338
15.426575
-57.044617
-44.006683
-24.877502
-13.779053
39.093292
17.249237
73.872925
13.376801
28.756287
2.7896729
-19.237915
-3.8771667
4.4213257
-26.89386
50.18521
-9.79303
12.935608
42.947083
21.469727
50.573303
45.00647
66.92642
10.280029
-4.819702
-31.717926
35.93811
-21.245941
15.075958
-8.425568
9.791351
3.3831787
38.04718
23.285736
22.14148
22.603485
13.169434
64.01599
32.822327
8.729462
-7.241455
-2.515747
-0.330719
5.812744
22.649078
-20.168976
33.152435
-4.9992065
6.176758
32.062286
59.720215
70.52307
19.674316
50.829773
-39.464264
1.9904175
-4.6814575
6.60614
13.260254
39.567047
38.540283
19.599945
9.719635
12.623016
15.347839
61.64334
36.06073
-32.35666
-4.9304504
39.08191
18.249329
-43.46512
28.873016
-8.891754
-19.256226
3.9978638
-31.94159
-2.2469788
37.885498
61.35257
45.446625
14.647736
44.975006
39.09326
5.3422546
-22.109985
-20.899475
-26.961212
-12.915497
0.33337402
2.7402954
54.512543
-34.85919
37.08792
51.66278
-0.6463318
7.9410706
75.45584
55.33008
46.346466
10.232452
-30.000092
-32.95288
-48.057556
-28.61914
-23.33197
43.365692
65.709015
83.482605
4.619385
39.14792
20.75772
2.8129883
-3.8651733
-15.148132
50.431274
4.0166626
-14.515869
14.1892395
22.531158
14.081299
-11.164215
21.33133
91.35693
65.71658
6.4974365
-14.666107
35.48932
0.5102539
-15.931488
-4.056793
13.718597
16.57315
45.09845
43.720093
15.52359
42.33362
-32.34961
-2.155365
43.466675
41.82483
19.813934
-17.644592
47.48047
47.697968
-12.641876
-22.560547
2.3791504
3.4837952
-16.887054
0.41174316
80.848694
40.527374
8.969574
41.078064
31.826263
47.274902
28.821533
-32.756805
-4.5242615
18.573639
-1.2528992
-1.7722168
25.093597
64.936646
40.011047
3.8861084
-10.232361
-29.242859
-52.54129
11.743317
3.1124878
8.14801
35.909454
25.831787
73.911316
33.8703
11.873962
-0.045684814
-5.0035095
8.832764
-11.894501
27.074799
40.516266
77.59442
-2.3002625
27.531494
56.824158
2.171051
44.72046
-2.2157898
-35.488007
-31.075134
-8.672668
-11.493622
33.03369
-5.1600647
47.548676
31.407867
59.49588
102.09888
30.423187
0.7043457
10.657196
-46.458252
-47.623596
-73.98755
24.328033
-0.84521484
59.818054
5.992096
54.07492
16.668488
31.110748
15.972382
67.5007
43.70352
54.804413
11.315063
1.3243103
7.6851196
42.135864
-27.15213
6.0568237
-10.0651245
-9.850037
0.25134277
6.16098
73.94705
16.87854
33.716553
44.82733
70.816925
4.8082275
19.879272
28.87146
51.818207
-9.005737
-0.80081177
24.007477
-2.5505981
5.9241333
38.457153
-11.445709
46.21512
27.382477
70.05261
42.577423
36.925415
23.867798
-16.349274
27.76886
15.517914
-11.111786
20.545868
4.705536
36.518982
28.05722
8.751678
48.84021
9.912384
-14.437042
48.33368
46.57489
4.461426
6.3430786
43.004913
12.6128845
48.10382
16.963806
1.716919
35.773865
70.06714
71.57663
-0.003326416
67.17572
-10.523712
57.24405
34.339233
-16.266418
6.248413
76.038605
31.115295
-30.33252
-18.022827
1.8788147
53.8562
16.997467
39.158447
15.974243
42.16217
34.10498
13.033264
15.424652
33.97467
4.6576843
-19.228699
33.817078
2.7421875
-16.987091
25.942627
38.956787
33.34543
35.6008
56.653748
39.272217
85.98392
47.352234
-34.722046
10.384125
-77.8884
-59.098175
11.874908
28.83606
43.879883
37.046844
99.453705
77.006744
43.15918
-1.2514343
54.37851
6.0478516
47.72946
4.234131
18.853119
17.89746
-47.90692
76.478
53.492035
58.076294
82.76593
38.7688
2.4537048
-48.079346
12.268768
57.256073
40.167786
68.64749
68.748474
-6.1424255
-19.443634
-27.395386
-4.0842285
36.56839
16.557129
63.07837
54.315033
39.673798
35.999634
22.970245
-12.268311
-5.6640625
58.38965
4.1261597
-0.47235107
13.739471
72.01767
15.068298
-6.0824585
37.40973
7.012329
54.36618
82.18088
1.3182068
45.61859
1.236145
-17.659576
5.6335144
-6.505554
12.132751
28.046143
10.5876465
-23.78067
31.51297
84.62363
85.89542
65.38385
15.124237
74.374115
-0.8052368
-24.69342
24.171356
5.840515
-12.974915
31.301086
-45.832336
20.035553
73.11163
57.95981
56.795837
112.72351
65.19101
42.940033
-32.756775
-30.580536
-39.383545
-36.47281
-17.636902
5.969757
35.788483
30.158905
98.88428
19.90326
69.19678
65.257965
74.82391
28.445343
16.745789
8.684784
-16.537048
-9.645782
-21.34253
-5.8318787
69.41858
66.0224
22.95877
27.18686
24.31894
13.514343
88.64462
2.9279175
48.702484
23.108154
37.452362
14.298157
-6.7815247
-9.226501
48.422607
96.42139
2.557495
-21.073792
5.3532715
51.192017
73.91385
66.84677
64.17578
23.601868
-9.298767
-9.874634
-31.829376
23.029022
44.784424
-3.2863464
30.080261
63.35196
84.45767
57.39624
42.23181
72.67651
60.177277
34.61261
38.099396
47.946228
48.117798
-1.9065552
-45.163605
-26.773743
-0.1552124
22.971313
51.667786
40.57834
63.82254
57.012512
75.24942
38.572754
22.256592
35.708313
1.7138672
34.00592
78.61713
72.5719
28.45462
52.345825
9.908173
9.858002
-59.94223
22.982605
38.621918
23.451965
35.527527
47.540283
34.736115
61.008453
50.155884
16.60431
32.291992
75.53668
38.17682
3.6126404
-50.04724
14.329773
50.82782
9.297638
26.060608
29.14087
92.49161
72.9935
78.63312
95.77554
8.450256
19.198273
-12.376984
-91.0379
-89.486145
-24.651642
24.338562
21.702148
49.762756
82.40427
88.82385
74.45752
98.80234
100.78946
-5.326538
6.8095703
30.575867
-26.738953
-5.3814697
-61.730743
8.316803
-35.943542
2.727234
16.473999
21.552368
50.69461
56.296844
123.76584
64.35791
52.187134
73.9834
4.1022034
19.44809
-30.059052
-15.616669
-7.111145
-15.163116
45.323242
44.333435
-37.54773
25.986572
43.06952
63.413635
39.299927
21.703827
68.54324
22.99826
83.55405
42.601257
62.50305
61.02353
20.272614
44.44284
10.096283
-22.87915
25.21289
-38.16565
-27.635803
35.01703
19.676758
19.61084
65.33078
-2.770813
90.951294
41.659393
10.286407
10.393768
17.287537
68.98483
34.30661
10.18869
1.5258179
13.420044
50.37491
17.088379
30.574463
41.66516
68.556305
7.3815002
24.043549
-6.7612305
50.517334
53.32773
4.2959595
14.639862
20.897583
80.86301
71.19766
73.389984
-16.643982
19.683716
42.23233
-5.12146
26.508667
25.414978
27.821503
31.327942
73.795654
32.193237
27.483185
52.583466
86.80878
11.4392395
80.01895
8.444916
93.70361
-11.206421
-2.0292358
-29.434448
-44.35608
38.554626
-18.869446
24.915497
57.147675
46.620087
48.182648
111.48941
61.794617
29.13556
119.11496
63.280823
3.2422485
33.38144
-12.868378
-84.104004
-0.44433594
-5.0994873
29.272827
-13.342926
-14.14975
104.06448
6.8572083
11.655457
86.20102
86.5813
58.785614
2.7139893
-56.98108
63.02899
16.593262
2.9211426
50.814026
55.72107
26.84311
-8.730682
-2.0665283
37.331116
4.270172
60.961548
48.188385
71.67145
48.48993
60.025604
61.582153
51.92865
40.611176
31.28772
-36.360504
29.933502
-20.497406
16.336578
-12.639465
16.087646
75.19684
17.371033
68.769165
77.31436
78.41492
22.236115
12.803375
36.204285
16.266296
26.20752
32.946747
18.42807
19.233368
119.95358
46.04187
18.70047
66.796844
-63.492004
5.246399
-36.316223
-12.49054
-4.4713745
80.10669
79.107605
115.78711
45.968384
72.23093
26.638855
14.395081
87.14108
33.82251
40.213562
3.0705261
-24.18695
48.23349
11.922424
-28.108368
36.25418
-2.1371155
36.472717
90.96741
81.37012
11.076782
30.375793
18.697693
46.915894
27.605469
32.96768
44.76355
22.08551
7.792328
24.147491
19.910828
36.098663
36.815125
-9.455963
70.32144
58.0784
101.276764
39.661743
45.274567
38.878113
-5.8651733
25.554352
-13.006897
-60.123444
24.257019
2.4003296
32.649323
151.47806
61.1958
96.37018
64.16965
48.683838
12.898285
49.539642
29.547546
19.520935
-34.628784
-45.673126
-21.326813
45.305115
-0.6089783
47.149048
1.9416199
70.39905
23.720917
53.50586
47.855194
108.567505
53.81311
47.13983
49.923706
1.1355591
-16.52008
52.34729
-36.023193
-5.162842
69.98755
54.291107
21.887024
15.95462
20.421265
61.97278
7.7032166
33.594666
9.559967
34.98343
50.85547
13.808777
60.43033
-2.5609741
42.829926
87.21765
102.2215
-46.00058
-4.839966
28.768768
8.44519
-18.764496
-13.226013
72.253204
68.69223
-6.9691772
86.09094
45.62262
33.003113
56.56967
7.4618835
-2.2896729
40.32199
48.460052
25.075348
52.6875
40.325836
10.271973
3.350647
52.777466
-0.46957397
27.680237
55.954468
-24.98529
6.8322754
41.514557
39.87805
-20.86618
66.15082
111.18121
13.599976
105.166595
52.795837
90.820526
28.397247
-5.6366577
-61.85489
-50.71512
21.816772
-15.978577
3.3048706
32.45508
-6.182007
99.5542
85.57977
72.600525
64.176605
76.45935
0.31939697
30.199402
-12.54068
83.63724
45.770935
41.723907
-19.528473
-44.26941
9.770142
-30.852081
72.47882
97.90024
67.542175
71.19299
91.31662
-37.65921
-15.069275
-29.60318
22.109558
16.789246
18.260193
64.69357
24.805908
39.53528
7.843231
10.183746
32.731567
63.33197
65.18829
31.132416
88.64996
45.109802
40.444214
18.731262
56.225952
-41.989532
9.324707
0.7236023
13.740173
-7.217804
-4.3808594
24.234741
78.53714
67.45935
29.971405
68.21997
14.90213
37.25171
70.605225
4.31546
61.78128
4.9049683
104.518005
48.212616
75.937744
-2.39505
-1.3953552
-41.697144
-1.7451172
-2.544464
50.891113
1.237915
32.942993
113.332825
77.4505
81.87985
68.23065
37.39023
1.0470581
56.131256
49.256348
-66.104614
30.54248
-0.51104736
-15.427002
3.195343
58.504547
44.282898
-0.83221436
71.29303
68.27319
50.642365
69.86478
27.013641
-15.327209
41.50305
61.213562
25.19931
67.68817
-5.519928
31.776978
-25.152039
15.088257
16.97113
24.96399
57.938507
58.56723
44.817627
68.260315
17.389648
5.7805786
52.872253
12.229736
81.07828
100.710815
-23.408813
-18.114258
6.693695
7.1202087
12.045227
28.935425
23.949585
95.40973
64.34592
38.39615
95.03363
27.200928
-1.762085
-2.344452
-42.230682
72.17874
42.928894
17.307892
38.834167
62.108948
62.11145
84.768036
-51.11908
-35.74182
55.628754
47.77237
6.9237976
74.033325
24.9346
14.2152405
52.09137
79.30826
53.781006
30.650452
11.014709
57.789368
40.361664
38.842987
10.457611
-5.3301086
32.177826
-27.650513
48.65732
11.42923
64.59064
71.34982
104.24011
20.47882
37.97809
21.723297
-1.4136963
49.904236
45.3006
87.99454
3.311676
7.2122803
47.407654
29.49527
26.004883
60.8273
13.854797
54.986115
8.468903
117.58658
57.251404
-5.9647827
34.133514
85.28415
27.955841
-6.6927795
21.436707
-9.932983
12.454285
47.28607
9.080505
71.569244
62.940033
-3.546814
16.032227
48.973877
56.617584
36.152344
109.98428
54.06967
58.79242
49.90439
11.10318
23.428131
-44.833435
-40.227203
7.6661987
59.59839
79.0603
45.852386
48.471497
51.30652
57.93033
9.437378
70.39215
48.53714
24.54126
25.358643
42.255737
73.59039
50.607697
30.615051
1.9566956
-13.635071
53.15335
17.492645
9.5372925
60.89331
30.735413
24.674225
118.46359
22.12854
37.693176
40.901855
8.905457
53.149475
87.50357
42.647766
24.560822
-1.9347534
33.150177
37.72162
32.220642
3.1133728
95.60376
93.1702
53.50125
52.36252
-21.926117
103.10489
12.800903
-17.996765
121.00223
61.02652
19.413544
12.36673
55.23871
-4.222595
16.99823
-7.3378296
94.292206
122.94714
77.424225
79.996765
22.731262
0.9844971
22.805908
-12.115875
15.999878
17.453766
3.7126465
12.979889
30.611511
79.40509
119.0253
70.35855
73.088684
20.80954
-8.845947
-13.505432
-21.39383
89.34799
32.47693
31.533539
64.492584
24.70401
-9.136902
42.3472
37.15155
76.12479
39.520386
32.783478
7.0095215
38.52066
29.397522
45.4505
23.417145
88.37726
76.3804
36.879395
45.81302
0.66845703
11.847687
75.18332
38.598633
55.603638
34.761963
7.5422363
28.470795
55.67227
49.79767
71.29318
44.77173
70.114746
54.62799
8.584595
3.436676
-38.604156
77.49948
43.06891
41.26706
68.880554
43.258545
55.438934
87.84598
30.20404
66.35019
40.04669
78.48953
2.3771362
40.022644
-22.835999
-16.930298
50.59781
44.121735
65.29001
89.19321
51.712067
59.29593
59.196747
68.62253
49.466125
45.135895
46.18405
5.927307
46.604187
-2.6003723
2.6593018
26.851532
-9.822998
1.3384705
94.794464
76.76813
66.84833
50.667725
46.64273
40.366608
-2.876648
19.84906
-1.0595093
34.748688
26.79483
35.739014
67.158966
27.039215
63.674896
-23.810822
-34.1416
27.966736
58.80774
87.46652
80.181915
79.73514
48.304504
48.966858
-17.824615
33.588745
-21.019135
5.190338
15.120483
59.54184
-31.425995
29.94223
75.269806
78.64325
33.187866
33.207886
2.3872986
32.707184
16.982391
37.349426
28.125793
26.391663
28.693817
-24.03247
39.70508
46.418243
33.695496
81.67355
-14.432983
20.576172
50.65497
102.8634
2.3176575
-10.151703
-16.463898
-7.6779785
61.821686
40.75528
19.61728
46.645386
36.59665
63.42511
65.19034
46.594574
20.698761
25.344727
25.691956
-14.867035
27.831482
15.598389
24.145294
47.44168
29.153381
52.380157
10.028687
64.41431
49.453278
35.26071
27.475616
34.48166
44.663666
40.22632
5.525879
57.025116
3.0863953
83.131714
57.58319
19.703857
15.400482
-23.897675
38.898834
45.670074
113.50107
71.23764
107.71225
-4.537384
-31.805145
-38.668488
-31.453827
49.679962
56.092957
90.20166
47.803375
65.62692
37.111786
4.37735
11.625458
27.06137
25.210815
-4.169281
-18.76355
-5.7724915
3.9358215
60.74347
46.714813
88.18353
38.88214
35.5318
42.918427
18.613892
20.550964
6.475067
57.62021
41.303894
2.7934265
14.229095
53.329834
62.67987
19.530273
33.047577
44.057648
107.9353
20.088684
18.947174
25.207916
31.985565
-12.964386
61.04767
75.69098
66.27438
71.11847
25.195557
5.782898
-3.2347412
17.0719
-15.499817
-3.3363647
14.219116
56.506165
10.875275
92.95062
49.612274
0.6609802
22.765076
49.06772
35.360138
61.9086
54.45352
59.891083
7.860382
3.3585205
12.350128
3.55307
36.205566
8.786591
69.96863
77.29245
61.934326
52.14102
14.986908
-19.302856
11.098053
-3.124817
16.710297
1.2583923
2.537201
34.01175
48.346924
89.63849
65.45096
41.948242
38.054596
-1.7726135
-9.056152
33.20096
1.9854736
60.401123
68.48709
-9.215179
13.51358
44.835052
86.07761
42.811584
52.534058
35.271484
44.531555
35.027557
40.417206
1.9671631
63.723907
-3.0416565
36.03595
22.180634
50.60443
69.35736
69.92804
93.01956
-7.0431213
86.3797
-23.923767
7.5806274
25.667389
46.204224
31.04596
12.838318
10.783295
42.325195
41.395386
12.944946
30.779327
61.81015
118.70053
9.962524
61.054382
0.8897095
-12.874847
0.084228516
71.762726
35.524536
47.053345
42.151276
89.15662
62.151825
6.336151
18.184235
46.828094
78.78009
36.367096
23.905884
41.948853
63.147583
41.951904
67.030914
33.255493
12.66217
10.29245
39.85013
10.686981
38.165314
90.760345
93.384705
31.717987
6.2227783
57.41971
37.07135
48.634857
14.011139
61.45456
