15145.08
20383.004
13522.382
9546.963
7376.1265
6664.363
5886.703
5308.165
4945.2324
4587.1265
4302.549
4053.5024
3765.5503
3571.7747
3290.5469
3162.2466
2987.0786
2752.0488
2591.7002
2430.5781
2259.2202
2194.5593
2034.7766
1892.1217
1704.112
1641.6482
1507.1404
1418.563
1312.4946
1240.3662
1132.1575
1013.838
967.5631
869.4788
824.8773
766.65137
685.66345
605.8533
574.0992
505.65137
468.61224
392.24414
372.91455
320.20148
263.0987
242.0314
240.67398
192.7868
144.18642
133.88025
123.06265
83.38977
70.31351
37.68457
22.872543
1.8874283
9.883423
-29.345192
-27.157478
-14.784378
-57.95685
-47.466408
-53.286118
-49.718307
-72.32838
-38.1075
-42.114563
-65.482834
-82.441895
-69.691925
-69.618484
-68.145584
-53.902237
-80.753555
-49.81022
-20.93525
-65.830536
-62.333862
-61.241707
-58.115997
-54.94185
-24.263214
-47.879654
-44.416023
-25.165085
-45.542038
-46.444595
-23.667107
-13.102966
-14.246536
-2.507492
22.730759
50.59146
13.751587
9.55587
25.424438
11.408249
28.97287
3.7207642
40.347717
33.306625
17.069489
27.679977
10.846893
37.77829
7.210678
14.199081
45.945114
7.4560547
21.254227
-2.6770477
35.481796
30.293365
18.342392
1.2774353
27.52385
19.232498
-13.415131
29.080261
25.532623
20.133286
4.1197968
7.6970825
40.6837
42.388275
19.239716
22.851181
29.139923
21.651993
13.485443
30.876144
8.441559
21.61647
38.544327
33.958466
25.711746
32.976715
20.875183
14.636154
24.178436
32.934357
36.582413
19.12059
5.9356995
16.40422
-1.0435791
3.9666443
3.400177
36.022217
50.106186
30.17517
22.873413
3.7065887
32.557053
24.459396
-5.393158
24.55983
4.0911407
12.435318
35.641525
34.658585
9.347336
19.811432
26.67241
28.87027
26.57698
17.716278
21.141968
9.215958
15.811554
21.418884
24.150894
18.99173
-0.2906189
11.034912
-11.174469
42.01239
-2.1231537
11.5507965
23.779129
8.187698
23.326782
38.459427
35.74655
13.251114
30.840195
20.326828
18.68132
12.973373
16.057037
3.4747772
16.701187
37.28589
38.472763
33.661057
22.645248
21.247635
21.411621
9.573883
11.977722
7.1415863
19.358627
13.778427
18.745667
24.080765
37.96469
17.56195
14.105087
19.553833
0.99768066
4.7012787
9.311707
11.223038
18.364014
18.6241
24.260208
16.309967
27.523163
13.3607025
31.770966
12.948074
17.6875
26.56456
12.226105
15.422531
22.766571
-1.0508118
19.344894
22.915588
40.957092
16.136993
23.118103
25.539536
19.27835
5.4675446
20.021225
19.978607
17.303482
2.700119
-3.2433472
3.7033234
19.493713
44.528824
15.332291
14.62677
34.302338
3.581726
11.782135
19.139648
18.079987
19.264893
28.088776
32.344696
20.758148
6.4775085
6.4922485
18.77591
-1.17276
7.7246857
7.322769
29.001785
11.652359
18.841629
20.243408
23.228226
34.422546
16.644562
11.130539
23.463867
4.894394
9.832504
9.687973
34.313263
12.433014
12.568771
26.401245
3.1477203
32.568954
3.092392
-5.244217
14.71286
15.231308
4.684082
23.7845
9.660904
8.735306
20.279587
3.8469696
12.256561
17.64508
6.4308167
24.845276
12.45079
5.693207
20.716309
2.0646667
9.7074585
23.267029
34.790146
28.548203
5.283432
-3.5664978
15.428543
31.220718
9.309418
6.1222076
16.729874
22.666565
13.120056
15.838318
24.214005
27.917679
16.98497
10.226318
16.331802
8.08577
5.6170654
-4.069092
6.520767
15.05748
15.452988
10.323227
16.1801
17.715652
8.986832
30.299026
14.194519
9.13858
18.754547
1.3132782
15.614532
13.073883
22.375748
20.131042
16.676147
-2.8346558
45.16986
1.0282898
-4.015625
27.860153
22.811905
10.6480255
12.9952545
5.0855713
17.36731
12.959778
25.193878
11.060028
18.251373
10.435623
11.608322
-2.4077454
6.0657654
17.191177
17.265839
9.488876
7.8981934
8.717789
16.433899
3.4648132
9.4639435
27.264572
8.642654
10.209961
-1.1303558
-3.5442963
8.0455475
19.611206
23.020798
17.496078
12.565582
17.55008
-1.425705
22.825394
1.1334839
4.554779
8.3628235
7.871048
8.629822
5.845337
10.389252
8.500412
21.234512
39.95996
7.6861115
8.684982
9.611923
10.858673
17.90857
14.563705
22.448578
35.027084
9.501404
12.601044
24.85907
9.013138
6.6307526
3.6220703
-4.972824
3.9346008
3.2834167
8.305679
8.946777
-1.1992035
-2.8681488
3.033844
-1.1038208
-0.65000916
14.689804
15.748688
12.764191
20.043823
7.407837
16.47055
7.9937744
6.1891937
12.1514435
12.208084
15.223862
0.85176086
14.312302
15.313812
2.2405548
14.330872
7.0870667
9.962631
28.25853
3.084015
-0.6248627
22.313278
11.932205
6.278946
21.115921
18.637756
8.3385315
12.674408
19.115585
7.3921204
10.530502
10.912247
24.603363
10.664673
10.465927
7.0920715
-0.19155884
12.286041
24.210983
-2.7434845
-1.0714417
-4.212372
4.5030365
3.3258057
5.6477966
1.392456
13.666458
6.7512665
12.884552
8.8038025
-2.8730621
8.761902
19.473495
5.556427
12.368546
4.784378
28.422363
8.744003
14.871048
9.563446
12.599152
5.9035034
4.2171783
15.435089
0.9264374
-10.045746
8.491196
-2.827011
3.237915
12.433426
11.284912
8.651718
2.640442
-1.0094299
10.237061
1.5576324
-1.1345825
13.741623
17.852219
3.555725
15.003067
8.2948
7.8499146
10.053741
8.488541
17.228195
9.732483
23.838196
1.7943878
10.822937
-9.037338
24.746368
20.463928
-5.481262
22.254623
20.518906
22.725403
3.546341
11.42334
7.3511047
9.134262
13.555618
13.378845
-3.5298462
2.8329773
-2.3412628
-7.695282
-1.7418976
1.9853668
-0.66542053
15.49585
-2.1779175
10.79248
-4.1563873
7.557129
-2.0399475
11.593384
-2.9397888
8.492844
7.186203
1.8857117
-1.9194946
14.993149
15.2083435
8.8629
18.755798
8.162628
-5.7878113
-4.3507385
3.8309326
2.6386719
50.841385
32.091568
0.5737152
22.484009
9.372284
8.077148
9.093338
9.708374
7.0062256
17.367096
7.926956
-3.2387695
1.5110626
2.208603
7.824875
4.3515625
9.1336975
5.6435547
22.782455
2.233429
-3.4458618
-5.8283386
16.835434
6.757614
5.470566
17.137375
16.49324
2.0547485
12.011093
-5.717453
3.735672
5.6787567
10.2435
14.561493
8.161407
1.5786743
-2.8293152
8.607864
20.85054
12.6493225
3.8407288
7.6231384
6.266098
-3.8072968
-8.093674
-7.64357
-0.653244
-3.159378
4.412979
-8.308197
16.54869
4.2369843
16.130219
1.4345093
10.388702
32.45764
13.924194
14.009293
34.084595
8.554977
2.9944
24.598068
18.046524
12.476852
17.19014
6.9501953
0.26464844
-6.145294
13.401108
-3.1736908
-5.4405365
-14.610535
3.6003418
-3.613556
1.4472198
-2.2982483
6.1488495
10.39035
18.228012
1.4808807
-9.624374
3.1749268
7.8821564
7.297714
-5.998886
-6.8951874
1.8600616
18.120148
2.6327667
21.951477
3.8643036
-4.306885
-10.000381
13.35997
-0.9807129
6.2523804
2.1387482
-4.9715576
12.337112
19.532822
-3.7210083
-7.8853455
2.1137238
-0.613327
-3.7335663
-12.82692
10.108826
14.122482
11.523804
-2.4736633
1.6746216
0.7230835
-1.3217163
9.009247
8.587158
0.4719696
-14.720978
9.148163
14.225723
-17.631287
-1.2115326
-12.752228
31.877686
20.949768
-4.4678345
-2.4103394
5.4850006
7.714752
1.9329376
-1.9252777
-11.671158
2.319687
4.2358856
28.268723
10.149399
-7.784149
-0.19651794
-4.7742004
6.213135
-11.281479
-9.247696
-12.837402
12.609131
-14.464218
-2.6872406
-11.048553
34.44342
21.032455
11.928131
3.9773407
-17.506104
7.0060883
13.484772
-18.900757
-16.295547
-11.171082
-2.9566498
2.8206635
-3.2100525
-11.522079
-25.21016
2.4003448
6.0953827
-16.657455
20.879929
6.6128693
-0.47683716
41.99643
-4.560486
4.3598633
-12.455215
2.5925293
-13.723984
-17.397034
9.780273
-14.205704
-5.6422577
-13.2673645
-4.697113
5.4397583
-3.9967499
-4.502426
29.732391
47.7744
-24.17868
-17.734573
-11.360687
16.405716
-33.696945
-21.242722
-20.792587
-28.571686
-3.4852905
11.204742
4.5631104
-15.914642
-24.59114
-5.3741455
-0.2763214
2.312851
42.139038
15.859238
-13.291946
18.485794
6.8094788
-7.850357
-23.237732
-0.8036957
-45.79254
-26.299438
-22.68872
-25.228622
-0.58688354
-7.233856
9.616318
25.548508
26.973816
-11.901627
-16.93254
9.513657
-12.201477
7.2632294
-12.620392
18.40152
-3.01622
-10.642822
-4.9185333
-3.885559
-38.172684
-4.956711
-20.512009
2.0294952
-1.6775055
17.390625
40.471054
-5.6319275
-1.763977
-29.008606
-12.33223
-31.537796
-17.98619
-10.453232
5.4746704
-11.245972
28.62799
21.224274
-17.936737
-8.930847
-29.498901
26.406921
-9.157562
-15.053467
0.74731445
-3.3256989
3.5684662
-29.182434
26.855011
-12.528732
-12.189896
-8.883484
-12.167725
-18.149857
19.290985
12.121765
-18.615143
-22.695404
19.114853
-9.704712
14.723694
10.432846
-23.855667
11.756821
-33.756073
-13.760086
-8.247803
0.94125366
-6.624222
12.048904
-33.75229
20.536285
-35.55774
0.5157013
0.34751892
-3.0718231
16.179642
-15.453629
-35.600708
-43.885574
-27.905914
16.387482
3.4156494
5.3930817
-5.2982025
-26.391663
6.968384
-13.844955
6.8490143
-17.8685
-33.22725
-2.4859924
10.248337
12.051025
5.017334
0.29074097
1.9037323
-15.289154
-46.08719
16.083298
-14.278534
-9.487076
-19.007904
-3.6705933
17.778946
0.99954224
-3.0345001
-27.453476
-22.599472
-52.994644
-30.753387
10.538956
-46.26712
-15.542801
-6.3583374
32.368683
18.824585
-31.951294
-31.437088
-26.239487
-36.8367
-30.469559
-12.422256
0.5172577
-13.5781555
60.78987
-7.314316
-14.438431
19.715256
25.065887
0.6881561
6.3410645
-24.080856
-46.794586
-58.765457
0.061676025
1.920166
-10.672226
-33.212433
-6.3250732
-13.777512
19.62648
-39.36267
10.971115
15.657349
45.095688
-19.043701
-17.533081
-2.7314148
2.6256256
-7.0218353
-9.888489
18.998352
-47.811584
-6.105957
-12.833511
-6.6058807
-17.442108
-14.767181
-20.197968
-11.735092
-3.1473389
9.883026
5.2386017
0.47154236
-23.143906
-20.783356
17.171402
-27.395569
-17.967941
-59.47133
-19.575089
18.657455
1.4049225
-11.147537
57.2769
-7.0070953
31.413177
0.6711426
-23.393387
6.489105
-3.485321
-47.3694
-38.62462
-65.14484
-47.71187
-19.797318
-50.271606
5.9527435
-33.235916
-24.620255
2.8858948
29.710373
34.145645
-13.183685
37.101486
23.463211
-20.685577
-16.441422
-44.32663
-61.76248
-67.314224
-40.465454
-10.957916
-23.529587
-43.085632
-30.288345
21.700516
6.4284973
7.491928
18.746597
23.242752
4.805313
31.275803
8.205048
-14.654877
-17.252594
-0.95918274
-12.09285
-4.935135
5.473526
-22.91629
-44.0336
-13.650177
-23.828827
-14.112076
-16.486893
8.155121
0.4721985
48.181015
-11.327881
23.001556
-5.353012
-19.163498
-15.849136
-3.1338348
-22.24382
-11.544373
0.021072388
14.674347
-19.712128
-43.82834
-27.643219
-5.546829
-3.445938
-13.47261
-8.748795
1.742096
-8.11525
-20.494705
-3.2618713
35.763306
2.1042633
23.85849
17.992722
-15.120331
-14.338058
-11.728027
-49.425446
-32.449966
-12.030075
-46.806
-51.033737
-25.688171
-4.695862
0.27897644
43.87166
12.950073
12.3364105
-7.7411194
25.32254
-52.32895
-8.140228
-34.82451
-28.22522
-2.7706757
-33.46994
-34.402145
5.832489
1.3821716
4.8165436
5.912018
17.147324
7.3437805
-47.372986
-23.045593
-7.7093353
-36.395844
-15.659042
-4.1887054
1.2565308
-1.680542
-5.2471924
-15.677856
-17.330246
-2.72818
24.844482
9.612946
-47.87915
-36.43692
-21.11525
-5.552826
-13.878662
-14.787399
-34.471054
-36.572357
-11.845093
-37.583786
72.726105
15.383026
14.384079
-14.01442
31.235352
-6.198471
-23.439484
-12.597031
-22.851196
-45.583237
-60.904663
-61.2433
-38.012924
-18.982697
13.795898
9.153336
89.5887
6.759201
41.537827
-19.116577
-27.453995
-41.18814
-36.925064
-47.1203
-29.004532
-14.913055
-33.047134
-0.4193573
14.396118
-16.934341
-11.991409
17.541122
10.7276
12.21788
-9.834045
12.346832
10.591339
15.926147
21.588135
-26.222885
-38.186417
-34.319992
-21.950363
-16.333939
17.28331
-15.178955
-26.999191
-31.782715
-7.115753
-14.284363
-25.770355
-23.762817
34.170456
12.897888
4.2485046
-3.8574066
32.79489
-22.195496
-6.1055145
-3.2840881
15.160645
-34.04364
-25.04158
-28.201721
-7.142975
1.3686676
-36.05638
-37.537308
-18.917847
-45.898544
10.674179
2.4668121
24.158508
-15.234436
16.128342
23.99559
-21.145355
-35.13707
11.739868
-40.512543
-38.041
-32.647934
-33.223022
-35.327057
-22.214691
21.367691
-7.343857
-14.22139
35.04973
52.22267
-48.466354
-8.29248
-3.8217163
-12.871231
-26.601288
-20.489838
10.351822
-16.053604
-23.200562
-43.421555
-9.094696
-10.124924
7.994461
-12.917465
18.83519
-24.614899
-15.486618
1.6017151
5.278549
-16.936722
15.586472
-17.617767
-50.003418
-20.111725
0.25567627
14.492462
-31.337387
-37.165543
-51.208405
64.066605
13.540527
-10.914154
-43.736786
-34.45102
-9.160599
-35.59015
8.595139
-9.485062
-4.3122253
-35.599533
10.76326
-63.64395
-1.9938354
-24.699707
4.569504
39.987152
10.983292
-15.183212
-33.366394
12.487457
-54.13594
-31.20314
-30.09903
-2.2939758
-33.31711
6.913849
3.982132
18.610886
-16.636566
-26.610168
21.866455
-40.02751
-9.489746
24.087723
-23.943817
-29.937378
-48.496735
-43.788986
39.83026
-26.133484
22.660202
-27.514984
-48.062576
-9.534988
-39.82875
-8.878891
23.248016
-22.33052
3.9097595
-30.779205
-26.47853
-38.834076
-10.125397
-4.7414856
27.640808
39.75273
-25.479675
-39.07129
-37.673904
-22.272415
-1.5858307
-55.302597
-12.365829
26.163834
-38.121017
4.935135
20.747879
-18.993225
-16.991394
-2.140213
-40.826996
10.649033
-56.493362
-60.85083
-42.940125
32.01233
13.017715
-23.818909
8.68396
-1.2662354
-24.37027
13.875458
5.8789673
-33.268356
-57.504044
-74.08876
-20.58751
-17.413269
-27.210953
-3.724533
-44.59503
2.7428284
-24.15799
24.049347
30.318954
27.177826
-45.08873
-76.257675
-54.311554
15.588028
-43.30475
-71.722824
-33.807114
2.231964
-5.3439484
-17.802628
19.518127
7.4599457
1.8476257
-19.568039
-26.499634
49.33075
-1.2331238
-46.93216
-19.48529
-33.996857
-13.8593445
5.1883087
-25.598343
-31.393661
5.492111
25.307175
20.170807
-29.935883
-24.18985
-46.38994
-30.288132
-64.651474
-19.992859
-19.226746
3.4199982
-19.021317
-39.44803
31.792648
-12.533279
10.882202
-44.150482
-2.5138855
-23.864319
-12.452209
-44.715286
-33.308945
29.232483
0.9870758
-47.336777
-9.723434
-46.234848
-23.981567
-17.420609
-1.2570038
32.088898
-26.082901
-15.676102
-25.867477
-13.927841
12.188293
-35.70758
-20.151031
-41.68257
18.230667
-26.379349
-37.476288
-33.41069
-47.852524
-66.877304
-50.001236
-45.717102
44.418655
32.0979
3.3879547
67.458176
-4.3038177
-35.732132
-64.80353
-78.30473
-82.91257
-47.84967
-72.82953
-19.489471
-33.675354
-14.330414
24.76442
13.455551
41.33522
48.403473
-1.8159027
43.63713
-12.6015625
2.2196503
-7.214142
-48.150574
-70.140854
-47.40303
-25.545761
-45.474945
-56.338104
-10.030548
18.129944
14.871979
1.5287018
-4.9690704
-0.43571472
5.7845764
1.1205597
-38.821472
3.1651
22.124207
-9.264801
7.577362
-19.348938
-11.506699
-29.129852
-20.162903
-7.4646454
11.900803
18.143875
-63.315002
-21.38266
-4.0086823
-34.480545
-37.413574
-26.603088
10.138214
-23.654434
-23.29486
9.245331
-23.026337
-2.3778992
-16.411407
-13.3992
33.56064
-5.357086
-1.1477966
-55.3049
-29.358337
-26.438187
-34.98317
-36.760223
-58.276077
-30.19049
-17.122284
-3.1396332
-9.403152
38.766327
-32.59738
11.132874
25.323761
-51.61641
-46.399033
-62.112595
-15.998932
4.4196625
-14.178741
-46.09581
-64.10727
-11.800186
-26.94873
-39.890244
-24.652985
-25.305283
2.6042938
-5.6341705
56.128265
35.49727
10.282532
-39.056595
-64.47238
-76.70697
-69.91222
-84.68863
-46.119934
-49.95276
-50.290558
-42.30742
17.755768
-3.664688
-23.311066
1.4466705
81.91588
-6.7010803
5.2413483
19.153564
10.72876
-0.6472473
-17.36824
-14.624771
-44.132446
-54.420166
-46.968918
-41.353394
-23.338943
-36.367935
-24.992844
16.86972
-19.512909
15.851578
29.27974
-13.953323
32.362183
8.120407
-0.9277954
-28.750092
18.437012
-10.947876
46.96695
-18.904755
-28.643799
-41.524765
-29.505356
-20.853317
-16.316193
-34.617935
-28.086304
-15.4487915
19.316193
-30.760727
-21.875763
-0.38755798
25.668716
18.469498
-35.297363
-15.342453
-25.533768
-20.00708
37.82213
-30.791275
3.5048218
3.6273193
0.56240845
-56.955856
-34.24594
-50.678223
-26.669708
14.201981
-13.569534
-37.673584
-29.49176
-51.57364
-8.0724945
-30.433151
7.2508087
4.8602448
-19.511047
57.95755
-15.622055
15.071243
-25.891327
-31.937943
-33.52182
10.6419525
-51.125168
-22.641357
-2.5020752
-30.970703
-51.54808
-39.94774
-30.299835
-12.757492
-21.17688
20.094498
-19.367462
12.405579
22.668304
61.956253
-23.785217
-60.11824
-46.27362
-63.199295
-38.74225
-62.40831
-21.567719
-49.21472
-36.285797
-30.640717
42.370255
32.84729
-0.7555847
-3.7631226
-56.843765
-10.51738
31.11322
-13.896942
-12.703842
-40.11682
-39.748215
16.378052
11.556366
3.760498
-38.374817
-4.7970276
-7.6221313
-50.658417
0.58184814
-16.617859
7.392761
-0.6030731
5.2134705
-52.034103
-23.73671
-24.632294
-35.85388
-50.630417
-40.38002
26.360138
14.60817
36.680206
20.185394
-25.426987
-41.229675
-32.24739
-30.329361
-57.73723
-33.48355
-14.458817
-34.08101
-7.8471985
33.92862
-4.9418488
-11.397949
42.51425
-11.913223
-29.457642
-13.946533
-36.731186
-24.049637
-18.225159
-30.256973
-27.197754
-28.549576
-29.941849
-24.749619
-34.57228
-5.1318207
-7.14592
-33.81813
-30.984787
22.722015
34.044113
-25.025208
29.762161
-2.3049164
-34.868835
-29.891647
4.5595856
-64.06036
-30.761337
-54.154205
-41.16336
-17.169373
-31.325394
-25.536697
-4.8427734
-2.7591705
15.515015
6.568527
-13.965195
-42.641052
-39.964188
-18.387909
-7.2272186
-36.66214
-41.50621
-38.41661
-6.4882965
-23.462494
-36.384308
-12.551025
-30.777954
55.225906
-39.991776
-12.647156
-30.383316
-1.3635864
13.705566
25.266113
-19.823196
-25.945206
-52.628494
-41.293304
-35.590546
-13.899948
-6.6060333
-36.517395
-41.409348
-1.0687103
-17.927002
-57.71515
-11.752533
21.616074
23.5056
44.06624
-60.40042
-37.221497
-78.83511
-59.540695
-28.634796
-41.296204
-19.991837
26.590225
11.787857
8.071259
-22.929855
-16.374863
-55.870773
-43.71176
-12.727295
-28.270554
-17.303085
-31.313156
-4.7984924
-75.35675
-10.028412
-18.57602
-17.050034
-18.835205
-6.6594086
-7.936157
-7.123825
-46.485947
0.22393799
-38.483536
-33.99289
-41.578796
-62.57634
-49.94313
-7.413452
-34.62451
-25.184708
13.756332
32.042465
-62.371384
-24.11522
-36.763992
-1.3711853
-14.58577
-73.16359
-39.486374
-31.262192
-14.776627
-8.133942
69.30461
-23.024582
-70.90816
-46.591583
-66.97734
-65.6225
-73.23605
-11.159836
-1.832367
-34.032196
45.34575
71.94884
15.518402
8.133789
-42.165817
-58.400543
-50.096954
-62.419342
-78.07443
-55.367554
-53.721542
11.187714
28.26413
-13.585236
-2.690689
-16.335632
-26.358307
17.094223
12.279175
-0.27012634
-12.508377
-34.586502
-37.6868
-12.304352
-51.699203
-39.16472
-7.9377594
-5.92247
14.871002
5.55986
-24.544464
-34.818665
-28.193497
-33.0627
12.909897
-48.088318
-53.515686
-70.91812
-11.325424
-3.359604
17.194168
47.782593
-23.75821
-41.80406
-28.23973
-9.431808
-23.489258
-62.28183
-40.370056
-49.499374
-35.505142
-11.12262
18.968475
-29.062286
-8.085571
0.4650116
-13.911926
17.052322
20.343033
15.032379
-5.3219757
-26.874802
-61.803284
-27.746582
-23.72641
-70.173874
-13.896454
-38.273804
-39.018494
-22.958939
-18.559998
3.9358063
41.984207
14.25531
-0.7032471
-50.776627
-37.30797
-5.19693
-33.349823
-32.27774
-35.23729
-52.06653
-32.598907
-19.017807
-47.90616
7.003357
-14.8767395
8.100403
-17.535278
39.362747
-14.966248
-31.897324
-18.013947
-9.067886
-62.932358
-35.358932
-44.00377
-77.37581
1.2321014
5.302841
-8.398483
-63.92845
-14.657166
5.1272736
3.459259
-21.433365
4.3852844
-16.973007
-43.16574
-37.281296
-51.322388
-45.94409
58.563522
-35.66809
-59.827347
-47.414047
15.572784
-57.261734
-35.62767
-10.108246
42.59871
0.30426025
-2.2756348
-41.704727
-50.6736
8.756058
34.255646
-49.19017
-50.09262
-14.598587
-58.30414
-32.141006
-43.178787
-10.342224
-25.43605
-2.4770355
-44.498337
-30.861511
25.269745
1.5745544
24.228622
-19.484985
-2.0862122
-14.880737
-2.3618011
-48.353104
-70.52562
7.5097046
30.468872
-2.0766754
-0.57444763
-52.233383
-30.763702
-28.325607
5.114273
-2.137085
-55.122635
-78.82088
-64.59607
8.958374
-22.073929
-17.319077
-42.127594
7.7608337
2.0259857
-27.28894
-47.648026
4.6446686
-5.125412
-52.60457
-44.20294
-53.675552
-55.154907
-17.46643
27.311935
-16.928314
-50.637207
-7.896393
12.533234
5.640518
-22.60234
-43.146988
-2.1203003
-67.26059
-53.04178
-20.494461
-31.84346
-43.3649
-50.057907
-36.69954
-32.05336
-56.22966
-27.256836
-37.018234
-28.528137
36.196426
7.585037
-0.09414673
-0.4039154
5.4322968
-76.428406
-60.899796
-46.683228
-10.494019
-58.24823
-67.29207
-23.482986
-15.5434265
-2.9190674
-41.622467
-52.24933
48.574448
20.383438
17.53746
-8.958466
-29.760406
-55.564835
-68.96831
-69.980804
-71.965805
-49.889023
-66.29993
-12.01384
3.180191
-3.1270752
20.81781
39.40454
6.6342773
4.0660095
-31.101364
-8.199478
-32.065033
-55.77849
-15.903564
-41.200974
-28.561172
-1.7453613
25.694778
1.6699066
-2.5758972
-25.500717
-49.411224
-21.631134
-7.80632
23.066864
-18.66774
-13.916565
-3.8121338
-34.859406
0.47413635
-22.10231
5.9316254
-10.607437
-37.477325
-16.702454
-13.269745
35.49489
-15.271042
-33.88298
-42.302185
-32.77356
-9.469147
-11.883926
20.753784
14.112747
-59.84099
-37.63176
-54.202576
-45.7975
-28.859192
-27.689148
15.599487
-1.2572937
-0.8947754
-25.80838
-23.555573
9.934998
-33.830673
-24.619019
-53.05899
-37.912018
-29.122284
-12.372955
-38.844193
17.542221
1.7153015
-10.4036255
-28.846802
-23.56253
-13.38945
-3.5939941
-13.244156
-44.55716
3.9456635
-50.767624
22.701538
2.9218903
-46.502518
-51.93506
-60.547745
-27.1391
31.091965
-60.489548
32.42433
-24.79071
-8.561432
-24.304077
-23.118042
-36.78038
-36.279373
-26.98085
10.909836
-32.823578
5.36322
-11.39653
-50.05786
-14.867737
-38.927658
-73.33995
-34.625534
-23.199356
-32.197342
-29.482758
-57.399277
-8.945862
-49.42177
44.95349
32.96541
-37.087982
-33.992966
-89.890884
-87.769585
-16.743286
-97.560165
-69.48642
-5.788208
36.39093
-19.877182
-0.59765625
29.761063
14.747971
-1.8089905
19.50029
-43.919937
-46.524612
-51.988373
5.0707703
-40.47238
-73.71773
-50.573456
-32.184555
-30.84813
11.710709
15.108994
20.193924
8.475113
-22.7836
29.540298
-17.893173
5.729904
-27.083664
-35.423294
-44.682632
-38.44969
-13.219223
-38.408905
-19.070465
-32.85843
-17.3199
-21.131165
-12.146805
9.464798
42.959167
5.559326
-37.18419
-32.992462
-23.712585
-28.375229
-5.959366
-2.749237
-22.486023
-24.020767
-30.10286
-14.668991
-5.4914246
6.0029297
-54.803993
1.6266022
-42.03798
-11.525238
-21.677567
-32.29103
0.46806335
-16.09935
-29.289444
-56.721268
1.9347839
-34.803757
-3.1951294
-50.163834
-20.511078
-44.085007
9.836304
23.606003
-20.436432
-25.56961
-67.11558
17.548828
23.886719
-17.170685
-74.18411
-84.39353
-45.921494
-84.158035
-44.143402
-50.46164
-17.278534
45.34836
26.837418
-3.5065155
6.9896545
-16.942688
-31.492508
-32.023254
-40.045944
-34.38092
-51.179398
-40.97519
-35.86696
-38.777374
-9.901901
-25.98407
-15.456619
-19.290146
-44.407425
19.156662
7.131775
-24.419678
-7.5315857
10.0914
-28.686356
-54.487793
-6.8389435
-4.022232
-35.779007
18.731918
-49.40886
-0.32731628
-1.1665802
-61.880737
-32.46544
-25.890976
-62.5466
-49.132996
62.375504
-4.6706543
-7.530258
-34.464386
-8.983337
-48.768646
14.185577
-44.512314
-63.880707
-57.690582
-32.611206
-41.023895
-35.78102
-12.05748
23.804413
50.155014
11.43071
-1.1025238
14.915451
-8.010651
-43.49588
15.357895
-72.18316
-68.450714
-86.710655
-65.46144
-38.586777
-9.120728
-29.657196
3.6905212
-19.280853
34.673187
15.069687
4.7497406
-22.960632
8.792969
-5.888855
19.81636
-7.685013
-29.76474
-41.67
-28.11679
-34.23192
9.00766
-38.975113
-25.211716
-16.106995
7.330414
7.321045
-47.23044
-20.037872
-24.423737
-40.934586
19.249634
-16.007996
-38.365845
-21.857727
-68.90985
22.51793
-6.2121887
-9.6651
58.12567
-16.35881
4.331421
-41.643997
-52.588715
-49.184563
-38.211853
-38.783707
-31.281677
-41.32074
-31.733109
-30.25241
24.468445
3.0409088
11.329132
-3.753189
-9.5737915
-42.467957
-34.006027
-43.7072
-38.75035
-21.826538
-13.369049
-42.01326
5.348816
12.794647
-19.717834
-37.452255
-13.326523
13.15535
-10.947952
-34.80728
5.8802643
-36.33525
-20.508575
-43.15976
-39.742447
-56.10727
-10.201828
-6.2012177
-26.89151
37.391373
-4.0781555
-35.93454
-24.846878
3.6675262
-47.84726
-28.769608
-25.860596
-68.8808
-42.458908
-53.7881
-15.147232
8.348068
-16.084229
21.331299
-32.154022
-48.63159
-39.428467
-13.764908
-27.558258
-40.428802
5.6314087
-4.415924
2.5698395
35.046417
-10.632477
-34.33658
-30.682175
3.8582153
-27.343887
-59.537613
-76.88397
-4.2794495
-58.91236
14.530197
-26.019012
-6.2295837
25.565643
-49.06215
-17.478912
-24.617294
-36.25035
-12.557953
25.38797
-39.61136
-31.459274
-56.30893
-25.061798
-46.445282
-69.736115
20.81926
-26.734543
7.2802887
17.025589
-1.2904205
-33.72368
-71.01785
-54.742737
-57.658394
-55.874054
19.289474
-36.66313
-4.163971
-24.194382
-24.273254
-10.976303
-52.435333
0.63653564
-15.851547
18.270706
3.3965302
-13.729111
-40.594696
-32.233673
-53.805664
-29.698273
-53.039215
-56.40323
-50.358223
-38.70848
9.87558
48.962463
-10.980225
-23.194016
-5.6215363
-1.794281
-59.443832
5.1346436
-63.879593
-62.766617
-42.26854
-8.39357
-64.85359
-22.375992
-47.818283
14.391006
9.532135
18.901184
-23.725998
-34.261215
-41.23929
-69.07796
-23.308868
-27.461899
-60.824112
-9.524017
-23.557297
-17.300613
-46.293655
-47.859573
-5.3888702
2.6694794
-11.113144
-30.061768
23.425934
-2.9171906
-60.612297
-30.432205
-22.279877
-41.52971
-56.142143
-41.237823
-28.958298
-58.715805
-50.798668
-23.896622
2.087677
14.345245
34.26796
-66.25765
-30.062347
-74.64058
-41.87314
-35.764496
11.166519
-62.523376
-55.35736
13.186447
-40.253616
-15.4570465
-24.72168
11.256607
-21.610443
3.9603271
-30.70987
-31.904068
-26.96907
-17.482193
-14.223785
-44.32341
-40.824387
-50.10942
-6.18779
-17.387238
-18.507065
15.221115
3.6710968
-26.786102
-27.01233
-30.589905
-46.219315
-7.198822
17.14885
-13.127777
8.012939
-32.684875
-67.39656
-34.903076
-41.083755
-49.247345
-15.502106
3.0204773
-28.552017
-44.07724
-12.449341
-19.550964
-31.795273
14.516556
21.581406
-24.937134
-13.335236
-58.92935
-85.78956
-59.427277
-96.1885
-87.60628
-37.91519
-16.52002
-3.9396362
51.015167
9.130554
2.0332794
13.750977
-9.981522
-26.696808
-28.420776
-21.157547
-31.194946
-21.855988
-38.41255
-36.85753
-56.986397
-15.166107
-47.074783
-48.04978
21.233246
17.42334
-4.5919495
-4.8156586
-3.2501984
7.2119446
-34.253937
-29.436447
-56.171677
-33.010086
-46.289246
-25.821442
-45.10794
-1.6647797
-18.41957
15.213577
-5.307785
-17.427307
-10.87796
-50.12979
-32.61052
-44.468628
-25.74376
-27.833176
-53.389664
-13.928345
13.154419
31.878677
-56.107346
-4.0504303
-43.655876
-53.51081
-66.60003
5.8209534
-31.761673
-32.076813
-54.868057
-39.919067
6.975067
-27.880493
-28.011993
3.9888306
-20.384827
-3.0370636
-19.270767
2.662857
26.224731
-41.98619
-29.596344
-62.399384
-63.17221
-73.859245
-43.363647
-82.45748
-13.920837
-33.34465
13.813889
-0.23632812
8.324982
-6.374481
11.268005
-53.933228
-4.755234
-35.14601
2.6233063
-20.580002
5.6369934
-14.274368
-12.477768
-42.863525
-30.634949
-32.353836
-88.68484
-35.598038
-61.089874
-29.819595
-17.299164
0.49043274
-4.849243
-34.104996
-8.963547
-0.49882507
-5.661972
34.848618
-23.978775
-18.068527
-76.56183
-46.28601
-55.54351
-70.88512
14.485718
-27.68637
-52.603638
-11.78595
-12.753967
0.40957642
-16.708847
19.115692
-36.27231
-26.527893
-46.70407
-20.627213
-36.938118
-2.202896
-56.514954
20.872284
-65.45192
-43.376205
-30.794098
-55.08568
-17.401596
-9.814621
-7.6892395
-23.39148
-47.90129
-29.241531
-20.589401
25.830475
0.56295776
-51.657913
3.424286
-48.343155
-36.637222
-29.282745
-26.30371
-42.678192
-24.473557
-54.150528
9.991943
-3.5992737
-23.303085
-30.118301
-71.32405
-10.599274
-28.244186
11.708206
-58.118935
-40.212326
-57.23134
-54.522385
-45.940964
13.617065
-38.4998
8.556824
2.8283997
-52.16249
-20.744888
-37.71785
-39.312332
-38.224228
-33.01867
-20.223541
7.2368927
-28.203964
17.589142
-27.687454
-27.926163
-24.266342
-44.01506
4.286667
-6.7623444
-23.73825
-62.67919
-15.51358
-47.359024
7.7538605
-12.154083
31.237198
-4.718399
-50.76213
0.59968567
-32.43892
-36.469162
-37.100357
-8.613281
-69.8315
-38.81581
-60.240158
-20.272217
-11.214783
-11.142761
-42.880737
-8.250824
-31.101181
-22.322021
-38.774704
-22.480484
-40.945877
-62.455017
-21.011505
7.893814
25.24556
-39.764038
-89.56015
26.43425
-43.80298
-17.12085
-42.34668
-37.995346
30.918
-30.737991
-52.288498
-52.25296
-45.634056
-19.34526
-32.946655
-16.969666
-23.04982
-57.744522
-44.553284
32.815582
-32.61641
-5.695633
33.409256
-32.91205
-29.561989
-63.911224
-3.0532684
-50.37819
-18.443665
-40.38559
-5.895645
-53.718735
0.3186493
33.954086
-67.84041
-86.5475
-89.92421
-71.98364
-39.08397
-59.412704
-6.358856
0.28019714
-17.921295
18.503494
-1.5845642
11.775558
-21.909866
3.548355
-53.54998
-46.401108
-55.218445
-35.942932
-37.98253
-27.807991
-44.802155
-27.359497
8.340836
16.160736
-2.9230194
1.4184723
-34.610764
-19.180435
-40.565002
-47.49997
-18.166656
-30.50679
-32.03627
-26.160248
-54.18125
-41.373047
-28.066544
-13.62413
-58.88069
-15.289703
-24.24504
-30.883072
-12.823975
-70.43872
9.292618
9.527924
-33.914505
-59.935966
-47.19362
-26.402084
-52.983795
-47.36348
-48.197533
-34.064148
-27.536179
-23.287888
-18.282043
44.351196
-11.706589
-40.774963
-3.4729004
-53.49054
-34.507828
-62.975235
-16.637207
2.3665009
-32.22258
-40.34716
-35.66194
-8.270096
15.279205
16.453568
-37.689896
-69.19286
11.429962
23.44281
-51.27591
-40.281204
-23.814972
-27.391785
13.526581
-30.527756
-45.67772
-26.524567
-40.821365
-20.832397
-37.6409
-19.6277
31.822647
0.095840454
-61.97303
11.399078
26.22525
-11.286438
1.130722
-34.284027
-55.011368
-86.27173
-77.01686
-56.50299
-63.043472
-29.956848
-10.439545
38.719406
56.240036
0.108047485
-21.075287
20.617188
-18.468506
-56.955673
-49.168793
-28.623222
-32.347145
-46.662453
-5.19223
-42.40695
6.863617
-15.386658
-32.074196
-32.95948
-19.35962
-39.300735
34.331482
-46.225296
3.8229675
-10.360077
36.551193
-51.860046
-38.16944
15.888992
-21.92337
-8.8424225
-30.27098
-39.725594
-74.605545
-47.277588
-37.57128
-6.88562
-1.1690979
-7.320694
25.271759
-8.731003
28.1288
-5.3339996
-50.888336
-0.39074707
-46.31962
-34.112244
-55.92137
-56.756622
-43.14801
30.801025
2.9879608
-2.3605652
-34.82129
-27.52684
28.012436
-15.571579
-14.198196
0.63327026
-0.38087463
-0.19456482
-28.402023
-55.526398
-41.19812
-71.79672
21.143326
-5.211685
-28.575218
-38.42621
-1.5493774
-31.468384
-4.0154114
-22.41838
-25.916039
-39.095367
3.2129974
12.91922
-34.201027
-18.224731
14.678482
-50.107224
-25.995056
-41.752
-43.70018
-44.201927
-43.884537
-58.591476
-57.089706
-18.460709
-3.7030334
36.4207
-43.562485
-37.849884
-47.52649
-49.863274
-15.642334
-57.325005
-34.615128
-10.613876
-8.98819
-37.54094
-11.140488
20.517303
-15.386871
-33.724976
-2.538086
-74.922195
-44.11965
-68.57355
-33.196465
-18.490631
5.5068054
-11.013092
22.885971
9.26442
-38.501923
-43.582443
-1.6127472
-2.316742
-58.524063
-67.03986
-22.636848
-79.55351
-63.558533
-49.305664
3.9854279
-33.95707
66.17839
8.27272
-18.654633
-30.926521
-3.3802795
-12.586426
-77.9259
-65.682724
-20.015015
-41.07908
-25.776566
-16.868294
17.097244
-23.5309
22.313675
-18.38919
-6.333603
19.973282
-46.574127
-20.072655
-29.260406
-56.91411
-41.399582
-59.927948
-45.71042
-17.098648
-11.91037
-37.608246
-16.648758
23.703278
30.027023
-21.007675
12.464584
0.4228058
-19.23742
-52.622017
-66.15759
-58.421738
-28.21949
-59.7779
-50.891403
-40.886932
-52.804726
38.34749
10.407364
-16.520676
37.658447
14.571564
4.4403534
-2.5628815
-65.90408
-73.09865
-54.43296
-64.03325
-70.187454
-44.239914
1.0703125
21.195892
23.800797
17.319199
18.809006
-22.63829
-6.7433777
-24.620857
-49.334694
-56.03865
-42.666306
-31.541634
-46.74565
-47.241837
-12.085846
1.4151001
-15.811127
-13.206268
-17.220001
28.294891
-47.174057
-10.497971
-13.889938
-36.33365
-32.613396
-3.0016174
-70.58154
-28.419823
5.713791
-63.390137
1.217865
-29.774773
20.265015
-7.7662964
-6.0316315
-9.529266
-19.35823
-17.028206
-41.217804
12.520264
-19.814926
-32.34915
-33.906326
-67.61368
-32.59015
-27.13681
-28.883942
29.949615
-10.006805
-23.44091
-25.018677
-36.502075
-61.63781
-29.557533
-0.8423462
-16.249382
-15.431099
4.6442566
33.321228
-13.823212
-58.103867
-31.000465
-20.263885
-28.165016
-62.980072
14.303757
-44.929634
-28.287766
-52.90963
-19.77179
-20.63546
-86.97692
36.87355
-31.690079
17.06662
-6.707962
11.969437
-17.13591
-47.683556
1.6338043
-63.442474
-20.042618
-67.46747
-36.751144
-10.592255
-28.736069
-4.464737
-7.358597
-13.19754
-8.311386
10.048874
9.149033
-56.4272
-58.312813
-111.64487
-20.044884
-35.054237
-41.64863
-20.80201
34.301712
-27.650558
33.510742
-15.469711
-7.0182343
-23.711906
-1.3340759
-70.41208
-37.329857
-23.780548
-54.751457
-22.162025
-13.112274
-31.71817
-27.448578
-16.237251
-18.484726
26.080734
-60.273712
-7.15374
-7.2660446
-0.6781769
-70.915726
-19.404205
-81.33096
-48.670372
-45.47058
-24.122452
-33.222
30.484818
56.259216
-28.657837
-22.565804
-10.897385
-14.9266815
-43.86241
-10.816589
-42.86499
-42.94156
-54.974373
-34.6969
-55.738037
-39.983
-17.712769
-25.366997
32.685074
-6.2302246
-24.509354
-3.744629
-7.886688
-4.9687653
-70.19753
-45.25789
-48.048065
-33.791214
-14.821426
-35.215836
-44.228195
-19.986748
-21.729904
-22.957245
-7.256897
-19.862762
33.90927
-26.013466
-18.944717
-34.627777
-13.915482
-32.402573
-39.65204
-34.198563
-28.733047
-28.236008
7.1510315
-59.431503
-38.209427
-69.18077
-54.468605
-50.729393
-27.979027
-35.96015
-14.767609
25.376709
3.4998627
75.205475
-35.713013
-1.5369263
-49.653793
-101.60155
-56.9205
-51.71679
-30.394669
-61.46382
-60.654327
-49.372757
7.1815186
16.993713
18.781952
-14.645714
-0.86647034
13.065521
-44.23181
-92.87138
-25.072708
4.3675385
-61.405396
-16.799812
-35.94271
-33.580536
-66.656235
-41.074585
-41.354446
-26.227158
7.8716583
-31.42006
-6.528702
-3.2994995
-16.805542
24.229889
-42.99305
-20.85057
-82.27661
-24.093979
-76.337555
-12.464577
-12.311966
17.793411
-13.159843
4.912834
-34.87815
-29.85968
-57.85418
-33.681313
-52.40593
-49.15193
-34.307205
-37.899323
-18.909653
-38.942253
-30.636765
-30.424103
-25.611458
50.538544
-50.429092
-5.207512
-39.99991
-1.9078217
-38.00653
-76.47753
-35.633774
-18.617882
-30.75856
-25.622635
-2.8819427
-23.931198
-3.1177368
-34.237152
-30.803589
-19.41388
-30.213013
3.5375671
-7.275345
-0.16493225
-47.29602
-43.254845
-53.400948
-99.2054
-12.674591
-48.27118
-37.84854
29.119522
-52.692932
-43.57302
-16.27037
-28.824478
28.64209
-32.466187
-50.548615
-55.138916
-28.569519
-19.373642
-10.25721
-14.43483
-15.672623
-17.485504
-42.633286
1.8401642
-52.017014
-9.753502
-4.312813
-1.3590622
-22.46904
-48.81996
-40.562843
-33.336807
-47.301918
-56.877266
-57.41442
-74.25453
-17.910156
-50.793465
5.0022736
-13.654724
-9.837509
0.11515808
-49.56137
-59.8199
-21.300583
-82.28932
-21.683449
-58.873047
-59.542633
-78.95982
-7.020096
-34.706543
-69.543655
-11.825134
17.780472
-32.269806
-14.768234
-38.40046
-20.014145
-63.30989
-53.419113
-43.740868
-43.117867
16.689606
-14.201874
10.617767
-24.376305
-44.88485
-21.877586
-46.33142
-28.979324
-34.100357
-1.6323395
-65.84241
-23.393875
14.246643
-51.10103
-8.32695
-25.507996
-2.074768
-18.96965
-34.604935
-37.277336
-31.621887
-36.573257
11.682678
-32.600586
8.36377
-72.42759
-4.7040405
-78.39938
-78.805145
-80.8465
-53.067917
-29.012482
34.404663
30.847015
-3.5971222
25.519806
-29.943405
-43.083878
-71.594345
-78.86552
-74.684784
-46.106857
-71.53234
-10.089767
-6.3262634
-19.579376
-4.2844543
35.78917
35.68785
-52.75476
-42.142853
-12.513977
-68.4379
-38.340057
-9.638962
-25.896164
-39.797714
-54.929855
-25.169418
-13.890488
-13.011368
-3.8936005
-19.859215
41.599243
-25.196388
-16.613052
-8.290085
-15.087082
-45.68431
-59.871338
-59.091644
-43.061615
-59.098976
-23.257462
-54.527893
-0.7070923
10.863815
-15.28109
-6.265991
1.4680939
-37.1215
-35.612953
-65.25342
-35.263214
-10.595589
-9.533829
-60.136093
-16.459
-23.686401
-8.584305
-2.6746979
-51.718452
-35.764725
-61.43112
-29.803284
-38.96588
-74.865364
-34.84159
-43.721817
14.463631
17.855667
33.90329
-8.2734375
26.506989
13.129318
-10.436386
-51.724426
-58.364464
-92.90291
-58.539124
-84.44912
-46.93553
-46.572914
18.690735
-16.502068
-12.465874
20.88301
9.1978
-13.247498
-14.191483
-73.308395
-63.35418
-46.565292
-94.795685
-64.6982
-28.111313
-53.36525
-0.95840454
-20.949791
-30.201271
-7.537903
8.001404
-46.56778
-47.18878
-37.531403
-58.142776
-67.896545
-47.27198
-43.612488
-80.899796
-17.77362
-32.148315
16.814636
-26.433212
-25.21254
-28.74723
-46.599136
-49.541183
-20.021492
-39.713837
-31.203537
-31.342224
-3.0873032
-34.534523
-51.564163
-61.349007
-42.745224
-28.320847
-38.885757
-53.600525
-26.074883
-69.245
-46.334213
-18.086632
-37.874893
-24.429688
-35.00421
-35.22384
-14.659691
-13.193901
-11.855682
-55.69252
-28.887352
-28.513634
-29.71325
-53.39618
-67.90019
-60.073677
-80.866745
-78.96621
-107.63461
-57.035713
-48.304726
12.93219
51.46585
51.638824
29.930603
-36.538437
-72.32698
-81.77316
-70.76875
-71.36163
-70.80982
-67.26892
-63.309685
-23.624428
22.347458
-12.660942
14.99054
-0.26963043
30.371078
13.014221
-3.6501312
17.806824
-17.480934
-19.740936
-40.791153
-37.508797
-46.14045
-45.011948
-56.472595
-16.604446
-28.488922
-3.4568787
0.7653656
-12.190964
-22.250977
6.121216
-17.302444
-20.460846
-17.368355
3.9315643
-21.887634
-22.3423
-38.863464
-39.384506
-48.575867
-40.307587
-22.801239
-21.83023
-14.123123
7.856415
4.843544
-3.2059326
5.75
-11.816849
-25.868927
-18.941162
-31.555786
-50.17787
-60.57791
-18.822975
-56.58661
-29.693192
-49.498276
0.04798889
-51.85898
-59.295662
7.911667
-41.617462
-58.692223
27.634354
9.668167
-65.016235
-76.643555
-98.86702
-87.25567
-69.576996
-78.22351
-51.004295
-25.65644
21.53482
40.515152
-1.4291992
18.56575
-25.225761
-32.11493
-35.021835
-50.08864
-45.026062
-27.36348
-49.089607
-43.136948
-25.469666
-43.07469
-26.761124
8.895248
-9.753174
-22.37471
-12.778366
-32.181976
-31.446655
-26.095428
-47.51245
-48.253082
-86.244545
-50.418472
-31.278297
-35.800888
25.81285
-14.621399
-12.145172
-29.725769
-12.19751
-40.961166
-47.722153
-103.65454
-66.83328
-43.000763
-88.63062
-77.42938
-45.13372
-10.60202
-45.446396
-19.37088
3.1380157
10.137741
-2.6622162
-21.288605
-18.622536
-56.306305
-70.64053
-58.122795
-59.358208
-69.89135
-70.83222
-61.513977
-28.523026
-24.828964
-1.33815
-6.544739
29.195724
-33.03199
-20.156395
-29.218292
-59.157166
-44.283035
-53.965195
-75.627426
-55.83419
-36.018867
-11.054199
-12.740784
0.9706421
-38.42369
-32.428757
-49.452194
-55.86296
-32.861557
-36.767395
-54.444588
-58.38411
-40.495506
-37.992035
-6.301544
-58.729805
-31.166092
-65.28224
-18.517677
-42.24151
-50.907654
-45.17163
-68.00849
-67.20424
-3.3234558
-32.170395
-58.438385
-25.614166
-53.653336
-34.24762
-11.328613
-35.01973
-42.76094
-53.127487
-43.31035
-76.30596
-69.5084
-56.5195
-32.071938
-35.228027
-24.233315
-38.819168
9.654526
-40.27626
-58.71074
-18.113472
-43.344727
-36.926582
-27.187798
-45.4451
-81.525894
-65.63294
-74.0676
-9.309227
-40.30986
-6.3193665
-25.900986
-14.925217
-38.06273
-13.79863
-37.727844
-23.765244
-52.27649
-55.987206
-66.15752
-43.206314
-33.136215
-15.509827
-28.834465
-8.5490265
-26.904694
-40.946182
-54.343086
-43.34253
-54.930634
-53.56803
-61.97003
-55.547607
-36.829422
-35.776703
-29.298576
-7.1369324
15.36058
-12.846031
-28.793442
-37.309265
-31.246643
-83.75313
-91.15585
-91.79112
-35.07086
-38.90094
-29.6511
-45.054848
-32.44896
-72.142525
-30.070068
-9.744904
-18.724892
-16.36528
-38.103973
-21.247864
-70.1904
-81.6319
-71.95771
-49.16861
-9.542892
-63.454826
-28.22068
-2.7400513
-36.39599
-23.15355
-31.109985
-63.928497
-63.76178
-50.30716
-55.536224
-44.719826
-22.209473
-31.7332
-4.294632
19.266235
-17.170593
-20.935005
-16.531967
-31.18216
-57.30581
-62.39952
-74.467926
-49.675705
-63.37909
-27.815193
-10.755341
1.0572815
31.556427
-17.535675
-16.695992
-41.272667
-48.73268
-59.982437
-79.0829
-71.11847
-45.852203
-37.8898
-32.203995
4.6030197
-17.27021
-12.820251
-42.177345
-36.47567
-42.010765
-57.34704
-34.272697
-74.13725
-52.026245
-48.146225
-36.627426
-14.739059
-14.632576
-24.603836
-36.433075
-31.499153
-57.945374
-40.73581
-26.541649
-56.281723
-52.061523
-42.608162
-64.68141
-56.907883
-35.97635
-33.465775
-33.92621
-39.20524
-21.475739
-31.0102
-58.77841
-44.126343
-45.637955
-36.48018
-53.460022
-50.60695
-37.897285
-22.09433
-72.504906
-48.98781
-58.849586
-45.46221
-75.83809
-78.338264
-46.788696
-41.91436
-37.451736
-43.20883
-21.99582
-18.1958
-15.729996
10.909988
-29.358658
-33.283707
-67.65128
-54.620453
-59.800003
-64.91144
-60.78853
-42.582268
-53.075333
-67.08562
-29.516525
-47.801308
-2.4961472
-15.035744
-46.41269
-45.064796
-17.656448
-46.192215
-79.268906
-75.279884
-86.35042
-83.388374
-35.387924
-32.71322
-35.650375
-25.399887
-12.710876
-28.816544
-33.03218
-41.917953
-55.99855
-31.020706
-51.859665
-70.052124
-63.099205
-69.57802
-67.083046
-62.800682
-44.548492
-21.28302
-29.527649
7.8660355
-16.670563
-16.575317
-39.048386
-57.993263
-39.21489
-64.2142
-42.19187
-81.65152
-53.35093
-57.854218
-53.81195
-43.497696
-37.603027
-15.818832
-17.783005
0.0034866333
-21.40123
-43.35874
-57.927727
-65.111404
-60.762177
-69.422714
-70.90526
-55.24305
-47.04811
-35.545883
-14.759819
-44.860184
-15.095276
-42.173767
-29.892326
-39.52916
10.736465
-40.566055
-42.94986
-30.002228
-50.0467
-71.36465
-53.497574
-67.91652
-63.952423
-38.241455
-50.005478
-60.27504
-32.16394
-55.30481
-38.795975
-37.476425
-23.012695
-37.139893
-41.75705
-37.196854
-81.41905
-51.26165
-70.556305
-69.86565
-79.08034
-76.6328
-38.75322
-65.800285
-22.870193
-2.4425201
-3.8564148
-33.774063
-39.336655
-48.92508
-36.20336
-76.50175
-78.04197
-54.787598
-63.140373
-32.68062
-34.737442
-34.729744
-5.396553
4.875374
-20.80658
-30.368454
-44.331734
-50.680473
-55.31299
-26.449768
-48.598373
-37.958458
-41.86866
-47.24597
-28.807976
-15.909149
-18.182404
-16.596504
-26.609451
-40.98517
-44.888382
-43.037537
-39.569412
-62.63115
-59.14116
-45.877045
-53.05474
1.9877243
-33.205635
-14.502487
-27.408478
-27.07994
-50.6202
-38.971573
-53.589844
-57.56363
-58.0222
-64.06368
-46.616875
-22.892166
-39.43657
-14.304886
-22.433342
2.8662338
-35.917404
-49.280853
-60.973488
-53.138596
-79.13038
-72.431335
-57.020874
-48.438377
-31.574394
-25.5047
-51.81163
-53.166603
-36.33339
-43.99887
-34.6326
-55.114212
-62.82145
-58.68602
-67.00838
-38.136803
-48.057945
-73.23813
-45.922928
-68.09849
-76.848335
-63.8546
-65.19388
-47.56214
-48.362915
-50.3787
-27.232277
-20.160927
-0.27171326
-45.269836
-37.732376
-39.262375
-46.40497
-51.44011
-65.480675
-56.92395
-52.627007
-46.40722
-33.499893
-33.778976
-25.659271
-34.00141
-40.122513
-17.733765
-43.00836
-44.224106
-60.780014
-63.439667
-58.95217
-20.802422
-35.59587
-49.91719
2.04879
-39.399696
-25.916626
-34.95839
-56.201813
-35.24054
-47.63391
-44.773926
-42.910957
-52.06395
-71.19998
-75.2612
-59.889427
-39.67154
-35.78289
-20.097084
-18.793304
-30.225433
-27.107399
-41.003937
-32.115005
-41.558685
-64.88435
-83.63382
-74.84161
-69.46681
-71.30986
-71.5695
-54.423935
-29.704895
-38.47429
-23.80735
-29.883636
-44.011795
-23.02507
-37.26442
-33.20311
-36.80565
-34.61856
-34.071396
-32.26953
-48.996735
-37.891617
-42.047585
-34.842804
-69.00354
-92.47333
-48.19931
-65.96998
-45.930756
-52.184555
-57.23831
-44.999886
-24.704788
-26.102386
-42.324142
-40.45514
-39.606888
-46.806335
-48.678314
-63.552696
-46.045204
-50.515915
-43.269836
-27.682114
-42.53676
-34.096375
-8.611778
-0.1058197
-30.217834
-16.95111
-25.393372
-59.786133
-50.44564
-58.3515
-76.745834
-47.432022
-37.34388
-21.343307
-40.205353
-55.702988
-55.906265
-44.01069
-39.449158
-37.999702
-37.87272
-43.77948
-55.01416
-47.242958
-56.198402
-53.478836
-55.277573
-53.790314
-38.852432
-38.74321
-48.6799
-52.4955
-42.32994
-45.156906
-56.928375
-35.630356
-18.932327
-15.571564
-51.792435
-57.499344
-31.161415
-56.059364
-42.27339
-52.503586
-50.612907
-44.080673
-63.42015
-36.709595
-53.48105
-39.281067
-21.89038
-35.38964
-23.907364
-23.166832
-41.585358
-34.75975
-49.77527
-50.83864
-47.771744
-39.325478
-41.008583
-35.957687
-39.55542
-50.54164
-41.00226
-54.6537
-32.4814
-40.00972
-47.292313
-19.391953
-38.759903
-19.389542
-45.813354
-47.57753
-56.613937
-62.85605
-57.69896
-71.48445
-69.54273
-84.107056
-65.61455
-20.889664
-39.861397
-21.395172
-50.723015
-61.417603
-31.652527
-48.168747
-48.743042
-34.861816
-46.846695
-40.879227
-47.910583
-29.734543
-34.301834
-46.85257
-35.363937
-18.683197
-42.17971
-38.48796
-45.22583
-47.1137
-49.418304
-47.89705
-56.468246
-48.553253
-49.996292
-35.819565
-30.595413
-49.163498
-58.946877
-62.165367
-86.42815
-40.062485
-61.94944
-17.826965
-29.113815
-47.302063
-29.005234
-56.217545
-42.597137
-52.230377
-52.041344
-65.83397
-66.50871
-41.0736
-34.406754
-45.937004
-45.956978
-44.1261
-41.369354
-35.491806
-34.304733
-30.82315
-41.05652
-36.960632
-47.263733
-57.76657
-52.78888
-41.938118
-40.0327
-33.809692
-33.90126
-37.37532
-53.522095
-66.280106
-49.906563
-31.455902
-40.065697
-33.69558
-38.447975
-57.674057
-77.68437
-57.85663
-42.146782
-52.35794
-56.379517
-36.45421
-35.821198
-45.05783
-34.040688
-45.17788
-40.94969
-67.959915
-84.33804
-62.9545
-79.84563
-48.937347
-57.085464
-43.004906
-30.218071
-25.78093
-53.468224
-60.768356
-62.552155
-62.901176
-25.733109
-38.290894
-42.515564
-48.128807
-42.88539
-47.26239
-63.72168
-53.701706
-70.69354
-39.58219
-31.98919
-22.761505
-44.90735
-30.744339
-43.634155
-55.825546
-41.451035
-71.05333
-59.628075
-70.16023
-57.828163
-44.202385
-37.12098
-35.62728
-31.879013
-59.16741
-76.27731
-47.384903
-56.222
-40.286247
-33.87059
-43.661285
-39.54329
-27.656723
-42.33911
-30.009995
-62.41942
-46.46312
-50.84333
-51.29036
-59.38446
-40.397675
-65.42069
-36.831726
-27.243996
-42.23137
-36.440018
-45.01683
-59.64393
-50.241333
-43.732697
-64.94339
-47.850952
-67.05264
-59.86081
-44.685944
-35.317543
-29.839066
-9.558701
-23.41169
-52.97502
-16.00801
-59.96112
-52.71051
-52.94995
-60.304024
-49.891724
-50.61302
-32.460754
-32.11287
-12.696724
-27.825157
-58.491493
-62.519333
-61.59456
-46.015167
-50.061783
-35.23507
-44.654526
-61.244034
-57.086838
-57.37216
-56.54641
-33.38418
-55.14379
-40.940063
-41.739693
-72.70926
-42.010605
-77.205
-32.372818
-27.74405
-33.606308
-23.292023
-40.728607
-37.565277
-58.394653
-68.43553
-69.42532
-57.498894
-59.968872
-39.720856
-56.239517
-38.97126
-47.05121
-27.083939
-22.198837
-41.868095
-25.659058
-22.695442
-48.165573
-68.32419
-58.729355
-80.79855
-61.053177
-42.118286
-42.096664
-18.45269
-24.23465
-42.08824
-50.24997
-42.600494
-47.386665
-62.87494
-52.71347
-55.265854
-55.171867
-18.39907
-29.50238
-18.751938
-22.885262
-29.210754
-24.335045
-34.175545
-49.542404
-58.969315
-57.30719
-71.28453
-76.3289
-54.50125
-24.82959
-30.754501
-37.003616
-17.021194
-30.807785
-31.520416
-50.100555
-42.62062
-64.23812
-57.825676
-56.282593
-69.71166
-66.298935
-61.06475
-53.158234
6.3623505
7.028595
-37.334656
-36.568596
-55.286476
-50.519928
-78.13364
-55.412415
-73.4328
-64.403404
-64.235275
-25.660522
-40.82293
-38.6121
-28.666084
-33.721657
-30.9897
-40.275475
-62.519142
-66.69704
-66.69383
-45.63064
-49.01468
-53.918983
-39.46959
-44.629242
-60.87857
-32.608376
-53.065544
-33.46553
-40.520416
-52.093254
-38.33673
-47.077766
-65.08387
-68.14018
-37.642044
-44.75975
-34.701202
-45.965096
-31.107574
-62.90164
-46.02272
-37.000214
-51.080925
-47.784508
-54.573456
-38.237686
-45.61177
-53.638855
-52.334213
-46.437668
-55.363426
-34.600357
-32.28418
-34.129387
-37.343735
-18.004791
-31.442978
-58.962975
-33.257607
-46.944046
-45.875214
-47.35321
-58.194992
-48.741364
-46.166252
-47.94483
-45.640587
-63.477562
-55.06682
-39.61995
-49.82878
-29.366997
-38.717834
-48.114723
-49.469383
-38.46798
-38.770813
-57.845703
-56.58941
-48.68862
-65.04401
-54.4124
-54.166092
-62.28235
-44.85618
-48.695786
-53.583878
-44.65203
-57.055504
-55.442
-50.529358
-26.661049
-29.69886
-18.99691
-49.731323
-41.425446
-33.207443
-57.35502
-62.893112
-70.32184
-65.45744
-61.55052
-40.58049
-20.874084
-34.276665
-48.83973
-41.54303
-45.72104
-47.879623
-18.08075
-47.233566
-58.411728
-62.05442
-65.44038
-65.83322
-62.66829
-65.75873
-50.853462
-22.395943
-46.63536
-28.57927
-18.522934
-44.77446
-42.28981
-55.91069
-63.87863
-50.62932
-53.688255
-55.363
-48.58751
-44.22596
-25.426659
-23.565155
-49.999634
-62.35269
-49.087227
-54.437134
-49.075897
-55.660324
-59.745422
-47.74079
-69.51632
-39.694504
-43.89615
-50.807495
-48.998177
-43.541733
-26.97184
-24.560387
-48.158463
-51.738083
-49.803894
-59.178825
-48.91633
-33.10283
-68.71954
-45.512733
-1.1705475
-43.41928
-25.936935
-42.040573
-26.220833
-43.5708
-53.857216
-36.18367
-41.151894
-59.12725
-49.133324
-45.257614
-50.434387
-39.29712
-51.70746
-46.928795
-36.478447
-52.44262
-30.329506
-58.882446
-54.29933
-51.428635
-51.14598
-42.51352
-48.103867
-24.200592
-47.409157
-40.191063
-47.585327
-12.133369
-11.817596
-20.75798
-57.58568
-60.288475
-64.53162
-58.62049
-30.664742
-48.966606
-65.12336
-54.560165
-75.41931
-28.960953
-22.784477
-29.66394
-43.39698
-58.935196
-46.79474
-36.45511
-92.15529
-77.81474
-49.007843
-56.0282
-56.870422
-64.26529
-34.614822
-19.3228
-27.550125
-38.91004
-37.13919
-35.590256
-49.26738
-57.402405
-61.160294
-61.93338
-50.37242
-48.77749
-43.782394
-42.046562
-47.983757
-53.256462
-50.043213
-15.249802
-36.169037
-50.43641
-44.551987
-39.0879
-50.01375
-44.222298
-44.273262
-43.654152
-31.37471
-36.57202
-34.91153
-53.479553
-33.496834
-66.28294
-61.6911
-55.63459
-50.245476
-73.09729
-48.579353
-55.036896
-57.737457
-39.72969
-50.32328
-42.0616
-23.661415
-37.015182
-50.487366
-62.12932
-66.797485
-65.96648
-61.51773
-56.526947
-47.63694
-57.355286
-44.574066
-38.601616
-26.546234
-28.67218
-34.86139
-37.81891
-65.309494
-57.368546
-79.78456
-66.5925
-59.85955
-19.036446
-45.81862
-42.17946
-39.75154
-20.524292
-32.427643
-24.08847
-41.88111
-41.01117
-52.603867
-56.754356
-57.698364
-53.368813
-49.51779
-43.545692
-36.54596
-13.011688
-32.525665
-23.267006
-41.309082
-45.963715
-40.759262
-59.413086
-55.86757
-55.908127
-47.481598
-74.06946
-45.917778
-51.18125
-53.316376
-49.207146
-33.391747
-30.320717
-28.944466
-44.55726
-57.889923
-77.011536
-50.94227
-66.23837
-65.7229
-60.47306
-52.37027
-30.688179
-48.782852
-40.248245
-31.09388
-39.21662
-42.100784
-50.86283
-44.777237
-67.783615
-58.312332
-50.476654
-52.863083
-50.014618
-49.827774
-39.711548
-53.86
-49.911087
-49.1586
-57.288414
-33.278717
-54.795044
-45.431763
-54.990784
-49.396423
-48.32332
-40.94957
-39.51204
-47.467567
-61.474342
-46.726196
-54.607758
-48.88411
-55.86287
-50.58219
-29.751984
-26.95449
-46.652916
-52.50035
-67.43877
-54.23549
-53.225594
-41.422096
-61.06778
-55.70996
-39.666725
-60.67144
-47.947243
-62.82611
-56.287262
-46.808548
-51.90606
-25.053596
-48.1932
-48.10279
-36.699608
-42.45099
-50.767876
-59.379044
-44.482834
-59.612198
-53.65387
-47.21132
-54.956894
-48.101624
-41.403023
-40.56147
-46.637077
-32.403183
-48.30945
-38.084496
-54.481224
-43.075226
-48.654076
-34.546898
-41.848038
-46.01439
-46.198883
-72.384384
-56.15599
-59.137947
-30.756165
-42.385483
-56.461052
-28.288673
-33.599907
-45.670143
-45.876343
-51.60592
-54.838028
-42.76819
-62.908768
-55.136093
-57.102264
-46.352745
-38.112335
-53.902855
-55.90587
-41.927505
-54.38806
-50.923187
-52.644897
-52.38002
-47.934235
-39.158844
-45.15294
-50.161407
-37.12982
-35.366158
-32.34958
-35.83374
-52.55504
-42.880768
-54.051476
-64.77104
-69.1413
-60.455795
-56.141624
-49.583847
-42.43814
-50.573776
-46.004242
-29.801956
-43.746185
-40.359024
-35.251312
-51.404297
-61.952835
-52.50461
-70.21872
-66.378586
-65.19394
-31.762321
-34.56849
-37.177773
-35.50083
-50.98134
-58.757835
-61.46441
-63.67856
-59.77324
-53.61631
-49.72151
-44.65667
-46.271614
-39.315765
-38.325897
-49.995422
-44.94043
-50.283066
-44.63559
-52.613617
-64.723724
-52.578583
-38.277145
-45.113136
-39.117493
-36.70645
-40.23571
-54.00959
-64.36914
-62.514862
-52.117485
-50.778572
-47.529266
-36.62568
-38.85929
-37.76152
-40.983643
-37.766464
-53.250008
-65.635895
-65.8754
-44.58278
-50.046608
-47.866753
-43.888573
-42.155426
-52.123337
-45.822433
-55.99417
-49.15085
-42.181046
-39.729332
-50.976425
-61.413116
-51.27278
-53.07406
-51.860603
-50.46054
-55.86773
-38.783333
-57.793503
-44.70838
-39.33185
-31.603775
-36.92865
-49.34748
-57.260063
-57.477295
-56.568977
-49.512695
-53.438423
-44.123657
-46.93493
-46.490448
-53.356247
-60.68049
-53.99868
-51.441315
-32.80021
-41.142303
-52.548584
-52.5083
-50.95176
-47.228012
-45.041687
-33.442757
-42.1286
-47.21927
-30.30542
-28.336815
-47.339493
-44.179543
-68.79799
-57.139717
-75.966934
-55.913452
-69.75687
-52.575752
-40.69409
-45.477844
-25.655525
-40.44783
-43.923462
-45.68847
-45.635284
-46.896866
-55.75524
-53.96135
-45.949837
-46.861786
-40.52153
-40.738678
-50.001038
-49.446426
-55.52188
-47.777122
-57.11936
-58.742798
-51.41449
-58.081963
-46.83101
-45.72159
-46.878952
-33.477905
-39.972603
-46.597763
-52.873596
-63.33519
-57.686996
-54.768166
-58.76911
-58.112183
-55.15634
-43.150726
-49.389923
-43.54576
-40.95308
-54.175865
-64.70039
-51.405212
-50.951912
-47.0841
-45.68521
-53.50589
-26.498459
-29.55011
-38.866707
-46.975533
-66.0688
-56.772217
-52.957222
-68.06459
-64.87068
-51.7265
-27.525803
-44.728104
-48.929733
-45.422134
-53.757248
-42.473625
-36.96814
-40.045868
-50.28488
-57.582855
-48.764984
-47.773544
-66.68649
-60.85827
-55.735474
-62.5243
-46.373474
-55.952286
-45.111374
-26.064919
-30.2863
-28.83525
-47.789062
-25.507217
-52.42514
-57.277946
-62.07399
-64.289154
-65.14177
-38.207916
-42.3712
-22.569595
-31.697647
-28.872154
-49.660767
-55.106827
-64.072495
-62.62126
-45.315628
-52.022827
-61.165237
-46.874123
-38.880234
-42.713852
-48.53692
-54.95009
-34.812424
-38.802475
-45.33132
-46.60681
-61.25112
-62.12018
-58.270622
-59.401505
-51.38623
-41.571968
-41.659744
-35.050964
-36.935287
-35.4476
-63.845154
-53.33793
-64.75885
-65.662796
-58.27359
-54.41185
-37.402046
-15.642838
-30.810173
-46.32544
-24.020363
-59.35092
-55.538956
-46.057472
-57.310104
-61.108307
-37.52381
-50.9224
-24.929535
-40.21077
-29.276161
-40.250626
-50.90651
-49.883957
-61.561554
-66.34743
-59.564507
-53.561302
-45.605972
-12.694641
-34.71161
-50.76143
-51.577873
-70.72635
-67.30632
-68.966354
-58.30732
-43.65692
-46.66127
-41.1343
-52.171234
-53.06981
-46.5383
-52.215767
-58.423126
-62.069626
-57.27173
-55.394714
-45.277252
-44.163452
-28.034729
-37.887856
-40.096245
-46.832954
-47.149567
-49.473312
-53.215187
-60.227524
-47.39615
-50.27546
-38.299965
-43.570107
-48.43573
-51.84288
-51.84674
-46.58773
-53.855972
-52.693893
-55.18341
-38.77423
-54.578705
-45.93206
-52.93773
-57.493286
-61.38153
-54.533615
-57.637405
-49.951195
-45.67453
-49.1093
-45.195267
-52.64743
-37.832153
-38.21414
-49.732925
-51.54489
-50.721046
-49.30504
-45.054626
-41.329468
-42.340637
-50.384117
-49.16417
-54.663956
-42.140846
-43.479675
-41.679016
-53.51506
-53.169212
-46.13044
-52.02841
-61.625305
-54.79344
-51.08065
-31.350174
-40.9224
-44.318512
-37.72769
-45.346634
-59.873657
-50.344284
-61.732742
-65.48895
-45.14737
-55.709335
-44.649048
-41.042267
-44.283646
-45.28511
-39.53044
-37.536964
-32.64299
-39.9302
-55.85573
-53.29991
-60.22769
-50.93885
-56.07016
-55.81012
-60.666992
-64.01221
-43.026825
-55.217377
-44.71289
-41.385338
-33.8575
-55.05539
-52.225067
-40.212975
-51.606934
-55.362274
-52.685806
-45.639954
-32.865105
-54.162384
-55.2218
-55.14586
-42.645775
-50.215622
-37.11949
-37.81862
-58.457733
-42.847794
-40.295563
-49.4654
-47.358124
-48.336227
-54.676636
-70.77812
-44.925125
-50.6746
-39.513298
-47.834717
-49.973343
-58.36905
-24.119644
-56.368484
-57.218307
-51.548767
-60.514236
-48.496178
-48.589058
-41.33181
-37.996017
-45.098953
-46.718674
-40.746117
-55.611557
-57.356842
-53.1877
-54.338303
-50.481323
-46.787483
-43.690414
-42.935616
-46.681496
-53.023064
-64.46091
-49.696243
-50.79344
-41.512444
-56.222183
-43.949524
-32.39888
-41.684532
-46.525932
-38.472565
-56.149536
-55.59178
-47.37742
-57.723557
-56.800034
-40.75895
-52.427414
-38.63932
-33.54013
-54.029236
-55.487747
-64.680984
-58.455902
-58.655212
-48.905594
-47.740524
-38.675102
-42.035324
-46.87387
-41.767807
-59.975815
-62.25099
-58.31481
-65.14819
-63.329346
-58.642227
-47.24984
-34.68364
-41.32721
-37.44996
-44.49552
-48.899643
-51.25055
-62.738953
-52.284065
-50.341766
-52.29741
-32.246582
-21.93663
-37.067505
-46.438225
-46.61228
-53.93283
-65.15126
-44.255898
-31.127457
-45.918083
-45.305534
-47.035965
-56.29399
-49.976944
-53.053696
-58.242584
-54.573967
-52.204468
-52.512917
-44.857185
-60.962494
-59.122726
-62.774033
-49.8555
-47.73033
-52.962456
-46.572
-51.968933
-44.67337
-50.882103
-51.898834
-49.4113
-50.999374
-42.336685
-32.277306
-45.907616
-40.310974
-55.08786
-50.394363
-55.526474
-46.73899
-54.88008
-43.42823
-48.183655
-45.93386
-44.406494
-51.08925
-47.178482
-44.34574
-53.849472
-42.951622
-34.805756
-24.980278
-44.69034
-50.402527
-36.73639
-52.258675
-52.885635
-36.308334
-35.347702
-49.843185
-35.733215
-60.86693
-55.986267
-36.217407
-52.18177
-42.061707
-61.49118
-69.75827
-50.959038
-36.68106
-41.66281
-23.312592
-57.53006
-51.114075
-65.738815
-58.586044
-50.73958
-52.198547
-44.55105
-23.095825
-14.510696
-43.133095
-73.5305
-66.13333
-79.92665
-50.453697
-58.883057
-58.213272
-38.577087
-41.758797
-51.37712
-63.82634
-49.4617
-49.992676
-54.818382
-47.014923
-53.26317
-53.058563
-38.044662
-38.504364
-29.950363
-27.867538
-45.853592
-52.320023
-57.853317
-61.934036
-62.971222
-50.163788
-47.882538
-31.56762
-22.846817
-43.636772
-48.292953
-47.295853
-50.860672
-47.42961
-48.999374
-42.043106
-51.962296
-49.235306
-43.92627
-34.434456
-50.209213
-45.95601
-67.07521
-58.651733
-60.950317
-56.588028
-50.360527
-43.522964
-35.3826
-25.307419
-40.89183
-63.83879
-57.015533
-48.182182
-51.833076
-66.08554
-64.365326
-48.360695
-50.441025
-42.82145
-40.94568
-32.356308
-31.303917
-23.186691
-38.779068
-60.30313
-66.498
-74.08449
-60.96132
-55.30375
-50.967476
-46.480873
-57.88768
-48.67813
-40.60639
-35.82495
-24.751244
-39.242294
-43.718063
-45.77143
-48.240402
-51.07531
-41.62696
-37.292862
-49.927383
-39.296448
-41.44552
-55.776665
-59.32316
-80.83354
-74.265305
-66.21289
-46.516724
-32.234047
-26.262062
-31.99601
-45.08232
-37.5757
-70.03894
-81.89139
-76.78766
-53.421997
-45.318512
-37.85904
-5.113785
-25.640411
-36.015762
-46.428825
-60.19664
-70.71796
-77.36882
-63.182877
-48.796722
-28.527573
-24.020638
-14.174301
-38.54216
-40.281822
-44.743065
-56.45227
-60.84204
-57.472176
-52.653595
-57.98832
-32.634155
-31.900276
-31.779022
-39.603127
-31.150993
-53.79796
-49.258316
-61.338165
-60.32646
-71.824234
-56.458527
-43.231415
-42.871628
-37.686752
-36.320618
-58.867935
-51.10501
-44.558624
-54.960068
-65.66466
-63.78517
-56.40896
-58.22206
-54.552094
-53.48176
-26.879478
-33.396225
-47.845886
-60.24858
-52.380646
-50.49678
-53.608658
-59.22522
-44.799126
-51.10074
-42.568375
-38.469055
-44.946777
-44.030518
-48.70288
-62.488174
-55.966553
-53.567085
-41.065857
-38.140495
-44.21544
-30.593147
-42.21763
-67.71495
-60.801666
-63.320587
-65.28833
-42.025925
-58.4404
-49.88816
-30.486588
-37.63095
-40.054626
-39.11374
-55.57448
-45.77426
-59.366272
-55.77104
-34.04193
-41.100906
-21.120895
-40.70372
-49.596046
-58.345078
-56.942932
-65.85295
-50.134018
-49.7547
-47.66243
-43.570297
-41.155342
-36.87696
-44.64781
-48.34642
-56.8125
-61.235977
-54.1425
-51.168335
-50.80504
-47.72233
-45.70587
-35.40596
-33.20157
-54.654556
-63.8804
-66.261856
-63.45514
-61.44957
-60.735626
-51.163406
-20.592697
-36.793434
-41.537285
-33.431213
-51.20677
-35.43467
-35.346077
-50.821472
-51.486725
-56.242462
-59.907288
-57.658005
-58.101166
-51.02944
-51.60446
-44.330574
-50.211258
-63.39589
-52.309372
-49.405533
-59.075928
-49.103912
-51.964996
-46.71936
-56.429123
-44.484894
-52.70021
-45.873802
-38.293564
-41.16105
-40.752968
-46.51628
-50.074425
-47.30819
-40.402725
-48.393654
-45.85237
-44.50894
-44.71376
-38.541847
-53.783875
-55.132034
-57.68457
-59.227448
-52.47336
-41.584053
-31.052063
-40.335327
-41.420265
-43.445145
-63.45273
-62.184814
-64.37959
-59.895966
-51.94687
-51.22538
-55.928696
-50.575012
-52.706253
-38.138016
-46.273056
-43.68831
-53.326187
-63.507324
-54.10977
-52.045395
-55.34915
-53.19989
-40.530197
-38.859627
-40.474243
-42.82659
-51.053253
-55.7166
-64.49382
-53.785416
-59.80609
-43.633125
-33.97946
-42.425087
-44.246567
-42.470444
-45.405228
-41.029976
-41.723648
-47.080063
-46.842224
-42.985703
-60.28882
-56.37314
-60.286285
-59.242508
-58.96788
-48.38038
-43.97769
-40.223724
-45.098007
-47.729904
-56.56581
-62.126907
-61.616302
-60.48294
-52.24095
-44.673065
-45.9859
-41.19188
-43.176117
-52.199463
-52.369766
-59.418457
-48.783585
-53.271957
-34.211365
-38.15129
-28.855461
-54.030045
-42.387405
-48.156128
-44.98793
-50.71901
-40.46373
-44.33368
-41.525833
-48.42714
-52.442947
-53.98262
-53.39926
-38.084244
-44.311813
-54.87039
-53.0347
-51.83438
-56.67061
-58.528885
-56.86145
-45.604156
-47.998795
-52.2014
-40.047073
-53.17093
-43.426292
-63.803574
-57.932526
-58.394287
-47.614586
-40.339165
-60.54138
-51.78859
-44.186012
-33.091583
-37.294884
-53.32193
-50.865227
-54.516037
-47.10414
-43.270096
-45.061783
-48.61853
-37.3247
-38.72216
-46.814682
-53.509705
-37.538193
-43.147957
-49.767075
-55.13202
-64.61365
-50.76529
-67.11493
-39.64763
-43.513817
-39.892952
-41.986565
-33.572937
-54.692932
-34.13478
-59.67047
-51.438614
-68.08656
-57.931137
-50.43802
-52.783066
-33.55117
-29.50975
-42.925377
-68.3336
-57.464935
-59.45404
-54.50888
-42.309097
-22.655922
-43.176514
-46.780815
-48.89013
-56.416275
-60.50963
-50.53665
-57.98793
-59.33496
-55.18643
-47.51889
-41.430786
-43.953964
-42.6781
-44.70764
-46.904587
-40.85459
-75.89256
-56.936707
-56.41794
-38.506355
-40.64296
-48.387024
-34.650314
-33.038864
-49.209076
-46.49469
-72.28378
-53.53636
-57.90352
-42.34115
-32.948425
-26.606514
-36.974854
-42.18701
-51.512222
-65.317276
-65.1259
-67.60881
-38.06534
-45.619675
-37.910873
-38.349503
-44.878693
-49.417877
-50.045044
-57.060486
-60.246613
-41.948593
-63.556885
-53.48558
-50.455017
-41.836838
-48.21701
-31.693932
-38.87188
-52.90152
-46.947433
-39.81237
-37.953064
-55.68495
-56.074524
-59.74408
-59.066147
-53.67067
-44.31163
-29.328545
-40.418045
-47.288513
-56.361206
-52.12413
-61.218338
-63.82228
-58.057983
-60.5766
-48.72426
-46.48044
-41.352516
-41.099106
-44.672424
-59.5074
-62.305695
-59.53601
-54.05153
-48.183685
-41.827675
-43.74684
-33.035263
-49.293686
-42.025658
-52.633453
-55.134262
-53.660614
-42.266724
-49.31157
-43.22637
-41.54097
-27.999916
-45.349487
-47.285355
-53.29277
-60.564804
-58.22313
-54.79898
-57.1519
-44.695107
-36.804787
-23.32402
-34.841873
-47.859238
-61.3515
-61.195618
-57.74617
-57.173233
-46.842804
-41.282127
-37.974068
-43.20262
-55.031265
-58.32669
-61.878098
-65.31999
-51.286285
-48.303207
-38.5897
-29.424896
-45.384064
-43.593994
-55.142654
-61.090485
-54.195038
-39.16253
-56.71422
-33.5475
-33.198402
-45.746765
-55.967606
-63.75406
-73.93556
-60.437088
-49.006485
-36.998917
-36.064316
-42.315567
-43.200058
-46.464798
-56.638885
-66.28056
-67.72815
-56.415375
-48.73416
-50.390457
-35.346397
-42.06685
-37.234314
-47.325546
-60.06952
-55.437714
-55.267242
-55.13623
-54.65648
-48.488876
-43.777863
-29.393028
-41.52706
-42.182434
-53.836212
-45.117683
-52.67726
-57.442398
-57.751343
-55.387375
-44.91195
-47.91417
-55.25122
-46.03055
-33.41133
-38.72467
-46.52102
-51.710663
-53.72667
-57.77368
-61.439316
-52.691833
-44.39418
-45.970337
-44.304504
-53.371155
-48.9993
-53.101807
-60.41594
-56.16382
-46.42119
-39.03453
-43.759117
-48.01036
-48.04361
-47.701797
-54.086227
-55.512924
-49.52974
-48.27292
-32.161926
-38.395996
-54.537308
-61.757263
-56.435272
-68.74463
-60.423126
-57.937317
-43.75438
-36.920258
-32.254105
-33.880257
-45.228058
-62.518326
-61.170334
-55.312973
-51.772476
-39.536644
-36.174484
-40.969955
-42.646378
-52.80397
-63.55313
-55.552734
-52.776688
-51.943436
-45.96953
-23.739975
-41.828857
-39.398056
-50.29048
-42.328934
-45.497864
-61.363678
-64.22972
-57.57132
-56.004807
-49.538864
-44.811356
-48.459595
-57.41867
-47.38063
-59.266296
-54.199768
-58.371918
-45.34767
-44.723343
-24.70285
-54.581635
-34.709915
-52.453857
-69.40283
-41.892044
-57.45163
-45.39485
-50.672195
-44.511703
-46.699615
-48.57144
-47.59398
-54.26065
-57.723526
-53.67897
-44.43152
-39.942825
-33.350258
-37.724686
-52.08174
-71.38986
-72.20749
-58.65068
-45.651627
-41.186554
-35.93406
-26.139435
-41.801605
-56.75609
-61.73584
-63.40692
-51.423035
-59.927383
-29.122581
-44.698044
-43.545776
-37.674652
-50.96344
-52.15251
-52.453964
-58.895844
-55.388092
-57.38495
-52.06064
-42.145355
-48.19713
-46.08354
-44.35987
-55.08113
-60.92917
-45.11693
-39.74893
-52.777634
-56.481888
-54.387268
-49.528564
-49.16548
-48.127625
-53.553802
-54.275665
-49.363495
-46.026474
-43.755844
-34.16543
-51.71045
-43.674423
-43.205185
-50.717392
-54.86229
-55.620697
-52.83577
-45.988083
-47.326828
-46.725616
-38.879982
-38.040627
-47.067413
-56.263596
-58.057144
-55.111023
-57.422607
-47.600708
-40.998398
-47.616776
-50.629623
-55.22632
-59.904816
-59.43451
-47.19153
-37.870636
-35.25637
-49.15796
-46.02054
-67.53175
-53.526672
-64.48184
-68.23563
-53.626434
-47.72197
-41.07396
-38.34754
-38.54254
-47.73239
-52.123795
-53.32016
-52.689636
-49.947205
-50.297836
-42.34311
-49.725967
-51.334
-46.596466
-56.386093
-60.726593
-49.505096
-41.565926
-47.551224
-38.462738
-41.874313
-47.76947
-37.77636
-65.801254
-55.996765
-48.964737
-52.558426
-53.559998
-56.31279
-36.35521
-41.739655
-30.289978
-51.609665
-33.198273
-56.95746
-62.783234
-72.88931
-53.480667
-44.0251
-23.898094
-36.6257
-47.164963
-57.5112
-60.629837
-56.37773
-57.81929
-48.961975
-54.494446
-53.583206
-54.77054
-42.774826
-48.853867
-50.56186
-59.772827
-59.051147
-53.71428
-55.79962
-44.457016
-24.032303
-27.639778
-35.44249
-53.5132
-58.659393
-61.132263
-53.588867
-35.87893
-32.872673
-32.834366
-35.43599
-43.084167
-54.607544
-58.43605
-48.090134
-65.63605
-55.5177
-53.074875
-39.94098
-55.73488
-49.008743
-29.76728
-42.510788
-54.640976
-52.88922
-66.367584
-62.132584
-58.059647
-44.206604
-43.1335
-49.68271
-40.908234
-46.044327
-60.348114
-53.757904
-50.209366
-41.9597
-41.41765
-40.178596
-45.520035
-43.907196
-41.43019
-53.211105
-59.096268
-56.535873
-49.699432
-58.711594
-46.85933
-43.15822
-37.146347
-40.07155
-55.352585
-65.18034
-64.88495
-65.86493
-58.280716
-42.35327
-37.061737
-32.023743
-40.132126
-53.591507
-68.23175
-63.297073
-52.687866
-39.255325
-32.69767
-32.9339
-26.350807
-45.681396
-62.348297
-65.990265
-63.153152
-54.873062
-42.077805
-39.891953
-44.382584
-48.748337
-47.332535
-51.10388
-47.767517
-53.564743
-51.54129
-48.340073
-51.591293
-49.035446
-47.237946
-54.944794
-49.686447
-56.895477
-55.00409
-52.72783
-60.990707
-52.22409
-57.246613
-50.823685
-30.20185
-30.031662
-40.68991
-49.70453
-57.83429
-52.47917
-53.069656
-53.64142
-51.583023
-54.151337
-40.833572
-48.73163
-48.497253
-38.436905
-41.459366
-40.991592
-49.270096
-48.173508
-55.44998
-52.02275
-48.061188
-41.32817
-39.52768
-41.509583
-33.75807
-53.1987
-57.06978
-58.42018
-52.017456
-53.177155
-45.010498
-54.46083
-47.042404
-47.568756
-51.647278
-55.07341
-58.24118
-60.534515
-46.783264
-50.459076
-45.913193
-38.798523
-55.598557
-51.091187
-50.625122
-53.079132
-57.932205
-45.92729
-43.440186
-42.85115
-43.117012
-46.948105
-55.26561
-56.974533
-38.74044
-54.917145
-50.291428
-43.390976
-39.419662
-40.57779
-45.55777
-52.439087
-56.716705
-57.994522
-46.894196
-38.687424
-40.333496
-49.42282
-56.61331
-59.171326
-56.77191
-62.377502
-50.688766
-55.33058
-43.619553
-37.292618
-37.26306
-51.560516
-57.31932
-57.795715
-54.95897
-45.45952
-38.929176
-39.63646
-36.86077
-50.067444
-47.726654
-52.063553
-48.148895
-50.079407
-47.82466
-57.83879
-57.546997
-49.772186
-44.005173
-51.427277
-55.35916
-61.1734
-51.898087
-53.926346
-44.69406
-48.110855
-58.18451
-50.974686
-55.899628
-51.18373
-46.96042
-39.945267
-44.9747
-35.954292
-46.376938
-48.47763
-44.45079
-56.020294
-49.947617
-52.762817
-34.910355
-45.766037
-26.540985
-47.566925
-54.41594
-48.19626
-52.240326
-58.563507
-53.604645
-35.81862
-42.22161
-46.29869
-63.997192
-64.74992
-60.871155
-51.50769
-48.352844
-46.599365
-54.76416
-59.261932
-50.96643
-54.28621
-52.20781
-46.94124
-34.879524
-34.698715
-40.188812
-45.4178
-51.046722
-56.63362
-45.86827
-48.5327
-40.032486
-45.231796
-39.173378
-50.10231
-54.70227
-61.56111
-61.015747
-49.911026
-55.69258
-38.307266
-34.719193
-40.564606
-50.05629
-50.79727
-57.170105
-62.461746
-53.14807
-41.57022
-39.028458
-43.93947
-52.67221
-49.453766
-69.00937
-59.035217
-47.153183
-46.73175
-43.128952
-53.972824
-50.663177
-43.507034
-54.40851
-55.36322
-49.367813
-45.174606
-47.291718
-52.830017
-44.034332
-49.9597
-53.939316
-51.126358
-47.352173
-40.57489
-42.30316
-49.70758
-50.07086
-48.881622
-54.665237
-58.45143
-58.074295
-46.939713
-52.897324
-39.915115
-42.27295
-44.232094
-45.893906
-40.72345
-44.536057
-47.170258
-54.76158
-55.6243
-48.449707
-47.220306
-50.190704
-41.986206
-46.150436
-52.271637
-50.03569
-51.453323
-61.493805
-66.90613
-60.5506
-50.290848
-40.98542
-29.423767
-38.345955
-50.003555
-64.80788
-56.64438
-60.12993
-53.552277
-47.066055
-46.4252
-49.09343
-47.35457
-44.72104
-42.436462
-52.966583
-44.129257
-62.5287
-48.006424
-43.633728
-42.50058
-51.328094
-46.321
-49.015747
-51.577103
-53.836777
-38.082977
-43.771133
-43.57231
-34.6821
-56.348694
-52.175507
-55.8452
-54.924088
-58.516235
-45.51201
-33.31607
-50.05107
-50.80455
-53.790237
-51.92906
-66.056854
-52.244995
-46.373856
-41.940887
-39.719223
-42.83821
-48.8351
-48.21785
-52.61885
-46.624115
-42.908188
-50.424347
-41.804993
-52.379303
-41.706375
-58.67238
-40.50502
-53.541214
-49.70717
-43.673874
-22.212265
-39.658356
-68.71004
-73.877884
-42.289963
-48.397446
-35.982468
-37.51216
-26.415
-57.75992
-74.95657
-68.796616
-59.363007
-32.82083
-36.78823
-21.833374
-42.79297
-68.568436
-74.43927
-67.60921
-54.62912
-38.423508
-36.70456
-40.350525
-42.447052
-57.809357
-58.52957
-47.41803
-41.76802
-29.410553
-18.63401
-21.500206
-39.449615
-52.103943
-63.701523
-78.45386
-71.060165
-54.13217
-44.347885
-34.76348
-46.0587
-43.786118
-58.033066
-58.7787
-62.059845
-52.660583
-40.709534
-31.520355
-24.440979
-36.500366
-49.48941
-63.62091
-60.880875
-54.16707
-65.67746
-44.93013
-56.421448
-47.567307
-39.36357
-47.36841
-40.486588
-66.622894
-65.266266
-49.226715
-54.63475
-39.54811
-40.057495
-48.229004
-49.27684
-47.073517
-41.5175
-51.32524
-52.876938
-57.360703
-60.320053
-47.49234
-36.372025
-51.79727
-57.114914
-29.006897
-40.221878
-37.258926
-49.942
-69.16791
-50.57048
-57.889114
-50.095123
-50.566437
-22.991035
-37.29081
-48.5374
-51.19615
-65.46712
-59.226044
-52.981552
-48.3562
-43.388855
-49.016617
-39.41462
-48.182358
-49.63681
-60.793747
-58.914047
-57.17337
-51.655106
-43.152496
-27.289352
-48.091537
-57.28012
-49.726242
-59.24411
-46.99109
-36.623306
-34.162796
-34.868347
-55.85672
-55.432953
-64.379364
-49.232574
-54.51834
-49.560013
-46.181
-45.57634
-46.463028
-58.56424
-54.71765
-62.010193
-54.907455
-53.67621
-50.31703
-44.20813
-46.309357
-47.065186
-47.124573
-55.67018
-56.775772
-48.854965
-47.001022
-45.776688
-46.758545
-48.214264
-48.20331
-43.948822
-40.869247
-37.619797
-41.33455
-46.67009
-43.24385
-44.47061
-49.833054
-57.311295
-59.77231
-65.6301
-52.347748
-45.701385
-33.59755
-36.557907
-41.795776
-46.896545
-55.901108
-64.95628
-56.71022
-43.014328
-33.99727
-44.972824
-50.404114
-48.875458
-32.49066
-62.404037
-56.211823
-42.286743
-57.30446
-42.554916
-54.779343
-26.589958
-26.621506
-57.911392
-64.41499
-56.57463
-44.071167
-30.604874
-43.67862
-51.09137
-55.130035
-47.831863
-51.507492
-51.00789
-30.706566
-25.707954
-51.21202
-45.342026
-23.207321
-56.838333
-40.241882
-73.829346
-61.56978
-51.015457
-44.679123
-48.07051
-51.37184
-51.914276
-39.428223
-47.915924
-48.97307
-43.24092
-49.5838
-47.926132
-58.236374
-48.832947
-33.94928
-44.068115
-40.012985
-65.73439
-64.987656
-54.442
-53.664383
-54.675293
-53.506653
-54.95276
-48.476944
-48.91739
-37.931488
-34.87999
-28.250977
-30.53064
-51.74327
-59.437744
-55.59189
-49.710953
-41.603256
-44.26027
-54.32962
-52.59874
-50.49472
-42.975143
-49.28923
-51.996353
-64.95575
-70.809616
-47.37918
-39.67778
-34.768982
-48.137848
-55.06842
-51.213196
-58.2352
-61.707397
-44.719254
-36.714005
-26.095345
-36.69774
-45.726303
-61.281677
-56.798035
-49.574036
-33.146606
-25.255493
-31.858795
-45.78128
-55.59967
-59.716614
-44.227554
-28.228416
-26.105156
-38.108826
-66.60817
-70.877945
-62.834976
-56.838287
-54.457367
-43.76683
-46.23088
-55.728577
-65.88156
-60.110947
-57.245132
-40.22548
-38.426285
-47.43753
-54.6754
-53.657684
-59.764282
-54.557648
-42.51451
-21.571304
-39.76741
-60.24446
-46.218094
-48.222244
-46.212967
-42.10579
-47.704834
-36.02562
-44.935028
-45.846344
-49.639206
-53.148987
-59.779236
-56.98796
-48.572662
-32.141327
-56.13472
-51.50418
-67.98819
-69.52275
-36.86235
-37.25052
-31.126114
-40.89731
-44.850952
-63.77321
-58.426453
-44.235382
-29.669266
-33.48947
-37.85495
-48.468155
-45.93547
-59.758087
-51.33986
-40.400284
-38.138138
-51.87242
-58.610107
-60.522934
-56.91794
-54.24652
-58.091995
-49.144516
-43.865097
-37.105865
-50.747314
-43.136993
-45.89299
-56.385056
-59.929764
-48.741943
-34.729675
-41.652054
-34.929245
-54.06282
-46.455566
-51.61934
-60.451843
-56.52394
-54.661087
-51.28891
-50.062943
-51.654266
-34.05104
-41.161835
-31.707047
-46.833282
-67.52133
-74.42958
-61.246933
-46.78305
-36.47473
-40.688904
-44.248795
-52.366516
-57.230804
-57.20427
-50.768936
-34.227554
-33.331573
-45.269287
-53.58113
-60.319702
-64.238846
-52.770813
-48.790253
-46.579712
-52.621155
-60.5157
-43.779785
-38.940872
-52.819656
-43.784668
-48.264267
-42.05577
-39.98738
-21.238846
-41.959213
-44.091858
-49.845627
-60.41156
-49.238632
-40.568405
-39.076492
-49.56929
-53.894073
-70.22496
-72.137924
-67.15939
-48.282867
-49.60878
-40.09178
-31.076355
-27.515862
-50.082428
-56.317795
-78.15683
-59.190323
-55.301956
-41.373596
-16.528969
-35.998795
-59.496338
-67.293686
-61.44774
-47.674942
-46.808304
-30.581764
-42.962387
-42.30316
-50.696747
-57.37857
-58.0179
-58.50728
-35.127213
-36.835907
-53.542816
-46.82219
-51.139618
-59.5932
-55.32628
-52.554367
-37.26111
-39.21048
-52.550705
-47.153885
-70.6853
-59.033768
-49.394028
-34.059013
-35.597916
-53.398163
-62.73819
-48.023605
-35.897964
-33.86914
-41.13707
-44.609177
-41.066086
-67.08217
-66.28021
-53.941727
-36.74597
-34.551483
-58.316788
-64.52466
-58.923065
-49.89386
-44.920944
-45.726578
-48.591766
-51.585007
-47.716675
-63.006622
-56.51602
-49.969086
-30.069534
-38.82263
-53.818604
-52.92917
-51.334274
-20.179077
-28.854477
-54.09784
-55.955048
-72.90436
-62.986862
-36.400772
-37.47513
-39.643265
-36.94728
-56.279175
-75.1714
-66.80084
-49.661606
-43.456863
-39.87625
-44.215744
-62.29042
-59.650436
-49.1521
-35.51735
-52.312256
-52.766068
-61.863403
-50.432755
-37.193283
-40.14363
-36.300934
-57.972443
-71.718124
-77.798065
-59.67691
-35.29596
-22.217705
-5.5822144
-39.189133
-56.036713
-61.3255
-61.2426
-63.454407
-46.646255
-33.51364
-20.81958
-34.57199
-51.711014
-60.461
-73.635086
-61.078354
-43.690414
-29.789032
-35.914627
-44.41568
-76.5334
-78.27232
-63.842148
-39.1015
-26.374725
-37.879517
-62.451355
-58.178528
-56.625107
-49.90457
-30.046768
-18.673912
-29.215073
-37.455048
-49.21678
-52.735184
-34.705124
-57.54805
-39.457626
-38.421402
-45.01175
-57.01512
-47.519302
-52.40648
-41.615906
-41.194824
-54.281784
-64.70805
-64.767914
-67.01912
-51.77217
-45.244522
-40.409195
-41.000626
-50.22719
-27.417313
-61.5103
-68.754166
-62.143585
-39.894318
-20.974457
-32.381256
-27.487915
-53.971268
-69.56415
-74.32201
-71.58301
-47.93222
-26.243454
-32.123398
-43.630753
-69.665985
-75.887375
-54.93019
-57.267
-24.888123
-21.39492
-20.336243
-44.97194
-42.86679
-56.63945
-46.995316
-49.819183
-51.5459
-43.69464
-36.369522
-24.430298
-24.16246
-39.40732
-64.62335
-60.31926
-51.68277
-45.065308
-36.62822
-43.16568
-57.43695
-62.340103
-71.03906
-57.74962
-28.867416
-22.539986
-40.37491
-50.56053
-62.91617
-60.71727
-74.09984
-55.962845
-23.786697
-14.743469
-28.257622
-58.663788
-61.74521
-58.94316
-49.36679
-35.00421
-27.734009
-45.057144
-58.010498
-77.237274
-60.47838
-45.53917
-34.414383
-39.15268
-39.183487
-61.05989
-61.130722
-47.653473
-47.31044
-39.624084
-36.918
-42.43364
-64.70941
-60.60904
-57.118225
-50.35257
-43.177658
-44.0197
-47.52707
-55.744156
-63.276474
-53.79016
-34.48062
-22.679276
-32.143707
-43.727997
-69.51593
-64.01724
-39.735123
-37.326157
-34.048737
-47.7816
-63.17975
-74.832886
-79.33957
-51.587936
-28.327698
-13.281662
-38.19957
-50.462936
-62.130585
-54.651352
-49.80754
-40.794235
-19.345215
-34.068893
-38.683334
-64.09502
-66.8495
-50.572876
-48.609695
-22.448837
-41.05661
-44.27986
-56.20201
-75.17647
-76.056625
-52.319794
-45.267776
-40.96878
-30.847534
-41.953796
-53.657776
-84.181885
-49.442368
-37.856873
-14.746185
-44.899033
-72.00055
-61.66707
-49.472458
-45.7659
-49.511658
-38.495667
-42.61737
-55.320343
-55.58168
-55.851135
-49.56752
-33.39467
-36.425186
-48.756348
-54.017838
-51.816742
-62.941376
-44.164566
-62.27127
-52.03804
-37.15799
-33.68483
-24.450317
-48.59491
-68.037766
-56.059235
-52.465973
-40.982376
-36.27823
-37.866653
-45.42787
-59.767914
-84.59189
-76.613144
-60.932953
-22.739464
-23.123604
-52.985977
-56.77649
-65.38745
-54.11879
-43.607376
-36.12825
-26.620087
-46.9545
-44.280746
-51.769928
-27.827484
-46.69632
-49.974915
-46.552643
-37.81746
-56.370453
-46.27617
-42.825165
-47.070328
-56.441925
-41.70688
-70.064926
-66.579575
-63.063858
-62.122314
-50.89084
-24.092018
-28.012886
-53.061493
-67.76045
-77.58371
-68.872375
-43.874786
-27.674866
-32.365112
-44.69055
-71.82854
-76.74785
-60.898315
-37.313293
-25.47261
-15.850281
-43.681656
-67.20717
-77.319534
-59.487778
-23.550323
-5.433655
-26.12709
-36.825363
-67.44403
-69.24657
-67.39552
-53.03427
-41.000275
-35.42729
-39.355896
-63.826218
-63.89702
-67.67047
-58.369247
-40.384995
-39.052658
-46.782608
-54.68947
-68.45206
-54.73352
-48.604736
-34.426697
-39.781982
-41.703827
-47.017242
-41.479584
-51.670227
-56.55519
-58.664413
-56.13501
-44.645996
-46.143677
-46.559906
-51.80829
-46.66356
-46.580063
-44.25551
-46.40651
-48.85475
-44.359924
-52.04387
-62.286407
-45.595673
-52.371964
-54.468735
-46.16118
-50.472153
-47.25746
-45.68907
-38.60623
-40.74498
-54.41594
-58.249542
-60.174713
-53.949356
-48.243362
-49.593445
-39.107025
-37.810394
-43.39572
-54.804276
-59.070297
-65.431046
-49.064423
-34.310852
-36.17064
-33.979263
-40.059586
-64.85176
-71.96109
-68.49875
-49.78755
-39.805893
-29.887238
-34.688828
-62.99472
-70.424545
-60.03914
-44.09604
-47.050934
-35.322906
-38.079193
-47.09848
-43.447266
-41.99388
-44.83133
-47.778183
-45.802322
-50.02281
-53.228424
-53.179
-39.012665
-43.307693
-61.753204
-60.936966
-55.295624
-51.11357
-36.339767
-45.053375
-52.46437
-47.668503
-54.108612
-28.37532
-39.958008
-37.03653
-42.62242
-58.072144
-62.281128
-56.456345
-41.091644
-54.471924
-44.55716
-45.356552
-42.57289
-46.862244
-40.64557
-36.51909
-38.68138
-40.86812
-47.88066
-57.824417
-75.687515
-57.50206
-58.8022
-45.90973
-45.56143
-55.002396
-53.47502
-62.47754
-58.26802
-55.296265
-44.52417
-44.386948
-44.89505
-49.58014
-51.28598
-40.002136
-54.32277
-47.092957
-26.984863
-40.47905
-57.109665
-57.776947
-53.742203
-41.147552
-35.934387
-44.91664
-64.9014
-70.06433
-59.738327
-42.431564
-39.606445
-42.849457
-45.09758
-50.043762
-52.222595
-57.47902
-48.484406
-39.13321
-41.691742
-43.011566
-53.535446
-67.26004
-57.982376
-54.146317
-49.23558
-44.55304
-35.485275
-52.72972
-58.431335
-54.186707
-53.007355
-41.781754
-40.7377
-35.526962
-50.24089
-58.224
-61.67775
-51.71466
-42.796646
-28.017822
-26.565796
-57.016693
-70.671265
-67.275894
-52.77646
-39.698257
-40.88423
-51.219986
-54.58757
-55.432373
-56.082016
-42.398224
-58.825195
-45.752243
-57.491287
-47.544525
-42.97957
-38.448242
-35.41104
-56.769073
-59.786575
-59.45291
-39.993286
-31.74556
-33.786728
-61.448242
-73.32066
-53.43402
-34.536545
-44.48976
-41.807602
-57.214844
-63.160446
-49.752533
-48.23761
-47.745316
-35.370407
-52.12262
-58.102432
-34.494415
-46.679718
-54.2762
-46.768524
-38.458267
-46.464188
-48.4317
-59.412857
-57.278534
-45.52939
-52.485397
-50.19069
-52.9682
-60.446335
-51.68161
-50.91333
-52.513107
-50.27774
-48.333267
-56.077682
-44.410522
-49.085953
-52.19005
-39.36667
-55.997345
-61.934418
-59.22444
-39.914185
-9.046661
-26.354599
-45.818253
-61.22969
-65.14752
-55.330856
-51.59076
-44.615646
-45.141464
-44.857224
-66.02484
-67.890335
-51.818604
-44.261597
-44.7162
-40.779068
-55.232056
-58.782227
-46.193375
-34.6855
-33.89746
-46.798447
-64.24916
-64.301926
-53.386887
-46.779846
-23.755707
-28.012863
-37.825455
-44.54213
-55.880783
-54.85199
-44.673508
-37.572968
-39.21733
-38.26364
-62.227356
-62.29471
-54.142532
-45.638474
-49.757797
-62.10608
-59.485275
-49.619705
-39.09073
-48.583496
-50.13492
-52.554993
-44.88269
-45.32158
-42.80536
-56.54535
-43.57039
-41.86374
-50.34349
-45.66127
-46.16217
-54.977005
-55.698822
-56.28203
-49.210037
-46.789337
-42.98633
-28.916153
-37.562912
-52.96089
-60.685867
-54.976334
-41.172363
-34.836304
-27.643936
-43.330933
-43.66176
-51.10396
-56.84903
-40.503723
-35.85663
-42.80052
-56.152115
-62.394684
-62.097015
-63.008636
-35.777176
-61.883606
-66.03508
-57.09828
-49.40091
-50.472443
-61.78273
-53.446167
-50.45668
-44.742264
-49.91449
-43.20926
-52.117477
-35.746124
-42.382034
-44.772552
-59.111206
-44.597992
-31.757584
-35.71869
-50.468307
-50.913696
-54.117477
-35.942062
-35.60919
-42.987
-39.045105
-44.953003
-65.71109
-61.065094
-50.798126
-40.454163
-31.59694
-53.71219
-82.22133
-78.55
-61.611115
-32.486465
-11.5173645
-34.869843
-50.31456
-70.504776
-57.705017
-38.346466
-17.398705
-21.353622
-44.082535
-76.58038
-63.056442
-57.550415
-34.039017
-27.311447
-38.11325
-57.686768
-65.20714
-51.563736
-44.3107
-41.200806
-49.978302
-47.73767
-71.40871
-76.05104
-53.58925
-33.27191
-32.022873
-36.996536
-50.663513
-63.133575
-58.902054
-44.269104
-41.88243
-40.546066
-51.071472
-64.422516
-65.48207
-41.909164
-25.373207
-25.867691
-54.843185
-58.585968
-58.799988
-50.21646
-40.822327
-38.270874
-41.113342
-54.38571
-55.006744
-66.32745
-51.083023
-47.157547
-29.847488
-60.27887
-52.46257
-54.551895
-39.126343
-47.1774
-56.025208
-43.21237
-53.33629
-58.828842
-45.830658
-33.51895
-49.952805
-60.154083
-54.103516
-40.261124
-33.59787
-49.940674
-53.425537
-43.961426
-50.12738
-53.712723
-43.198547
-42.41989
-48.571228
-30.91542
-41.158646
-51.205765
-68.84595
-57.824173
-52.575806
-42.574112
-50.47702
-62.466766
-60.327393
-48.999268
-33.0533
-35.242645
-49.90532
-70.92467
-61.640503
-49.230972
-38.943146
-30.691208
-48.203842
-67.51926
-52.515274
-33.853806
-22.807251
-43.96689
-46.22505
-64.63661
-55.52777
-44.441772
-37.56482
-39.065582
-47.70587
-63.805893
-64.86638
-62.740112
-50.448105
-37.080597
-56.321533
-56.498627
-61.993347
-52.921356
-38.963974
-43.103485
-39.593384
-54.97278
-64.34239
-50.87474
-45.378754
-34.62892
-40.864517
-46.529892
-46.7072
-61.899155
-49.30246
-54.237915
-36.342773
-33.497818
-55.944077
-54.098404
-67.54198
-58.261795
-43.75148
-43.82657
-49.79129
-60.542236
-49.067734
-52.23973
-41.059113
-24.962708
-54.144577
-62.784348
-54.794235
-43.023865
-32.07054
-43.116104
-53.46753
-50.551804
-39.27118
-44.641266
-58.38916
-57.73172
-51.76689
-52.472885
-51.20137
-42.686203
-46.17801
-50.7986
-59.791275
-58.341476
-55.304535
-44.60025
-42.606598
-41.007294
-45.511353
-49.41208
-58.13318
-52.591446
-36.033783
-35.07718
-56.52304
-59.94171
-59.68994
-43.5773
-38.650284
-33.117065
-36.419754
-59.6333
-62.63745
-64.8383
-49.121994
-41.298843
-30.977356
-44.334885
-63.486008
-76.17386
-59.55481
-37.483994
-30.744568
-30.693115
-34.85585
-66.45615
-76.54373
-55.683853
-32.12607
-29.30133
-39.715073
-60.02855
-69.793335
-68.72159
-55.05577
-34.955566
-42.488174
-46.687927
-59.766403
-66.847046
-70.55354
-46.556503
-33.918274
-19.118164
-42.119324
-65.17267
-73.314804
-46.764114
-15.6573715
-4.273445
-15.312805
-57.620865
-95.51724
-86.73297
-56.840805
-36.414124
-27.278656
-48.257187
-75.37073
-81.020065
-59.484253
-43.113907
-27.680023
-26.125671
-45.33087
-73.14693
-36.324448
-56.458145
-39.651917
-37.185303
-37.13823
-38.90941
-43.442017
-63.591675
-63.376846
-49.114212
-57.75096
-52.386307
-41.411453
-38.918396
-46.04373
-50.496704
-50.570755
-51.78853
-55.936142
-57.52333
-40.663483
-32.0477
-46.62401
-59.577713
-75.75043
-74.332245
-57.20485
-30.440964
-18.775558
-37.66577
-49.821747
-82.09885
-67.57626
-49.020355
-27.901688
-22.67659
-37.865707
-57.367874
-69.585266
-68.36987
-61.254776
-22.023308
-34.496826
-51.70163
-68.21831
-55.094315
-40.566635
-30.7305
-40.80725
-41.250183
-42.81169
-39.572815
-34.70204
-36.840363
-49.274628
-53.72264
-55.86609
-40.301865
-21.218323
-43.767044
-81.02696
-71.65239
-56.39717
-22.904755
-20.03888
-38.95645
-69.31395
-75.66641
-72.5598
-38.86487
-12.676559
-28.93187
-60.780136
-71.9639
-80.55548
-50.62932
-16.241669
-7.777542
-45.360626
-74.20216
-79.26143
-59.442535
-37.776062
-12.664169
-38.932953
-55.102814
-66.139435
-63.201187
-46.976334
-43.40793
-36.829346
-42.98398
-62.255997
-60.975418
-59.19084
-36.71399
-55.777435
-38.41658
-47.287125
-45.0334
-47.777298
-54.55104
-43.223755
-44.035873
-49.9411
-54.33922
-54.58943
-60.576553
-48.827988
-34.817993
-29.407364
-49.953964
-55.94934
-63.30748
-50.578278
-58.43454
-46.41783
-46.89427
-53.26288
-44.916275
-39.36284
-24.32817
-37.16095
-56.437927
-66.52513
-53.29274
-35.646988
-36.808105
-44.51883
-70.84627
-79.39981
-54.251007
-46.657196
-23.628998
-38.19136
-58.794052
-72.47243
-61.169815
-41.007523
-42.23268
-47.667343
-47.65866
-57.360672
-46.464676
-44.33383
-34.852493
-28.556122
-45.16095
-57.79976
-51.28093
-56.75084
-36.60826
-57.285522
-53.129105
-49.454987
-46.45871
-51.8813
-50.26442
-44.584244
-59.647568
-64.94832
-63.26425
-42.223022
-25.987198
-40.146667
-58.020523
-66.73282
-61.78769
-45.71823
-31.068588
-36.911102
-48.41951
-57.60144
-65.24863
-51.85367
-38.181015
-42.260742
-43.157455
-32.609695
-45.087997
-56.95157
-59.955338
-55.143127
-32.81305
-55.343643
-56.431717
-44.805588
-55.48166
-46.167084
-54.85997
-37.689667
-46.237457
-66.86305
-46.637344
-49.95793
-37.25717
-38.60318
-47.10025
-75.00127
-64.18071
-35.49388
-29.719131
-45.248886
-57.083466
-83.93526
-49.277145
-38.710266
-36.44313
-34.723175
-47.89476
-61.707886
-47.627365
-48.380997
-28.55664
-41.88066
-47.041214
-67.13881
-66.18904
-54.200287
-44.465088
-33.766953
-44.46454
-53.419174
-64.756516
-56.11577
-46.66742
-25.40744
-22.844742
-53.07112
-66.631
-72.06442
-52.866226
-26.789734
-22.079086
-42.756332
-65.896255
-76.56804
-66.797775
-40.74489
-21.846954
-33.894836
-69.24684
-77.6445
-66.49043
-37.504288
-26.470886
-33.932526
-44.736176
-54.814087
-54.42073
-54.689102
-31.245033
-57.937683
-53.484116
-63.931595
-58.408646
-46.79544
-33.322144
-46.58835
-44.859177
-58.722794
-45.212234
-46.769196
-49.441254
-45.90503
-48.738876
-29.167175
-28.666847
-46.564636
-68.09596
-71.89665
-59.95685
-40.78305
-33.976944
-45.431564
-66.30589
-54.42105
-66.70157
-41.28784
-37.5018
-39.657288
-61.11789
-62.196136
-54.17343
-44.318893
-39.004295
-43.80577
-63.664474
-70.3846
-44.84964
-30.194267
-33.916855
-47.989685
-67.42633
-56.297867
-45.82094
-18.542458
-25.453918
-38.465004
-64.80551
-59.88266
-44.535294
-25.769257
-42.209076
-54.570404
-67.77644
-68.22017
-49.91255
-35.454407
-30.035507
-44.71759
-59.716873
-65.74353
-57.303986
-38.005096
-23.385727
-36.27504
-63.976166
-47.630707
-43.901047
-51.264526
-65.516464
-67.26024
-64.87691
-36.56517
-26.529678
-34.870163
-53.70125
-80.56253
-62.443817
-50.069656
-12.680878
-26.290298
-61.675385
-77.80379
-59.96016
-12.67495
-3.441208
-26.969597
-74.75539
-89.98477
-56.272675
-7.1993103
-13.948708
-34.935745
-73.96481
-81.34883
-30.688286
-7.81723
-28.07959
-59.802887
-66.27792
-44.237488
-36.059235
-35.84886
-54.64737
-59.141243
-44.811813
-64.90039
-57.885925
-42.854233
-45.792023
-51.33657
-65.603485
-51.61953
-66.200226
-48.4056
-33.44728
-21.908707
-45.047157
-50.547012
-67.73436
-64.94066
-50.05597
-9.370682
-36.453506
-57.27487
-71.09708
-45.32615
-39.051453
-44.22473
-48.516647
-42.544098
-46.356445
-37.18576
-36.32762
-51.508728
-41.003586
-47.21077
-50.46521
-67.15889
-54.23137
-62.197174
-49.761673
-35.09308
-30.488724
-57.413345
-64.534485
-68.24452
-48.499863
-18.633995
-36.213768
-48.724426
-78.78612
-65.747665
-34.448868
-40.42392
-51.021317
-72.17946
-62.82602
-47.60869
-49.605286
-38.35045
-31.356705
-32.107986
-49.464844
-54.261093
-54.35762
-59.300552
-36.235626
-42.75055
-66.16705
-63.896637
-49.062912
-32.133972
-14.739304
-34.011566
-45.00373
-69.27536
-72.830215
-59.23764
-46.686707
-38.81108
-47.511
-57.19017
-65.77907
-54.082092
-46.76584
-29.742622
-44.00801
-47.67179
-43.49173
-59.834137
-40.766434
-34.88362
-49.593857
-52.446793
-40.568314
-52.386734
-39.754654
-33.81875
-39.93611
-65.26935
-62.751236
-50.207733
-29.188087
-30.84314
-57.578583
-56.191833
-62.131454
-35.963364
-36.303574
-55.14824
-75.483
-78.3764
-60.36415
-4.4730835
-10.86615
-60.58632
-98.11557
-77.29649
-28.156052
13.616951
6.0214996
-53.103424
-107.22011
-89.360855
-28.264832
9.846275
2.8188171
-53.171448
-102.38431
-74.59085
-13.285202
22.143974
-47.01709
-36.48471
-15.428085
-44.737984
-56.621346
-61.57521
39.14344
-90.878265
-111.62134
-58.546967
-27.134796
-25.878487
-62.029205
-55.52928
-30.980347
-26.221283
-2.7327347
-14.033081
-25.800507
-95.61035
-93.33444
-53.071136
-6.5176544
-16.449661
-51.794403
-90.435074
-88.15489
-32.88643
25.232735
-42.822052
-73.03888
-57.864334
-11.7530365
-47.940567
-44.535767
-36.45601
-64.30995
-81.80112
-46.716446
-13.564835
-21.969261
-83.823975
-88.251816
-21.339294
-7.9345703
-35.86609
-74.84328
-45.956154
7.7776566
20.828842
-44.61461
-97.98767
-66.92978
-38.50717
28.469772
25.06755
-40.078255
-101.22392
-107.70979
-39.478745
13.172592
-0.00032043457
-87.148315
-104.12604
-87.08833
-44.109634
-15.625336
4.0694733
-75.1024
-82.64194
-61.721527
-15.21489
-2.3795547
-20.249466
-62.645676
-82.33731
-48.968506
-17.945053
-23.587074
-75.76827
-83.519615
-70.58519
-21.974922
-10.258163
-44.68103
-78.59327
-89.91701
-59.156433
-11.41658
0.74308777
-18.612976
-95.11621
-83.86716
-41.223244
0.38311005
26.015076
-41.94368
-99.13121
-100.42877
-13.820984
55.04226
-24.979874
-77.55676
-70.34595
-25.163017
13.280914
35.38266
-10.402161
-48.37755
-59.272186
-59.48169
-7.7108765
36.240685
-31.698753
-80.71669
-94.526566
-53.415955
10.371666
67.9346
-66.985916
-117.40953
-96.2717
-44.939667
30.438347
31.448456
-25.341354
-85.40251
-101.18852
-43.306976
-0.5817108
40.1538
-7.8367615
-79.52453
-117.12895
-106.611145
-0.027755737
6.6491547
-15.020248
-72.97194
-75.23478
21.379417
30.892876
11.061462
-69.79355
-34.17225
2.0886536
-72.1382
-68.56496
-37.86187
-27.88234
-58.320312
-62.564728
-36.87008
-48.9859
-25.12445
-53.534668
-22.501846
-59.078003
-80.54111
-74.716965
-20.466187
-33.039993
-74.61948
-68.107666
-49.14966
-24.210114
-8.425613
-64.79451
-87.040405
-70.252396
-30.808304
-3.7129974
15.07132
-56.320923
-71.224846
-86.571304
-64.835526
-39.31282
-20.190628
-40.060455
-61.370865
-79.1116
-42.18489
-43.616455
-42.373825
-13.787216
-29.234116
-76.0325
-78.51312
-34.56099
-16.173553
-15.952042
-31.335411
-54.147217
-71.93964
-65.391846
-17.641785
-11.602402
-52.633682
-102.99867
-79.99452
-31.018784
-1.2449493
-17.645943
-61.123016
-72.28141
-51.981964
-19.190239
-21.20523
-46.979248
-58.887146
-71.734825
-43.078156
-27.036835
-29.30568
-53.257072
-62.196594
-74.122345
-59.653915
-50.762833
-53.756927
-26.932503
-41.145027
-53.62047
-64.24781
-64.29231
-56.725296
-33.956833
-33.481697
-40.954758
-52.73494
-71.17934
-70.15823
-75.28183
-21.417694
-32.392014
-50.984207
-64.22667
-51.504967
-50.062378
-49.423264
-32.259445
-34.18837
-41.023125
-48.537613
-61.699806
-44.367157
-47.451645
-35.822395
-52.668976
-67.62724
-46.058678
-43.006195
-46.72132
-39.68544
-53.279846
-61.26696
-63.92491
-43.616516
-39.88896
-51.921593
-56.761604
-69.004524
-55.854103
-49.9942
-41.95311
-53.696472
-37.089386
-43.363815
-37.290375
-52.09713
-63.841072
-48.022743
-27.3042
-51.960594
-55.688522
-62.32039
-42.696686
-29.610924
-33.636963
-40.770554
-70.40632
-71.42648
-40.288147
-10.272034
-29.404373
-56.790245
-79.24504
-66.276215
-41.232468
-55.98604
-41.795288
-36.67102
-46.330826
-52.387146
-71.72499
-59.066658
-45.393784
-42.239
-42.479538
-52.613724
-62.958847
-58.572723
-47.993164
-41.26982
-46.24299
-41.640854
-43.01857
-42.36667
-61.788742
-50.66478
-34.611267
-23.711868
-53.143494
-75.191
-57.948418
-37.515366
-25.237587
-14.226944
-57.070618
-61.62516
-72.50981
-55.529495
-42.497795
-47.748505
-43.407143
-51.18637
-75.85918
-62.295822
-20.420105
-19.098198
-46.29622
-70.49933
-62.641724
-54.92459
-37.707977
-33.562897
-49.273987
-57.86499
-75.221985
-67.63759
-39.39412
-17.422424
1.187912
-32.740227
-79.76767
-70.45673
-46.191437
-31.44764
-20.10807
-27.51667
-66.62727
-66.562805
-66.60632
-48.812347
-33.14135
-36.921005
-42.613686
-68.43603
-58.741028
-53.651886
-37.835327
-46.371582
-39.0998
-48.642204
-63.563004
-52.911224
-32.93361
-29.107315
-56.7406
-66.872375
-71.88103
-40.53601
-27.958298
-42.430893
-67.366936
-82.23953
-54.912796
-44.729935
-34.08403
-34.676727
-53.410187
-55.670258
-68.58572
-60.572487
-33.08766
-33.93495
-35.45524
-49.16243
-64.068665
-50.994553
-49.724197
-32.318184
-52.721542
-76.68117
-55.24463
-47.49411
-32.791
-34.20633
-41.962845
-49.87816
-68.552246
-53.2062
-30.267487
-37.54013
-52.220963
-72.944756
-57.217957
-50.687775
-32.091553
-45.556885
-49.55175
-71.37446
-65.2433
-33.5652
-19.806519
-22.376114
-54.96982
-76.65834
-70.24429
-47.544525
-14.810158
-11.394119
-55.390274
-66.00914
-76.9942
-47.833267
-21.850937
-16.891434
-55.959076
-65.34854
-72.25969
-50.197906
-24.507858
-44.186066
-39.216766
-46.67714
-51.498047
-69.60655
-49.899857
-44.371445
-39.34877
-43.34021
-60.113434
-58.197235
-58.663834
-43.80362
-45.808807
-36.789627
-55.70233
-42.08486
-46.824463
-55.928345
-59.958435
-46.58725
-54.926834
-58.990746
-49.186874
-32.77562
-39.512817
-64.65872
-54.857185
-42.006348
-52.548737
-28.649841
-46.62001
-37.25345
-55.570724
-50.06569
-46.65454
-47.595978
-52.27069
-61.45336
-52.7089
-41.96068
-50.88568
-56.918816
-50.0746
-46.324417
-65.30884
-51.12384
-50.80249
-45.54918
-46.79251
-36.85788
-43.35211
-45.47148
-66.84576
-52.722137
-41.489227
-42.069427
-62.10962
-59.71431
-59.591698
-37.637894
-35.38955
-44.465065
-49.653168
-59.07515
-39.882782
-34.26573
-48.77249
-57.858345
-52.941948
-63.22328
-45.34931
-46.743576
-57.010468
-55.062225
-48.96245
-51.45967
