0.09277685
0.066284195
0.05684012
0.04315951
0.039712712
0.04598317
0.03966914
0.04724736
0.052550852
0.047666162
0.041916557
0.052154366
0.037097942
0.051317092
0.056569554
0.050638136
0.04192142
0.07085865
0.042831436
0.04832378
0.057931297
0.048682977
0.04778258
0.040255208
0.048722003
0.04197988
0.05326504
0.050906744
0.037251282
0.06339465
0.046569195
0.045868155
0.045148328
0.04851517
0.04954497
0.052374683
0.054003693
0.045094814
0.04568153
0.057598624
0.041940186
0.061048053
0.054731015
0.048699882
0.05734716
0.037672076
0.05991576
0.04221765
0.0464338
0.04096884
0.0492106
0.052604888
0.04558706
0.042144675
0.039270077
0.054032523
0.052217796
0.052660443
0.052697793
0.04135229
0.049711134
0.051684763
0.04506503
0.05835066
0.050014406
0.04827545
0.051935993
0.045485448
0.059502058
0.052675083
0.053245664
0.045577597
0.04237994
0.058264524
0.0400755
0.040708363
0.053435847
0.045238223
0.045106016
0.045406245
0.05519847
0.046314497
0.050352894
0.038403936
0.048207525
0.048377953
0.050035298
0.045720514
0.03444673
0.042659886
0.043598488
0.044870745
0.053032797
0.049422327
0.04309953
0.048593123
0.055313595
0.050116286
0.022844562
0.054901075
0.058837824
0.042773448
0.043384433
0.03693455
0.054792494
0.054750197
0.047480725
0.05270487
0.037427075
0.04931408
0.0419223
0.057357874
0.05848924
0.040677197
0.050247148
0.053996354
0.061493672
0.048378374
0.05499601
0.052661262
0.04729311
0.058535106
0.0492933
0.05946053
0.06502054
0.035520744
0.042622935
0.043420907
0.057028346
0.044277623
0.066130176
0.05335598
0.050544932
0.061707117
0.042324018
0.038037688
0.045539267
0.037890647
0.049768515
0.049110476
0.052502412
0.03720954
0.051086046
0.04820601
0.058819175
0.054851342
0.058357082
0.04960213
0.041627847
0.040682863
0.04161334
0.04689967
0.05849426
0.060142938
0.042608365
0.05408089
0.04365859
0.045505412
0.05692768
0.047297616
0.03953079
0.040063642
0.045272417
0.050297193
0.043044325
0.049653467
0.043042757
0.047264997
0.041278116
0.055531174
0.050376162
0.055450264
0.040119663
0.051538408
0.04068648
0.045624472
0.060818605
0.050349962
0.047418837
0.048241578
0.04614561
0.049307838
0.0464514
0.05853373
0.056286164
0.038596496
0.04158874
0.06001535
0.042169675
0.04833897
0.05335614
0.063123606
0.058475908
0.049148954
0.0559884
0.054276697
0.05170903
0.04961246
0.05661588
0.044548076
0.051059395
0.046262916
0.056208394
0.05396808
0.0488255
0.042114038
0.041521728
0.043318216
0.043998025
0.038602475
0.0552895
0.05345885
0.044435997
0.05201944
0.06419026
0.040767156
0.054342285
0.04533614
0.049648374
0.05191915
0.049878247
0.054939225
0.04837888
0.0529052
0.05489835
0.05064576
0.04925868
0.06181717
0.054259688
0.059791464
0.050965615
0.05661695
0.042123467
0.04770038
0.05411686
0.053284213
0.045966227
0.03532188
0.037066586
0.049001537
0.050915882
0.041662488
0.041400492
0.048815355
0.048390914
0.047385212
0.0550412
0.04827546
0.05543311
0.051892836
0.033702217
0.047544196
0.049872417
0.057553038
0.055416152
0.04238653
0.042972747
0.051186576
0.051086146
0.050985396
0.052137498
0.05200726
0.04979802
0.049078297
0.0425387
0.054129094
0.05216482
0.039422177
0.051873855
0.056911062
0.049032897
0.04829791
0.050597038
0.05519234
0.056106735
0.035450734
0.04601378
0.060090955
0.047479983
0.0503856
0.045827657
0.04878754
0.040135663
0.050682086
0.04356467
0.03597494
0.047850583
0.04928478
0.0524862
0.04032112
0.056108322
0.03979277
0.04769265
0.039244432
0.04237935
0.040434554
0.064067915
0.048294768
0.047375046
0.04704199
0.04886593
0.041525293
0.054916535
0.05505529
0.058768097
0.043031257
0.053099304
0.05078613
0.04082336
0.039119475
0.05268744
0.04874019
0.0479244
0.04726505
0.050406482
0.056876898
0.056099944
0.032396846
0.04297517
0.043385874
0.05112448
0.061171222
0.048625987
0.04779054
0.04589519
0.04656924
0.05764529
0.04900115
0.044858564
0.052525315
0.041513875
0.05333598
0.058156867
0.04034835
0.047532313
0.05566919
0.049559906
0.04114267
0.04562603
0.049273353
0.047299094
0.04723089
0.05423846
0.053838745
0.044877917
0.06034651
0.051271994
0.04936692
0.059638374
0.056202535
0.050522037
0.0376542
0.04576601
0.049840413
0.044648558
0.068479635
0.054891244
0.06057499
0.04304385
0.04265304
0.04127682
0.054428242
0.044721257
0.04785314
0.063428916
0.03922239
0.04043108
0.040073644
0.04655244
0.04509214
0.048932903
0.042974696
0.051734436
0.04796422
0.05761155
0.039060917
0.046643194
0.042977992
0.048138924
0.059178177
0.045596167
0.035875555
0.03759178
0.03905282
0.040318843
0.0410381
0.053391993
0.05747865
0.04278274
0.04806937
0.053314324
0.043257874
0.04132639
0.05423127
0.047047436
0.04948167
0.04624822
0.03837687
0.056515086
0.040170006
0.052253418
0.042704187
0.046862744
0.050652176
0.039750997
0.043560024
0.045104675
0.055784594
0.05768234
0.04363214
0.04994456
0.04950623
0.053473335
0.0522007
0.06367647
0.06253718
0.04022229
0.053791963
0.04901204
0.05606079
0.029179195
0.048522864
0.052463617
0.054534912
0.05319144
0.054179918
0.046022173
0.041719437
0.053427488
0.030668063
0.05120254
0.06510225
0.049378827
0.044979885
0.044362742
0.051561806
0.048926506
0.050663516
0.050474856
0.05728292
0.0552671
0.04909112
0.045210697
0.04862497
0.06512712
0.03485549
0.056769576
0.046640027
0.04843985
0.048147313
0.059926696
0.044331346
0.049753144
0.05188842
0.039713133
0.03933707
0.056478113
0.04428484
0.037557334
0.045985408
0.054997586
0.03328301
0.05368822
0.060850628
0.059678067
0.049228895
0.056996945
0.05593018
0.05750173
0.048546396
0.045770157
0.048970394
0.044165716
0.045017224
0.028626157
0.03940913
0.055185918
0.050411113
0.04298066
0.04381758
0.044076297
0.040250875
0.045741316
0.05249959
0.0549335
0.048847325
0.052554596
0.059862748
0.044670165
0.05291681
0.058393586
0.045425124
0.044696014
0.0552747
0.049497727
0.045416918
0.04906001
0.049515534
0.043693766
0.051310398
0.05056358
0.051480487
0.052302185
0.037108697
0.045812532
0.043364037
0.05342385
0.0512403
0.059177425
0.040437326
0.05986355
0.04774975
0.05779392
0.062752314
0.04369302
0.057991743
0.044050656
0.05267008
0.036134925
0.043084435
0.056845114
0.041054435
0.04395225
0.05143434
0.04699917
0.04311824
0.05337026
0.05691142
0.06013951
0.051856883
0.04020721
0.053327627
0.06169948
0.061063074
0.053464502
0.050448354
0.042280562
0.056246277
0.041043773
0.040794395
0.0460777
0.04330826
0.048016313
0.054328717
0.044340078
0.0470234
0.0498542
0.051003553
0.057348188
0.051515546
0.047550775
0.06176609
0.05802956
0.05079468
0.04373052
0.04769069
0.056175124
0.054450728
0.047323424
0.055772834
0.05206552
0.051876955
0.051479794
0.05805296
0.04349685
0.05668568
0.037476774
0.052659202
0.05106154
0.04717784
0.05703082
0.05160431
0.047663745
0.036067016
0.03862281
0.056092694
0.057888858
0.04426336
0.03630819
0.05487207
0.058187194
0.056644734
0.04872566
0.058295816
0.044805616
0.045284536
0.052519083
0.047146734
0.045827232
0.04573412
0.043017928
0.05385488
0.04735117
0.059679355
0.05970172
0.04229414
0.053019054
0.051832303
0.048330046
0.05050204
0.04374613
0.047139946
0.057694282
0.04398053
0.05045917
0.058562536
0.059655406
0.044697627
0.037863012
0.045214742
0.047767617
0.05482758
0.05976807
0.035694256
0.043031167
0.05176938
0.051689383
0.04824341
0.0496237
0.052476894
0.046834826
0.044008557
0.05943275
0.038228914
0.053621612
0.04324267
0.051510736
0.056811042
0.04833774
0.055111796
0.05674225
0.0426319
0.05067187
0.05578112
0.037003063
0.04234442
0.05633217
0.057326883
0.048247162
0.06527946
0.05050737
0.05322547
0.05278515
0.058867425
0.050134823
0.04508789
0.049392913
0.04840866
0.042932928
0.05276049
0.056699004
0.0504362
0.057300393
0.05739056
0.050012674
0.050368764
0.044104766
0.05231982
0.053291038
0.04967503
0.05377628
0.03920563
0.055256993
0.052969083
0.03800698
0.045772433
0.033557683
0.051264066
0.039438665
0.048559543
0.047368087
0.053062066
0.05320651
0.04698552
0.051044874
0.040876232
0.04573827
0.053254094
0.045773853
0.056891438
0.057654396
0.0507256
0.034431167
0.054105252
0.046958238
0.047933757
0.047216576
0.04294798
0.042860504
0.052549295
0.035600275
0.045957204
0.050413586
0.03242425
0.048131995
0.052293085
0.046036586
0.052449353
0.04505336
0.04168947
0.05113055
0.048431132
0.04177049
0.046163052
0.058200113
0.043485045
0.03897164
0.05213302
0.047637504
0.042326733
0.047868725
0.04817512
0.03940108
0.054172687
0.058472794
0.052604213
0.040496666
0.035937775
0.048841815
0.047864985
0.037841003
0.05143029
0.051910657
0.053646103
0.06120841
0.049124736
0.057198342
0.052854966
0.044833012
0.047308955
0.05176294
0.047076643
0.05848582
0.056132134
0.041527253
0.05024843
0.05143921
0.046689376
0.046550184
0.054436877
0.055285577
0.05036653
0.044324074
0.045048732
0.042244866
0.0469309
0.04304139
0.047346022
0.04807948
0.04137895
0.038020257
0.039658077
0.050853983
0.049702525
0.054916117
0.04898205
0.04326278
0.039560605
0.05625969
0.059710518
0.044529997
0.052060954
0.037437707
0.057097368
0.041716203
0.048676744
0.050357927
0.05164443
0.045033626
0.050325476
0.04913141
0.028621867
0.04386017
0.053855408
0.045491077
0.053374115
0.038975254
0.052247956
0.044171486
0.04864446
0.05051682
0.054999582
0.044743177
0.041119624
0.04242435
0.04519399
0.045257024
0.06856247
0.042881917
0.042362794
0.052464698
0.05039333
0.059240814
0.05040194
0.05001964
0.04522143
0.047935817
0.05051976
0.057872493
0.03428966
0.042879514
0.049452215
0.06511197
0.052746955
0.047537588
0.0549353
0.04140652
0.053614225
0.052960783
0.048337508
0.041409954
0.04902972
0.042952538
0.047651805
0.050329704
0.0490853
0.05449098
0.049160726
0.045265798
0.051096976
0.047250897
0.048717074
0.050829682
0.03780514
0.05222008
0.06470595
0.05850179
0.041693002
0.028989509
0.046244647
0.048592128
0.04131475
0.041818526
0.04709033
0.053911377
0.058189236
0.03933631
0.040518094
0.054281052
0.053532816
0.04586249
0.041777484
0.03953148
0.04637189
0.03921676
0.0389743
0.048210576
0.04748895
0.04207783
0.06204083
0.053275675
0.04525338
0.05541993
0.04030816
0.056070533
0.04700388
0.04537171
0.057104215
0.05239454
0.04394375
0.05158804
0.048155803
0.044866063
0.05816067
0.047968768
0.05045831
0.033916894
0.049573008
0.050820153
0.040047374
0.0448499
0.037661083
0.042633533
0.06345533
0.057243425
0.05461502
0.050219014
0.046077766
0.03977251
0.051015098
0.038017366
0.046467513
0.051967215
0.048521705
0.047695156
0.037591375
0.05147835
0.0600995
0.035702202
0.05343033
0.040561344
0.04633644
0.043889318
0.049930938
0.039612148
0.058545433
0.043612126
0.053069696
0.041723635
0.034423195
0.061872415
0.05435931
0.045111913
0.04812679
0.06022451
0.04578032
0.042063773
0.041886542
0.04545566
0.03712576
0.050099
0.044778083
0.042439457
0.050752874
0.045269612
0.050380774
0.051227443
0.044483982
0.042750742
0.052290525
0.044469204
0.0397844
0.043900587
0.05832409
0.04930628
0.05033823
0.034877498
0.05839812
0.05274407
0.05422254
0.04408807
0.056273334
0.047576398
0.060878985
0.054085504
0.04484159
0.045482676
0.049893614
0.058406893
0.04950905
0.053848796
0.052462436
0.060368977
0.06059579
0.051330734
0.04908659
0.050603047
0.06722175
0.044108115
0.047919076
0.05010878
0.029756648
0.042214733
0.044333592
0.060518775
0.040987056
0.06109698
0.03935098
0.05170136
0.05606968
0.050995275
0.051193185
0.044707034
0.054709997
0.05945312
0.05832825
0.06267972
0.045816876
0.055063516
0.062211636
0.055997558
0.05875458
0.0547841
0.042995136
0.053857435
0.037722647
0.041824516
0.05299344
0.05029139
0.050345607
0.043617804
0.05319487
0.044432435
0.054552015
0.046791602
0.049530488
0.04710337
0.045418665
0.053010743
0.046011377
0.052710887
0.039336707
0.054556277
0.047255315
0.04604534
0.05332089
0.043092985
0.053351264
0.050377116
0.04472798
0.06937627
0.05479936
0.045568366
0.04939029
0.041882444
0.044203658
0.04315682
0.048961904
0.037990324
0.051150776
0.050212868
0.0551518
0.055225845
0.06047898
0.048624035
0.044890843
0.052954733
0.053049967
0.04443634
0.052849256
0.04989349
0.057265908
0.043371245
0.046831228
0.06016231
0.045234356
0.053933285
0.042010285
0.04878939
0.0601086
0.0545064
0.046218105
0.0410506
0.040843222
0.05288964
0.04343426
0.052180503
0.044424184
0.04706556
0.0462754
0.042595223
0.045610014
0.047524948
0.0476694
0.05460084
0.04734306
0.06357582
0.041279234
0.051760193
0.03905866
0.044655673
0.033681553
0.04482193
0.052544605
0.05768785
0.038319737
0.059121996
0.057299614
0.0422354
0.055929724
0.05515234
0.06409079
0.042630058
0.06521968
0.048084684
0.05304359
0.049063064
0.04045861
0.0441588
0.054127757
0.042422898
0.05231497
0.04815485
0.047743507
0.048563533
0.05234627
0.047059555
0.046342347
0.053178623
0.05651164
0.05981176
0.052922137
0.05164264
0.040877268
0.048300393
0.051162343
0.053601604
0.0430112
0.041239027
0.050759967
0.05600263
0.0380516
0.06056968
0.06447214
0.04033395
0.0593686
0.059894335
0.0495786
0.048971497
0.047633115
0.05501559
0.04158353
0.052061997
0.038420632
0.056915786
0.04817107
0.050559726
0.05362344
0.044530895
0.052447755
0.05293328
0.041544303
0.051439453
0.043058313
0.04959735
0.040864766
0.054196376
0.060913883
0.05576641
0.05097219
0.051752977
0.046293512
0.04896762
0.041051596
0.058985908
0.046099335
0.045147147
0.054220457
0.045668792
0.04619279
0.046454042
0.05728116
0.041838463
0.058328006
0.057998702
0.039445568
0.056374118
0.054548837
0.064230375
0.048416056
0.051533565
0.059776224
0.04865951
0.06481827
0.050688893
0.05482227
0.058420334
0.06261331
0.055292256
0.04997306
0.04079046
0.038563475
0.03639436
0.051725693
0.052246716
0.042099267
0.051020406
0.04795801
0.04796746
0.04410599
0.048630375
0.049501847
0.050801348
0.056461055
0.045808654
0.055794876
0.056820527
0.04065329
0.050710257
0.04762366
0.051416513
0.053790737
0.05372874
0.0418429
0.048468467
0.052733894
0.042438984
0.043529633
0.048013963
0.050077952
0.045293853
0.04738606
0.05528683
0.042605482
0.040623058
0.043854963
0.05043389
0.040548775
0.054090284
0.04852998
0.058237605
0.04963098
0.056905594
0.050274182
0.04615572
0.04629935
0.06212032
0.03882376
0.058506206
0.04946665
0.041412424
0.0478165
0.06535949
0.05304775
0.043107037
0.050353654
0.044059902
0.045050938
0.052861933
0.05262638
0.056367613
0.04208526
0.04587005
0.044464074
0.03568076
0.055246755
0.049503922
0.058451805
0.048772484
0.052125055
0.04376738
0.054062832
0.06597788
0.05746405
0.039948605
0.04202408
0.04347278
0.053031184
0.05639102
0.05551449
0.044545278
0.05420934
0.043821506
0.048002124
0.05927681
0.048113853
0.04630085
0.054492462
0.06035363
0.050886523
0.05418213
0.040809713
0.05714831
0.043025363
0.048069187
0.036032457
0.059840918
0.048654642
0.059977304
0.046418425
0.042478595
0.049877856
0.070319735
0.040022127
0.044430714
0.064338915
0.050304625
0.046561237
0.04863724
0.05610133
0.060481504
0.03937932
0.054388303
0.0429307
0.03711293
0.049654234
0.04707846
0.04816735
0.055354286
0.059858102
0.050188977
0.03989299
0.053980455
0.040533707
0.04039775
0.038986847
0.058196045
0.046736065
0.05464571
0.045206778
0.05644717
0.048158355
0.056312755
0.052871846
0.04056184
0.048635755
0.053484485
0.054629315
0.048592776
0.048933014
0.038359933
0.05621666
0.056245238
0.040115815
0.056420933
0.05869651
0.048514567
0.05703773
0.042944904
0.03639501
0.052529875
0.065576136
0.047817856
0.052782346
0.06080859
0.047000486
0.040107798
0.042269126
0.04512245
0.044958565
0.048891343
0.0500829
0.037505295
0.04228049
0.06505785
0.047585573
0.049078677
0.042423803
0.050221324
0.050322585
0.057041947
0.04593187
0.04697354
0.057844996
0.05335041
0.038361758
0.049399078
0.04692721
0.033857733
0.0630493
0.053711392
0.050235365
0.036114104
0.060663924
0.05432611
0.04856262
0.046456505
0.045692306
0.05199899
0.04728487
0.046902966
0.05648323
0.048095
0.046081714
0.04235605
0.062480062
0.03754198
0.040772993
0.056156047
0.052459914
0.060136855
0.06222524
0.05799818
0.036629975
0.06087509
0.05167555
0.03348231
0.04713793
0.044758644
0.045801718
0.033950202
0.048426233
0.05824503
0.05055282
0.054217175
0.0551121
0.043931346
0.04413535
0.05172937
0.03516511
0.03723451
0.051289566
0.05691709
0.050166853
0.052203633
0.049657665
0.039682485
0.055646505
0.044334453
0.05288369
0.048588272
0.0536883
0.05911447
0.055700082
0.04008356
0.037713002
0.050611142
0.04834294
0.048432466
0.059945833
0.05775186
0.0428422
0.042803235
0.04429882
0.057823297
0.062155534
0.043589264
0.059175085
0.048838615
0.051632114
0.041754458
0.044430643
0.04605498
0.041962966
0.06404861
0.05574987
0.051774643
0.052321274
0.06124902
0.06262982
0.063886695
0.053171765
0.036758058
0.04397645
0.042721353
0.057388727
0.051490977
0.0459571
0.053502403
0.05281032
0.048679437
0.04796286
0.04826505
0.060995188
0.039623983
0.047014963
0.050564673
0.059607767
0.054839067
0.03219014
0.040256023
0.04861127
0.03868044
0.053104356
0.040221754
0.045703966
0.038049348
0.058605254
0.034902308
0.058197405
0.041223083
0.043608986
0.052812554
0.04902745
0.043453187
0.050590433
0.050922368
0.05531984
0.05414733
0.046351038
0.037175253
0.05330729
0.054855183
0.04290756
0.04254525
0.048402593
0.04257138
0.047396224
0.047547832
0.04653363
0.046343204
0.050531037
0.054155212
0.045947693
0.0499451
0.049235098
0.045173954
0.04897375
0.042743925
0.051308975
0.046226047
0.04356958
0.044447362
0.04433357
0.047149286
0.06036314
0.05049252
0.050598547
0.036006663
0.049536508
0.0466851
0.056858864
0.051502712
0.056292776
0.054459624
0.041468743
0.045248847
0.05836646
0.044150595
0.060007624
0.035317644
0.045822594
0.04814025
0.053386416
0.04731449
0.049420774
0.04796026
0.04533412
0.046300713
0.047157336
0.035465572
0.04994959
0.05293755
0.0600169
0.05226689
0.03791371
0.04951887
0.05256837
0.059022587
0.067682095
0.049848877
0.045631345
0.050096348
0.046569925
0.050310593
0.053884853
0.04345008
0.0352193
0.0451052
0.048113447
0.058318738
0.056721054
0.04997981
0.05913054
0.05179456
0.049399342
0.038426004
0.047631506
0.03751055
0.04785626
0.047127575
0.050080087
0.051826607
0.05953778
0.044248853
0.043647964
0.056180745
0.05326179
0.03741004
0.04432965
0.0626537
0.047009625
0.05797863
0.06312391
0.044534232
0.05163864
0.046846416
0.06218652
0.0487155
0.054256484
0.05831901
0.042726155
0.04605166
0.037764348
0.03224402
0.053098954
0.06365603
0.04685401
0.053909533
0.05517282
0.05111958
0.045453567
0.050056152
0.05036833
0.05016117
0.041943748
0.05096706
0.040984556
0.04819214
0.045161027
0.04110939
0.052942254
0.061084196
0.04104371
0.044779163
0.04322015
0.047255002
0.05183615
0.04445075
0.032522686
0.038401514
0.03179852
0.04550435
0.04426184
0.055900626
0.045954075
0.05229189
0.05077767
0.05529114
0.0510678
0.053157113
0.050525054
0.053406768
0.04823563
0.046913944
0.060164396
0.05441753
0.04799905
0.046830814
0.053211816
0.0503791
0.05537831
0.04320148
0.043397963
0.05148443
0.040613912
0.053041786
0.03580958
0.056138102
0.06227871
0.046326328
0.04675208
0.051768858
0.049751114
0.044162966
0.05595152
0.052591324
0.03920399
0.056927137
0.043653056
0.055962875
0.035312403
0.052860636
0.04931647
0.04001798
0.049109306
0.048125885
0.04690308
0.053991262
0.050087526
0.048768934
0.045596715
0.04211423
0.03954457
0.04932387
0.05129992
0.044372585
0.06295151
0.04896747
0.04829324
0.047004245
0.054739706
0.05567015
0.05450174
0.06253777
0.042294797
0.05298567
0.048419103
0.046064872
0.04973763
0.05297589
0.046177384
0.057072423
0.048566006
0.053150088
0.049648102
0.050353494
0.04280204
0.049509637
0.05020483
0.066573866
0.044019178
0.047919076
0.051703345
0.048950374
0.05234045
0.04547692
0.049696315
0.04574728
0.04414725
0.057049695
0.06328615
0.034530208
0.04377569
0.041270934
0.039195113
0.06425119
0.048579548
0.043035127
0.05483016
0.044800814
0.06043738
0.04852256
0.0482742
0.041226342
0.04141156
0.05999475
0.0462581
0.045506127
0.039945856
0.059675045
0.04738173
0.048369277
0.0445031
0.05092822
0.055053357
0.04114599
0.047073524
0.0644501
0.054067843
0.060006186
0.06187263
0.03539404
0.05390966
0.048277844
0.049351234
0.05253951
0.053949505
0.053906728
0.058259465
0.057731166
0.056638096
0.043067865
0.052007567
0.03542711
0.040491387
0.046062812
0.037618328
0.043774143
0.046361573
0.04672432
0.043937728
0.0342855
0.0525663
0.04712582
0.04852433
0.055967394
0.045283627
0.03414439
0.051673237
0.044272494
0.063785225
0.048918787
0.037683062
0.053681374
0.047731094
0.049469374
0.059260763
0.028024282
0.035642426
0.052763827
0.044451587
0.054009695
0.05052469
0.04147097
0.048269846
0.043726105
0.044562265
0.051880695
0.06274909
0.042361896
0.055920295
0.06270154
0.057083715
0.07388768
0.05256748
0.05229818
0.049583334
0.045553204
0.04668752
0.041243102
0.040714696
0.04466797
0.048290107
0.06363933
0.04474043
0.060261097
0.05118474
0.043147106
0.04876271
0.04896669
0.046868104
0.04117617
0.05282406
0.049924176
0.040474243
0.04045398
0.056668837
0.051211122
0.05840109
0.05299528
0.044502884
0.045896072
0.038292944
0.051726907
0.061188623
0.044631768
0.059339505
0.04466642
0.05923558
0.05247692
0.04938483
0.037931252
0.04400659
0.056281887
0.051862124
0.054651935
0.04994535
0.047429442
0.046256438
0.039487097
0.05476184
0.04568234
0.046915438
0.042263865
0.057393864
0.042900454
0.04426784
0.061857466
0.04905529
0.054479893
0.059369102
0.061874192
0.053675454
0.058377527
0.046738774
0.05316354
0.036554076
0.04653965
0.049796853
0.049043678
0.038168497
0.046881825
0.049245138
0.04827458
0.05421613
0.04078406
0.043507896
0.055982716
0.051608283
0.043345023
0.048694022
0.038759697
0.05296639
0.059230983
0.046263736
0.04193863
0.05037715
0.04623464
0.058291495
0.056496967
0.04147246
0.050249293
0.0491074
0.06666415
0.05470839
0.049004614
0.044846687
0.066403836
0.04539045
0.057089046
0.05053089
0.0566951
0.055908076
0.04177849
0.055135295
0.058064424
0.0513554
0.056318328
0.04391337
0.05189928
0.06277309
0.044809878
0.036599673
0.05868998
0.06302283
0.05145948
0.04656625
0.0410122
0.04108563
0.056016784
0.04063905
0.04480181
0.036759153
0.04945642
0.054888073
0.04569083
0.03955637
0.042019255
0.044517376
0.044539917
0.040801868
0.04015887
0.050467867
0.048364405
0.046814427
0.05339902
0.054518588
0.04584852
0.04106357
0.051027115
0.04303035
0.0441993
0.041827586
0.057126734
0.041853506
0.05356692
0.05143055
0.051766627
0.048614427
0.043877106
0.048738364
0.053093802
0.04277248
0.052536488
0.044251785
0.05403566
0.056233358
0.054864056
0.04944599
0.054779526
0.04522236
0.05376803
0.05873625
0.04833106
0.038324762
0.05337731
0.049781006
0.039928094
0.049067494
0.047510587
0.052035287
0.059256695
0.045198143
0.034777693
0.04678527
0.05805644
0.034991227
0.065237604
0.049274735
0.052129805
0.050356917
0.053305667
0.041948844
0.046355207
0.056459226
0.04084039
0.04930488
0.054108977
0.046400115
0.047969896
0.044142712
0.038476072
0.04778827
0.05474771
0.04882308
0.05200258
0.043876395
0.059084233
0.045182865
0.04297136
0.050654564
0.05688478
0.0416605
0.047373135
0.05353033
0.053960063
0.045386408
0.04904189
0.05789154
0.049692485
0.06389565
0.04965111
0.047696102
0.050969213
0.050535895
0.04134466
0.04173095
0.05597055
0.060242005
0.049033154
0.049774557
0.031494055
0.044735897
0.051457815
0.062713005
0.03523612
0.04820069
0.049532585
0.057318315
0.05932426
0.038368706
0.04927938
0.04806838
0.03972031
0.05477604
0.060902376
0.06264848
0.034563027
0.06710844
0.052739836
0.050871976
0.050206617
0.038526107
0.047373977
0.04983869
0.052238528
0.036680944
0.0492579
0.051063124
0.036078405
0.03670149
0.0485835
0.06875585
0.054286588
0.042142298
0.049113072
0.04368125
0.045504652
0.039178524
0.045464378
0.05087813
0.061459955
0.040897287
0.033507776
0.057472255
0.049210243
0.048866156
0.058627658
0.05856288
0.056869525
0.048919067
0.033130884
0.05862468
0.04709456
0.04594094
0.039094415
0.044933
0.051111948
0.057418264
0.05087796
0.05413722
0.053386446
0.0637728
0.038445078
0.05264619
0.05174762
0.050085887
0.056524977
0.0476215
0.04092515
0.055352192
0.05057763
0.03390593
0.040634386
0.047261156
0.05839147
0.062361896
0.04460705
0.038731802
0.048314713
0.055186465
0.04380985
0.051538467
0.049841527
0.042360086
0.041785583
0.045459043
0.049531434
0.05707062
0.053878304
0.042765092
0.0373239
0.047022328
0.03939659
0.047416683
0.044032123
0.059367754
0.054198228
0.043350127
0.044899914
0.048112344
0.0388213
0.03576787
0.04427476
0.061483167
0.053078167
0.03519249
0.04375415
0.04388485
0.053686988
0.04653344
0.054453064
0.0432198
0.046653256
0.05546762
0.04470881
0.03731296
0.04766284
0.04620192
0.038383193
0.05508373
0.03759779
0.046393305
0.046088934
0.055480666
0.059306014
0.04512023
0.0651799
0.051220845
0.050936643
0.055174544
0.044568796
0.04356157
0.054160245
0.04511562
0.048041306
0.058171682
0.04650011
0.041932356
0.056731697
0.05364899
0.0420236
0.04472841
0.03874388
0.05226997
0.037167244
0.06026174
0.052852485
0.037093017
0.059704643
0.052120745
0.05159889
0.06013495
0.04304473
0.0497497
0.048921596
0.04456698
0.051265698
0.04545333
0.036695145
0.056302633
0.050877802
0.050039403
0.045113336
0.045814745
0.052882716
0.044291157
0.052537132
0.044201188
0.04091244
0.03982273
0.042919762
0.055449944
0.071669035
0.05614412
0.036801826
0.05440859
0.0616181
0.061697915
0.051238455
0.049632378
0.037216797
0.048696253
0.03627547
0.058347322
0.05737809
0.029910142
0.043682143
0.04796767
0.050522342
0.056758597
0.051531356
0.04445056
0.045411248
0.057776213
0.062183585
0.05404119
0.049504198
0.047014628
0.052522726
0.05510652
0.054092064
0.050011814
0.049123593
0.051043734
0.05180132
0.052001778
0.037370868
0.051502272
0.04738666
0.05515077
0.05631389
0.05296893
0.05165499
0.047735922
0.04966748
0.06530187
0.055059828
0.04606089
0.05679618
0.04606784
0.046506815
0.041607566
0.04625675
0.05447374
0.048275966
0.05355657
0.05538783
0.037797917
0.049876213
0.0452051
0.04630576
0.048245523
0.043978915
0.057693083
0.03270655
0.037918825
0.037139203
0.04112045
0.050855316
0.046514593
0.05600948
0.04624382
0.049038757
0.042977005
0.037213083
0.060564972
0.040782426
0.05044651
0.046875972
0.036552373
0.04302226
0.045676056
0.05442387
0.049848087
0.043427773
0.04317071
0.048264135
0.05587248
0.041070938
0.03723866
0.052708518
0.03830142
0.049863562
0.055149462
0.045688994
0.042379692
0.056719147
0.053384107
0.041734084
0.03804685
0.049537957
0.048468556
0.035165783
0.043034505
0.055742864
0.049577005
0.05457224
0.036454152
0.048506126
0.05186134
0.039474368
0.04179238
0.050382495
0.039823767
0.042403013
0.04865583
0.04649487
0.050218493
0.041795883
0.057135895
0.047450904
0.040913887
0.046783417
0.04672542
0.047940463
0.05385591
0.057658833
0.047935788
0.03494804
0.04559555
0.046547662
0.0390521
0.05741918
0.046278663
0.045431398
0.042744137
0.053598266
0.052233886
0.05356409
0.036205165
0.035055466
0.045627367
0.038499076
0.048117608
0.06270835
0.05968492
0.053834572
0.044385772
0.039706327
0.051955923
0.066442534
0.05360678
0.05787236
0.049836244
0.050689325
0.046836007
0.057987716
0.054788705
0.04007972
0.0497265
0.04238173
0.051487967
0.04922921
0.048640255
0.04245444
0.054071657
0.04776838
0.048091166
0.048174173
0.06064157
0.05523458
0.048619635
0.05111326
0.042655077
0.051396605
0.04289609
0.045327473
0.051504835
0.05225703
0.048379652
0.03596249
0.046977382
0.047526624
0.04496639
0.047725793
0.034238853
0.04745513
0.061444793
0.04961472
0.046925887
0.050223716
0.06252637
0.057489637
0.064265974
0.046055306
0.04841891
0.046947032
0.036996253
0.04557845
0.043130964
0.047954872
0.03492857
0.042065732
0.05416055
0.05331165
0.047978964
0.04171772
0.049337484
0.047665916
0.052649558
0.057820823
0.04546865
0.03979054
0.044022776
0.058851447
0.06031853
0.049620297
0.034206644
0.04600413
0.035212014
0.05516226
0.04588388
0.058078278
0.037177715
0.04947977
0.049271755
0.052562214
0.05360363
0.051317517
0.043362074
0.043474663
0.057061337
0.055199306
0.058871105
0.04974701
0.052399613
0.03755293
0.05472658
0.03791415
0.044194333
0.06872442
0.05436811
0.047439482
0.055141095
0.04096001
0.050305936
0.041228823
0.042795908
0.04569174
0.054511987
0.04092643
0.03952055
0.03270602
0.05309689
0.049209025
0.040585667
0.043173287
0.055782713
0.041143958
0.050193913
0.04031202
0.048824057
0.05211777
0.04387022
0.051916286
0.04083272
0.054273237
0.044677448
0.04099167
0.056502473
0.05648313
0.055818234
0.04612294
0.04449474
0.052539404
0.042453542
0.046341628
0.054115165
0.05601243
0.04788398
0.060485233
0.03791982
0.04560717
0.054065082
0.04960526
0.050986018
0.056149084
0.035863407
0.039380826
0.049214095
0.050961025
0.045884404
0.036668252
0.059049558
0.039295763
0.048976373
0.04085754
0.039594345
0.030451737
0.060931098
0.03714436
0.044179168
0.057531085
0.045879938
0.046635814
0.035673376
0.038586438
0.056203235
0.058008436
0.04612553
0.05275931
0.04533121
0.056108914
0.044886325
0.039692115
0.05047296
0.054881617
0.041958652
0.040660173
0.044091996
0.04216043
0.055264246
0.037347835
0.049083594
0.043695185
0.0469376
0.047930405
0.05950531
0.05350867
0.048576772
0.04198459
0.050974242
0.04270432
0.055037804
0.052221864
0.03483377
0.052086502
0.044046387
0.04219527
0.03378633
0.057512436
0.044054464
0.049030278
0.05952582
0.058072455
0.04031566
0.035410833
0.060781565
0.045439612
0.04236477
0.048577532
0.050081037
0.034923516
0.05770915
0.044625785
0.05011126
0.051440574
0.042483266
0.044277426
0.050120413
0.042421125
0.038467918
0.06473228
0.05515203
0.05039346
0.049595293
0.044723947
0.06411073
0.058437794
0.04877556
0.044767354
0.05284121
0.05282049
0.036079027
0.05177793
0.041216433
0.05049143
0.0455886
0.03321459
0.04683688
0.05623631
0.05695833
0.045362715
0.044304077
0.04713931
0.049108677
0.040671
0.037711214
0.051330388
0.058353107
0.05072878
0.024343917
0.050376218
0.06261214
0.044327322
0.043726258
0.051771335
0.04644151
0.046052705
0.045458432
0.039135564
0.0553104
0.045304447
0.046843633
0.05360379
0.040855143
0.054368574
0.056298714
0.05581746
0.03805336
0.052761093
0.05050321
0.058242813
0.050771683
0.054543782
0.05849176
0.05561161
0.056866493
0.051519096
0.04545451
0.04715946
0.05356102
0.039479293
0.046196576
0.054596953
0.04134763
0.04258188
0.03932155
0.04851341
0.053030174
0.04766852
0.048905928
0.05052735
0.04905139
0.035054926
0.049336217
0.03983883
0.050208762
0.0432146
0.048711956
0.046655037
0.045421194
0.05083701
0.050625216
0.050790776
0.04043393
0.039168816
0.04883924
0.04335806
0.046657246
0.050969467
0.04980266
0.048672505
0.054107133
0.045598373
0.042701498
0.05105088
0.03638998
0.04703947
0.05263793
0.04497661
0.04039085
0.04221496
0.044990096
0.050698236
0.045278702
0.041276995
0.05237328
0.04654746
0.036263186
0.05197733
0.05673966
0.051082123
0.060384218
0.054562584
0.044778623
0.06382668
0.0535845
0.04940838
0.058576193
0.05566344
0.04907427
0.060329393
0.048596893
0.041384224
0.055233587
0.05240169
0.060272325
0.047297236
0.032596093
0.029664708
0.046008512
0.043918204
0.06958117
0.03119589
0.0554311
0.038320642
0.044098545
0.048596714
0.04293075
0.04758763
0.050962258
0.051678907
0.061735827
0.052960742
0.045915753
0.034802645
0.05508555
0.0534906
0.062164996
0.03770969
0.04253786
0.053773206
0.029694453
0.05770597
0.062376775
0.040791515
0.03712103
0.04155211
0.04276589
0.049348373
0.046409473
0.039124426
0.046277937
0.044643074
0.041420944
0.051165786
0.04809147
0.04435512
0.041141942
0.037881173
0.04372511
0.047316507
0.057703465
0.039792966
0.05383899
0.051442795
0.056590468
0.05059861
0.052968755
0.045169584
0.04850617
0.05829084
0.045099575
0.05266315
0.03313673
0.059174627
0.061703138
0.052525748
0.051419895
0.051823482
0.05040628
0.04066231
0.04063151
0.045711406
0.045598753
0.05377069
0.04340079
