747.68164
2012.6445
975.7246
853.74805
320.79443
441.9214
289.79883
246.9375
249.36523
152.38818
208.69751
155.97144
68.64966
145.97119
68.28027
139.64551
140.15967
96.521484
120.374756
94.35889
90.08887
148.29858
119.58789
85.20618
73.77527
91.97339
101.77905
94.204834
74.58118
98.43921
85.27673
76.45239
80.10718
49.560852
76.42529
73.15277
86.50354
65.61047
85.1658
53.826904
79.3136
62.941803
59.1485
57.14792
47.587646
44.229492
69.74083
46.714813
40.668854
36.94194
68.34108
55.035645
64.09398
39.80307
62.39727
42.054558
44.5587
40.65206
48.09777
66.018715
40.687874
48.163483
57.68923
34.88315
38.34153
80.09459
55.3192
54.7081
42.94374
49.231895
51.97689
60.227493
62.952774
42.15828
44.309334
85.48147
53.01239
41.517563
35.926346
57.424225
44.638702
63.971626
45.504242
41.51085
52.678314
43.593292
30.0411
62.423775
50.02977
59.104362
64.80327
75.80876
105.85263
64.40639
59.25856
71.71321
65.77541
72.69516
63.528732
76.85918
74.647804
50.54883
74.13399
46.106087
70.31064
46.347336
36.288864
67.12865
41.831284
39.18982
36.933533
61.330948
67.77275
33.242706
39.98758
39.237717
48.50563
32.069046
37.361313
48.3219
47.115173
38.860474
45.516083
56.21602
62.206573
48.93495
54.327866
45.88028
45.58754
30.61734
53.5708
45.018692
47.2043
59.542908
52.62657
44.0569
62.333862
44.89366
36.12184
61.90715
55.15085
45.228745
29.49997
31.720215
39.367783
34.447342
22.896408
31.231033
44.359085
67.92143
40.516144
37.147903
16.665405
38.336227
48.05211
36.99164
45.741867
31.503586
39.308304
52.593002
52.271103
28.883469
36.882477
45.985474
45.399963
43.44716
42.95146
49.6671
36.679916
46.131943
35.471954
46.374985
22.513916
21.900085
31.185242
22.687103
67.660355
28.271759
35.844696
37.46866
29.040543
40.86682
44.57332
48.575638
32.882782
42.96556
29.765701
33.45871
50.872528
14.121933
23.474808
30.558273
37.355927
54.538284
40.514328
44.386032
33.141098
44.32788
33.125565
29.550507
33.35524
37.264847
27.534119
39.495636
35.634064
46.20688
41.532288
29.000153
21.00975
19.515106
30.677902
26.586395
31.781433
34.01764
31.78099
41.38867
32.876694
31.25325
23.194244
33.302933
40.708862
40.540924
40.793915
35.026794
35.470688
37.951385
22.090927
32.109238
38.145035
46.7538
32.755997
42.643845
41.640015
32.675827
26.486053
45.353302
30.87239
39.434814
17.847229
21.37622
18.146576
40.872055
52.974884
28.798965
37.71875
46.338104
30.424652
25.473434
25.358871
32.365936
23.865921
32.306427
31.439285
30.101456
27.829498
26.257431
40.980774
19.604614
27.254272
23.436066
38.392303
24.522797
24.968933
32.310287
32.542374
27.900726
39.81378
25.193954
44.355835
23.605453
28.441818
20.407364
56.470367
33.559433
23.129318
45.93837
26.983505
43.777924
25.919846
11.296082
27.1633
22.906067
20.803589
32.966217
29.17714
24.82695
31.053574
17.287643
34.072556
30.073334
26.409424
29.007584
24.00502
16.968552
32.591537
19.898117
22.845383
23.983246
48.284042
33.841248
17.479568
12.322235
33.293533
52.689285
23.576355
23.865875
35.565094
30.320389
20.329712
30.35022
23.115463
37.54138
25.225845
10.073547
23.58171
23.216064
17.69667
11.66362
21.202423
21.217056
22.853683
20.30272
25.384506
28.317749
11.801315
30.112167
29.041626
11.725662
33.849426
9.934891
25.167694
30.512604
30.580643
23.596909
24.747528
13.987152
62.97856
16.828491
11.519592
34.278854
22.743591
21.398865
26.653671
22.043518
27.365417
22.10286
23.837372
27.076752
31.979584
21.54506
27.357605
11.812149
14.065643
24.858978
23.648209
29.208694
23.381042
27.137894
25.751373
17.605255
27.726822
40.33043
20.200104
23.383698
14.920105
10.982849
22.06688
25.506302
37.017807
27.497147
23.564804
24.141983
13.120346
23.931976
14.523804
13.964249
14.693344
16.580032
17.279022
16.036987
10.495621
17.006256
26.398376
54.38138
21.4272
15.944855
14.765518
15.055435
21.04181
18.782486
23.658768
30.169388
21.60347
14.472961
28.822754
13.565399
25.449326
9.337967
15.035126
18.968826
21.270096
21.383331
17.080688
14.049774
9.443909
14.18338
20.574432
11.370239
22.623306
24.654266
23.567322
21.164062
10.747025
24.523102
17.981796
17.600296
10.417236
18.26117
13.4466095
9.5204315
23.106613
23.808685
15.25914
23.204163
21.886047
21.78415
30.445328
15.634338
13.869598
26.741043
21.885834
17.534927
22.554535
28.488007
14.387009
17.814163
22.647308
8.054245
9.974182
12.812836
35.448288
14.796127
10.23645
12.975555
13.29863
16.466629
35.003403
10.803604
13.75238
5.3536987
14.944778
17.761688
20.005646
8.847733
25.228989
18.766068
9.82283
8.373367
7.8628693
15.502029
16.609344
9.858643
9.651123
13.983795
35.20021
10.296585
13.624802
21.138535
27.345139
15.034668
12.328339
18.66336
12.347824
8.468216
17.63861
4.5105896
16.49907
19.876312
9.742218
12.148575
15.9210205
1.8226471
15.382477
7.520569
11.579315
15.59642
17.658203
9.942123
18.359055
1.5655212
14.504028
14.134491
8.9648285
20.955856
14.275177
6.295883
8.156357
12.385941
1.658432
28.420074
36.746872
8.473633
24.705887
26.086212
38.727676
10.159531
10.544601
-0.44288635
10.573761
19.005539
26.938812
6.088196
2.3092194
13.704987
2.4494476
15.402954
10.097519
5.491394
17.622604
4.62677
23.909714
7.88591
7.179352
8.0516205
12.266144
12.936798
5.9569855
21.303513
5.7138214
6.4231415
25.59253
16.562943
5.242874
16.93312
14.236282
6.2928925
7.232666
15.899063
12.51268
52.51477
30.555573
10.382858
25.872696
13.938324
10.438446
15.965637
9.853806
12.75676
5.9947205
19.640518
6.539917
7.826782
3.3606415
10.898254
14.664886
15.792053
7.589203
26.28598
5.4058228
8.219437
2.660553
15.917343
3.2110138
15.711639
14.305069
7.927185
6.402405
10.753372
14.194458
11.988586
7.0356903
2.5996704
18.991226
16.89566
3.904129
10.184677
12.035309
33.167282
15.646973
-4.603821
11.623428
13.441803
10.300217
4.224457
-0.635025
15.938156
8.361832
-6.7231293
-0.59754944
20.50879
5.7639313
14.108261
6.559601
14.479874
29.479095
8.349701
4.005081
4.9253845
3.3884888
-0.37573242
14.620438
1.829483
4.959305
21.998016
10.970123
10.706726
-1.6547546
11.237503
3.6085968
14.046539
2.0901337
9.985657
16.486938
4.1138916
18.445602
12.31041
6.952591
22.097748
12.189667
3.7865143
1.613205
9.717117
4.717758
-4.9569855
6.011154
7.8127136
-1.2684174
6.1328125
18.44191
5.963089
-3.4141235
-5.7079926
16.374176
8.023178
6.976898
5.835144
-0.50413513
-5.22171
4.420517
-13.78418
2.9917755
8.260895
2.6963196
-5.81102
-10.298828
-5.9161377
-15.255096
13.394119
5.5232086
1.04599
8.148895
-5.256958
14.098663
-6.697632
2.784851
-16.210983
-4.28389
6.364395
-21.066757
3.2016296
2.7133636
23.268661
2.0792084
2.673111
1.3852081
9.795105
-3.3470306
-1.5251312
-5.7299194
-13.407547
-4.5108643
9.895218
1.9760437
6.6183777
5.9459686
-1.7019501
-4.856064
2.267334
0.36688232
-31.3293
-6.1139984
9.840729
0.5093231
-3.6637878
-0.15115356
16.849121
8.16864
4.100769
-3.8137054
-6.6877747
-2.2493744
-10.753418
-10.7332
-1.9675446
-7.551773
-4.425827
5.8342285
-10.599777
4.260269
-12.70491
-16.25769
-27.27246
-32.122955
-25.053467
-20.028336
-2.9780731
20.399048
-9.890274
-8.164734
-15.290298
-15.159119
-1.8802032
-0.44999695
3.3787842
-1.8006287
-1.9690704
-5.675537
16.046616
-7.3953705
-15.179199
2.8983917
1.1119995
18.097992
-26.688873
-16.749023
-8.083572
7.6970673
-27.086441
-27.232346
-5.7194824
-21.085464
-9.025391
-10.612915
-7.1713867
-1.5970154
-17.20604
-9.932327
5.06369
-12.366577
-39.462646
-7.8386536
-15.352966
-3.5545807
6.250931
3.0293884
3.7643433
-5.5755615
-21.63536
-7.1821747
11.159088
-1.3836823
-12.3897705
-13.266235
-17.767288
1.5173492
-10.802444
-10.057388
-41.30336
-17.368317
4.68309
-32.33719
-17.704422
6.5546265
4.8555145
-18.720825
-19.475204
-1.4790039
-4.8797913
-1.9972076
-8.6128845
-14.95813
-14.523941
16.597092
3.9149628
-25.325027
-23.227829
-10.079102
-6.9219055
-12.101868
-24.515915
-16.412582
-18.044174
-7.048828
-3.2419586
-10.30806
-25.394012
-32.325424
-19.459656
17.707932
4.370987
-11.1723175
11.120728
-44.242035
18.572952
-31.037903
-9.613892
-5.705124
-30.183731
6.1258545
-33.54863
-11.231979
3.9987335
-11.327698
-39.233887
-26.096512
-3.4268036
7.582428
-8.16806
5.7120667
-27.86206
12.396774
-11.262848
-36.19992
-46.236725
1.8134766
-12.099899
-19.067307
-7.4590454
-21.301208
-11.704224
-9.46257
-21.84639
-16.44983
-25.287445
1.1950378
4.898361
-25.187485
-37.016052
11.94873
-2.7673035
-22.435684
-21.587433
-19.828308
-16.080551
-23.083267
-26.378082
-16.348312
-33.26982
-20.906784
-5.8612976
-19.381119
-26.653305
-24.16362
-4.0196533
-31.83548
-24.273895
-16.57817
-14.360886
-22.09961
-13.01915
-27.782211
-7.554077
-12.162247
-36.401382
-30.04457
-33.41063
-12.784668
-39.416183
-24.46051
-22.754944
-45.8748
-17.910004
-57.17726
-17.96849
-16.063171
-24.370956
-29.765213
-18.45494
-28.615433
-28.301178
0.566391
-20.636002
17.54103
-35.23436
-26.460098
-26.379654
-19.669693
-1.4391937
6.0459747
-2.9225311
-9.326843
-6.305359
3.2090302
3.8933563
-2.1217651
-18.544388
-16.448196
-25.347778
-21.222473
-35.231323
-1.4287872
-25.480911
5.115265
-28.88855
-57.89441
5.080536
1.7705078
-24.370102
10.464874
-14.558945
-34.037262
-6.5249023
-49.471497
-37.27661
-18.953415
-2.6263428
-15.854935
-14.228699
10.074402
-12.173309
-35.587845
-13.315979
-22.756226
-12.468582
-12.861038
-40.22412
-7.772064
-6.803711
-32.392868
-6.829056
-14.937683
-12.266113
-3.5773468
-38.57286
-8.98494
-31.369873
-20.894287
-15.352234
16.585266
0.35635376
6.249054
-14.161316
-8.815521
-19.663452
-18.163162
-41.28058
-33.991074
-38.300705
-47.147034
-8.034393
-38.02954
-40.69095
-28.247284
-21.51854
-18.727356
-4.324188
0.6029968
-14.788986
-17.57257
0.6607361
18.995407
-3.867508
-10.794815
-21.13417
-22.057327
-29.370483
-15.143982
-17.553802
-15.792679
-40.901947
-22.226776
-19.237717
-13.049332
-3.6847992
-20.30606
-18.348526
14.646774
-1.6601715
-13.678101
-19.416962
-27.277359
-7.619034
-17.657837
-27.281204
-16.769104
-18.231354
-3.8623505
-13.949036
-31.00299
-46.643814
-7.540695
-63.33931
8.28508
-16.710144
-22.100784
-5.573532
-11.107666
-20.71637
-10.728088
-14.793869
-14.091888
-12.154861
-28.117966
-18.699951
-24.49942
-25.929626
-40.29854
-27.096283
-20.819397
-39.90535
6.819702
-23.268707
-18.231033
-27.03389
-3.6185455
-21.70665
-2.6482697
-3.651062
-9.638428
-24.520203
-14.5469055
-16.54602
-25.59903
-10.506393
-43.67325
-8.08931
-32.852554
-6.3334656
-42.246216
-16.695847
-10.439224
-11.207062
-34.987167
-25.371292
-31.750748
0.7089081
-16.495163
-49.30728
-18.730545
-29.551971
-48.284515
-9.442352
-20.940903
-6.7686157
-30.832901
-34.113556
-14.19075
-21.593079
-39.724625
-18.593246
-51.9758
-18.392899
-25.465973
-17.754807
-3.3221436
-38.384445
-23.533447
-30.264343
-25.55577
-18.7706
-22.151886
-27.25824
-26.67241
-27.944595
-15.318909
-6.431946
-65.00664
-17.440536
5.591095
21.573944
-11.504776
-1.0571747
-6.5603333
-16.999313
-36.8387
-18.111923
-24.708313
-34.97664
-19.03389
-37.996384
-14.784866
14.059418
-19.92517
-22.21643
-30.88005
-4.124756
-28.03038
-23.314468
-6.021179
0.44595337
-5.1707306
-7.4342804
-15.141876
-24.58014
-2.2153625
-24.883698
-18.901154
-42.168045
-6.22316
-58.608368
-11.651947
-0.39396667
-17.135727
-13.762863
-10.314362
-22.158035
-26.186188
-18.281708
-3.0887146
-11.207718
-20.790741
-16.1082
-8.611969
-21.664108
-27.093536
-28.968826
-24.254654
-14.313797
-37.594788
-37.240433
-18.124252
-9.459702
0.022521973
-27.339264
-2.766571
-21.26352
-31.284088
-8.000183
-11.686142
-25.301254
-9.303482
-46.25403
-41.52713
4.4219513
-13.192154
-29.925278
-29.592941
-50.29477
1.608902
-9.402283
-25.170425
-42.39406
-24.457275
-24.110855
-19.773163
-15.926804
-22.698822
-19.777512
-27.71135
-17.297623
-29.384552
-25.256088
-40.9657
-34.59236
1.0041351
-21.60431
-6.363434
-3.3005524
-11.708771
-21.704712
-21.210526
10.786835
-13.272415
-17.904404
-52.290985
-34.5244
-37.341278
-24.323395
-22.071259
-49.16632
-46.423096
-10.046341
-42.438522
-14.784668
-33.872528
12.161911
-18.196487
-35.051636
-41.97519
-12.601715
-9.629883
-50.892136
-38.8497
-25.54187
-3.642624
-42.89261
-40.023117
-27.708649
-22.836075
-21.557297
3.0552216
-37.385742
-31.351639
-12.982117
-34.993774
-27.572266
-30.519012
-28.011566
-20.343155
-30.669952
-25.957718
-12.903336
-24.686768
-25.508728
-5.7624207
-17.38205
-45.271027
-23.221344
-11.475998
-21.07927
-35.515
-28.745987
-31.539383
-36.89998
-47.307907
-5.944214
-34.52498
-44.47455
-17.450653
-16.70224
-17.838898
-18.186462
-39.18901
-8.789169
-27.625885
-21.627106
-26.363312
-58.892303
-21.959274
-53.3367
-36.276306
-23.143387
-56.55368
-19.525497
-12.02002
-10.310074
-30.326324
-18.517288
-42.08795
-28.423996
-27.855194
-14.141861
-19.94011
-53.6138
-25.903305
-22.636215
-27.90944
-40.352585
-19.91211
-53.901672
-17.772903
-0.27687073
-32.39853
-29.141846
-19.0419
-42.173874
-16.565033
-35.877075
-36.06685
-37.892776
-10.974197
-27.96193
-36.028717
-37.657547
-33.81201
-42.825287
-33.542282
-49.141876
-40.73889
-23.27272
-24.738739
-8.28093
-31.213425
-33.358215
-60.57979
-38.435547
-32.949112
-37.462524
-27.317734
-54.13846
-28.508179
-50.907166
-22.622314
-10.55217
-21.081284
-22.068268
-22.386032
-40.936325
-30.284653
-32.105606
-35.639023
-18.96846
-21.764633
-33.8412
-43.011765
-25.012482
1.2338104
-38.93312
-24.612854
-16.525726
-23.90152
-19.239746
-11.939117
-18.791412
-53.839157
-29.649963
-30.452087
-38.405075
-44.557556
-42.983704
-9.260544
-57.0428
-30.60521
-42.562866
-44.12021
-38.185333
-45.062576
-65.04509
-33.945953
-46.49826
-35.8947
-48.159195
-18.880524
-43.882874
-31.598618
-30.778473
-27.288773
-16.33043
-12.248306
-33.44841
-6.310684
-30.315643
-33.558197
-37.84041
-15.177658
-41.499557
-53.262527
-27.303772
-40.81781
-60.772278
-44.577118
-49.069916
-54.520096
-57.443787
-39.382828
-42.29695
-28.928314
-43.70085
-23.15384
-45.85623
-52.349716
-56.490738
-16.332443
-31.836746
-29.673325
-20.324432
-32.038635
-34.743515
-19.472
-24.70694
-4.556656
-14.313171
-22.146896
-12.094864
-27.983551
-17.244217
-12.0385895
-30.09813
-15.209885
-43.284134
-25.106445
2.3369598
-41.805237
-11.2202
-10.887009
-14.239731
-24.291824
-30.37004
-44.882538
-16.419205
-17.590515
-16.49617
-13.549545
-23.492477
-13.981827
-21.968079
-30.780289
-15.8728485
-47.32164
-33.163498
-20.144302
-11.486053
-33.320923
-26.929077
-33.453445
-32.094437
-29.817337
-48.335968
-47.836426
-24.470459
-10.300064
-13.579803
-16.123795
-20.359756
-30.815994
-34.27751
-40.369904
-35.55812
-19.097488
-60.376755
-61.569748
-46.159775
-13.072754
-40.490158
-49.71881
-19.668045
-29.63768
-30.871048
-34.76744
-48.125336
-26.309677
-21.14714
-32.366974
-29.305817
-25.391953
-24.214508
-73.37094
-59.0251
-24.531082
-57.37094
-41.710526
-29.70958
-33.13263
-19.150421
-35.78224
-33.69008
-26.954376
-72.00864
-28.24649
-42.908783
-36.92888
-57.4657
-32.500534
-55.23787
-56.77719
-40.071487
-76.46782
-57.488678
-59.42244
-0.46484375
-46.12027
-24.907959
-29.954758
-19.948334
-29.594238
-9.733414
-16.223099
-39.8546
-39.312546
-36.04709
-58.994843
-50.26288
-38.653137
-11.308517
-26.039505
-37.331192
-42.19171
-23.91214
-20.464737
-7.9020233
-7.4670563
-1.3391113
-12.735504
-1.9099121
-20.461334
-10.01973
-21.16681
-27.45317
-18.57837
-25.356659
-25.765991
-34.763535
-41.04329
-9.160934
-22.227173
-39.7744
-51.84439
-5.963974
-47.87097
2.1939087
-21.018188
-6.3883514
-26.31659
-15.269943
-8.655319
-20.309753
-9.941544
-21.410446
-29.788696
0.76730347
-50.09233
-16.696579
-21.99707
-23.215027
-13.526459
-37.293045
-33.008743
-49.364883
-32.103195
-28.23761
-32.45294
-48.17914
-46.452362
-32.2247
-35.39148
-15.786591
-31.141891
-8.518646
-51.260834
-31.21939
-16.468567
-27.492355
-37.674515
-32.313904
-35.485016
-22.43187
-58.70549
-27.5336
-13.088394
-40.120193
-27.025497
-45.357727
-18.696884
-29.153732
-32.504288
-33.284683
-7.3986664
-7.6783447
-35.467545
-42.496994
-33.413147
-29.981293
-66.712265
-57.320984
-31.060104
-70.37277
-43.562103
-15.286362
-29.822388
-39.193542
-45.818085
-44.819717
-26.167465
-31.455109
-39.56523
-8.096756
-38.005188
-30.755264
-55.09134
-53.889526
-15.176361
-52.45839
-34.317398
-24.916046
-24.037964
5.0786743
-11.638397
-32.72612
-22.27324
-27.965714
-42.259064
-29.162766
-34.764893
-27.802444
-10.481445
-12.590775
-19.943909
-22.842056
-24.038834
-37.398987
-21.14972
-14.98703
-37.43274
-23.161316
-60.17163
-15.474213
-37.991394
-20.124084
-38.31859
-35.636566
-15.056732
-43.23117
-48.560837
-40.953094
-48.58188
-26.824265
-31.556747
-22.720398
-26.903671
-25.789536
-24.17067
-12.193832
-59.350266
-42.574753
3.8000946
-53.580475
-34.2043
-21.557907
-16.338043
-13.597519
-51.224854
-20.414093
-8.709793
-46.880875
-45.848923
-31.63765
-26.273117
-47.878204
-32.604706
-46.522827
-43.95404
-61.465927
-17.936996
-46.441757
-46.710922
-30.059662
-30.08957
-41.033066
-27.60321
-43.596863
-52.009888
-29.12445
-27.125671
-41.01248
-25.744095
-36.34857
-50.476776
-37.017426
-44.2415
-69.86388
-45.75476
-51.628036
-34.778824
-68.091095
-44.561417
-42.410004
-45.73874
-30.644989
-21.261139
-52.726532
-43.075836
-33.238297
-51.520035
-34.51625
-33.590042
-51.184067
-49.579453
-31.760544
-40.816376
9.116074
-25.232834
-19.919357
-46.31703
-51.653214
-60.570175
-43.783386
-21.430862
-51.138992
-66.28366
-27.610855
-50.94966
-35.342773
-58.678085
0.18487549
-67.93704
-25.698318
-49.979385
-34.334656
-42.316193
-57.129135
-39.32222
-39.755585
-23.745987
-10.88298
-35.464645
-42.79869
-52.26422
-30.857803
-30.707642
-76.27721
-49.19687
-40.034286
-60.82939
-47.3826
-56.779007
-45.22505
-41.72702
-40.627045
-70.05469
-51.233566
-59.72458
-54.166656
-62.502472
-42.67311
-41.651474
-51.05966
-29.127045
-30.152008
-51.847244
-52.283417
-43.74901
-79.89227
-78.08328
-36.720947
-51.190292
-68.041
-12.91362
-39.43715
-46.594727
-49.820267
-82.66646
-52.081863
-63.77339
-72.50891
-45.955093
-1.6840515
-39.93019
-15.067261
-35.017334
-48.407776
-54.43483
-51.618195
-24.048294
-54.03009
-42.193832
-30.051636
-43.22699
-33.329453
-26.958893
-37.056717
-25.04425
-50.929382
-24.457993
-55.937973
-21.792358
-27.677917
-25.857285
-0.91760254
-29.085602
-40.2527
-60.780457
-48.850266
-42.030563
-54.002304
-24.33258
-22.724731
-21.877716
-46.67926
-28.883438
-40.743164
-28.373184
-45.745895
-28.575989
-21.286987
-40.00737
-50.71881
-60.133896
-46.356064
-38.09677
-47.172974
-28.384766
-41.662964
-33.141663
-53.711334
-25.305267
-59.325043
-72.41968
-38.944794
-45.442566
-30.025864
-33.463806
-16.569122
-33.455994
-32.681824
-41.64781
-46.045914
-37.704086
-23.509338
-32.95114
-30.68895
-43.009125
-53.365112
-59.435364
-14.176361
-39.528534
-41.554504
-32.087204
-33.615997
-33.890106
-49.525986
-36.721924
-33.035645
-37.091476
-60.67299
-31.991608
-62.423813
-40.993484
-38.096054
-39.948242
-44.019592
-68.90753
-18.017776
-0.75827026
-19.35463
-5.664459
-53.097015
-44.105743
-35.264862
-38.61281
-64.944885
-19.082092
-15.097336
-30.744064
-78.7601
-52.282257
-77.56697
-46.560165
-55.39781
-26.620834
-52.842148
-30.21048
-45.524887
-34.924286
-5.1630554
-39.274094
-32.38289
-57.132523
-58.98651
-42.461746
-70.36037
-53.91455
-50.670746
-29.760086
-74.52907
-35.02887
-46.349854
-29.516586
-9.925461
-46.440277
-63.703873
-72.43985
-14.7397
-50.220444
-80.86101
-42.98001
-33.71393
-12.851624
-45.945923
-64.45035
-44.789474
-13.539047
-19.453156
-40.433075
-35.85266
-9.198593
-23.548462
-31.505844
-55.918564
-7.2571716
-44.40959
-9.05719
-56.517303
-49.383606
-38.216476
-66.740204
-33.104797
-41.506363
-47.159973
-55.102676
-28.47371
-54.11406
-43.32216
10.992111
-12.69104
-8.406891
-30.154724
-62.01819
-44.49054
-25.909378
-26.740784
-44.67459
-62.341034
-42.263138
-35.902344
-51.668915
-58.83867
-53.342575
-72.19652
-41.962036
-64.81789
-67.89624
-91.77852
-53.5596
-11.250458
-33.695694
-36.671265
-72.98477
-26.394989
-61.039917
-16.000046
-57.765198
-43.86409
-49.540573
-43.178757
-73.87576
-50.66928
-61.930527
-53.98375
-34.17668
-58.450882
-33.16092
-71.17476
-29.850067
-34.490585
-59.443237
-46.691956
-88.77455
-75.27991
-62.12697
-76.527054
-54.21753
-50.71805
-24.407806
-66.294815
-44.863983
-38.259933
-59.423706
-5.9411926
-32.36589
-33.580093
-54.152695
-73.069275
-70.096436
-49.74086
-63.309128
-53.257584
-46.96698
-30.19284
-82.56012
-53.124527
-46.035187
-33.754242
-10.573624
-18.796494
-29.406158
-13.499985
-13.187607
-52.390594
-44.839523
-46.02704
-63.36403
-73.68529
-40.269836
-41.392334
-35.089523
-40.29239
-31.567566
-17.526718
-15.558395
-17.42189
-10.060516
-13.207199
-17.374634
3.2954102
-32.14827
-28.844849
-30.721603
-23.07457
-20.161484
-34.185867
-19.507004
-37.49916
-30.34494
-45.195786
-15.512436
-27.465439
-44.21776
-19.110672
-39.461487
-57.041214
-40.269043
-21.03769
-11.453323
-47.954926
-52.05484
-36.541183
-35.242645
-32.145706
-30.386276
-23.253525
-51.828323
-48.931976
-63.884567
-23.229782
-31.438904
-55.46997
-41.45587
-20.083344
-57.91719
-83.32649
-56.34015
-59.775238
-54.96379
-25.028885
-35.44905
-6.426956
-17.378891
-59.223602
-76.22882
-37.12993
-36.818146
-43.590378
-37.640045
-11.828995
-38.477753
-58.618652
-25.505493
-45.890656
-54.838013
-62.876602
-15.934509
-43.214783
-65.13034
-69.555374
-32.20198
-20.839859
4.103134
-33.71138
-27.713043
-71.453094
-25.137527
-29.14087
-38.96779
-56.44229
-46.718506
-38.56215
-41.32982
-94.77168
-35.215866
-37.03778
-60.48802
-80.69084
-62.176727
-58.93799
-59.25186
-48.245956
-55.799988
-36.85988
-67.950134
-66.40596
-89.14578
-35.39279
-97.600204
-62.74637
-6.770401
-28.28482
-50.702934
-9.797256
-30.967285
-39.14865
-27.973526
-17.091248
-46.4467
-50.082047
-39.254257
-62.624603
-47.350204
-53.29512
-38.529022
-64.34277
-46.96611
-32.226334
-34.172318
-28.0224
-22.812637
-18.4814
-23.65747
-39.87915
-27.795776
-39.416153
-23.224274
-29.14209
-22.399109
-44.46733
-23.562347
-44.836716
-49.809387
-30.135132
-19.750702
-24.288788
-38.55458
-21.631592
-44.231277
-45.90036
-36.263504
-28.40718
-8.225296
-23.200073
-22.602158
-62.13591
-58.088593
-10.183151
-19.296677
-21.440979
-48.79991
-71.93242
-32.75229
-54.742996
-23.396835
-32.405777
-63.471024
-57.426216
-30.317703
-50.360153
-64.93024
-33.742447
-65.48967
-38.16548
-22.707275
-24.969635
-49.059067
-53.31749
-58.827927
-30.542435
-33.501038
-26.789566
-42.47838
-55.504837
-38.27603
-34.39081
-58.39592
-61.26922
-61.130493
3.980362
-84.36713
-20.1409
-46.616158
-35.597916
-61.549973
-62.576935
-45.38086
-53.525665
-67.890076
-61.281784
-32.611313
-53.315018
-61.352005
-37.14995
-61.09114
-31.621597
-58.250244
-57.88582
-27.901505
-26.529846
-54.508377
-23.868866
-23.618317
-46.662445
-46.76036
-75.76088
-35.146973
-36.883194
-29.066116
-49.252914
-54.595108
-63.06961
-17.845673
-42.12622
-37.027405
-36.32831
-19.03601
-62.13562
16.122772
-36.28232
-26.471893
-58.055176
-44.146835
-36.77449
-90.02246
-35.06485
-61.225067
-32.66365
-35.67975
-38.46335
-38.68109
-27.984833
-33.419632
-24.26506
-74.208984
-39.61978
-40.103653
-34.14145
-35.25
-78.45445
-22.75821
-33.32527
-56.524933
-27.291183
-35.74861
-45.53351
-28.60048
-21.961662
-27.434036
-31.065636
-45.005066
-35.409286
-11.529938
-41.34819
-28.257767
-36.49832
-19.142761
-60.37787
-34.207413
-57.41606
-25.745193
-25.119812
-19.154922
-52.010803
-22.146912
-34.112976
-8.23111
-20.851547
-7.498474
-55.330368
-15.558472
-38.99672
-53.547897
-29.325958
-27.216965
-8.801727
-61.09085
-34.60443
-45.207
-46.66829
-25.1333
-34.974564
-44.632614
-37.0215
-48.00061
-37.538452
-6.300873
-78.14946
-27.928406
-51.89543
-55.103134
-31.16758
-32.624725
-45.902634
-20.587326
-42.205643
-38.943756
-23.055954
-43.34073
-51.200638
-41.74472
-71.73996
-39.827972
-27.99591
-41.907593
-22.0988
-15.306503
-73.80298
-30.608002
-26.45047
-34.180847
-60.2388
-37.437546
-30.243805
-58.31349
-22.015
-43.14531
-47.819992
-48.63307
-40.145172
-52.04637
-31.278656
-68.70694
-22.712387
-52.316437
-49.547073
-29.272552
-39.255203
-44.033768
-40.44925
-67.14281
-66.52373
-31.067978
-7.864624
-42.650436
-48.034225
-44.383255
-53.743073
-25.517288
-56.824493
-42.41101
-26.851181
-96.645676
-33.632248
-33.263443
-38.39261
-39.35341
-84.837036
-32.29236
-21.589706
-43.631027
-24.951736
-22.470428
-61.94388
-33.54796
-55.042038
-27.89029
-18.06845
-47.10617
-25.024963
-38.678688
-47.402344
-55.8833
-43.8898
15.349213
-43.604324
-68.91441
-61.544662
-70.75192
-47.496307
-21.77597
-72.996414
-45.260147
-57.134766
-78.79935
-49.659836
-39.62242
-12.939133
-47.129913
-55.811966
-47.69693
-54.066406
-69.209076
-50.441147
-41.02971
-66.14086
-56.96251
-28.021408
-84.988434
-45.67874
-34.41942
-62.612946
-67.033554
-62.09053
-54.98517
-35.157837
-38.510025
-38.037354
-45.06366
-39.74466
-47.472626
-48.983673
-31.790573
-31.943146
-89.76994
-62.342278
-65.55797
-45.42697
-37.95015
-56.284164
-39.727158
-45.142944
-61.65854
-56.52382
2.4320984
-39.833725
-59.719986
-21.170639
-51.246292
-75.98494
-44.396515
-24.833435
-42.523697
-71.6559
-77.90355
-35.55655
-75.333664
-55.147476
-45.18953
-33.69757
-33.028885
-76.07214
-59.699738
-61.734497
-64.463486
-35.04489
-49.036713
-59.14406
-58.32994
-55.615814
-66.90721
-55.770004
-34.79854
-47.479897
-39.90506
-36.405304
-48.011993
-35.264305
-31.482208
-53.100998
-50.320618
-68.26348
-66.14708
-71.615814
-38.601944
-118.1535
-47.76455
-66.0132
-64.911255
-44.891678
-11.474365
-7.761627
-70.75404
-44.899048
-42.784393
-90.387985
-43.546432
-51.083908
-70.29285
-48.58496
-49.815094
-47.191177
-27.553833
-43.234314
-17.172592
-52.534714
-29.845245
-68.32425
-46.33104
-48.891296
-28.333115
-43.637344
-65.89018
-41.47464
-61.96025
-29.03807
-41.54677
-53.148087
-59.99431
-22.155014
-38.74742
-9.106857
-26.020172
-64.920456
-13.641937
-38.181488
-57.139023
-58.736404
-47.130157
-73.59064
-61.296234
-54.40103
-54.28868
-56.581955
-62.292282
-21.478882
-82.181366
-138.88031
-45.45421
-27.791512
-51.433945
-33.802223
-33.636078
-36.23517
-43.896057
-29.353043
-67.27634
-16.987381
-78.21001
-34.08307
-42.000122
-51.50995
-19.668365
-35.2529
-36.2193
-16.89914
-37.975006
-31.01709
-42.84173
-45.466965
-32.864532
-37.255775
-48.269577
-68.47481
-55.35298
-53.33882
-62.907654
-16.38469
-49.038162
-50.092667
-39.177094
-49.717545
-39.741714
-40.42206
-51.38405
-32.930527
-63.46405
-23.241714
-40.922394
-66.417175
-37.618454
-53.98137
-42.200714
-29.444473
-55.723267
-44.636124
-89.347855
-48.183426
-61.075516
-47.67491
-45.154373
-41.406464
-41.394722
-63.15171
-56.891945
-38.653976
-43.213745
-32.545517
-68.49771
-82.375565
-49.480362
-38.729095
-69.2856
-38.205658
-44.981247
-40.439713
-60.33348
-47.589035
-61.557068
-43.430786
-29.958237
-28.139435
-38.585434
-69.54328
-40.34024
-46.472404
-66.570206
-46.15541
-58.070343
-60.963226
-71.222046
-77.16397
-15.402985
-40.112335
-45.523453
-21.53006
-23.30014
-39.166107
-38.201904
-10.736816
-59.446243
-47.610916
-31.027756
-52.47168
-57.579185
-54.263565
-45.35759
-98.33469
-60.50508
-26.504486
-64.34537
-77.446014
-32.166656
-52.572647
-57.228027
-57.206345
-58.465668
-36.396027
-33.784233
-29.340988
-8.536339
-42.32582
-20.303421
-72.1812
-63.171967
-31.402771
-63.378357
-45.798187
-86.97348
-31.468826
-69.85974
-33.681595
-61.372726
-29.573853
-83.193275
-50.698868
-54.538544
-72.08835
-49.317566
-49.9644
-67.03755
-12.464783
-47.34671
-33.031403
-47.12178
-50.724625
-61.67592
-55.997864
-92.61394
-17.689026
-50.433395
-64.661606
-10.127838
-61.462616
-66.09039
-29.962463
-19.980286
-62.65091
-104.089325
-53.07579
-32.208298
-34.498245
-56.6326
-32.550095
-87.63434
-52.769104
-99.783005
-90.62875
-66.53002
-63.907516
-59.86348
-35.17
-61.42285
-61.12616
-45.13777
-53.594437
-15.416428
-54.88507
-39.050903
-23.390854
-96.30629
-57.514816
-53.28341
-30.636887
-69.25169
-52.195923
-29.705902
-25.977722
-41.863495
-51.39499
-67.785934
-15.678955
-46.872574
-22.5896
-49.391747
-17.810333
-49.971466
-29.776016
-66.64813
-37.360764
-24.200897
-38.58812
-41.501053
-105.985306
-81.00255
-53.25409
-43.331024
-45.331573
-57.6763
-53.761475
-54.056427
-54.503616
-69.74643
-66.39392
-18.313812
-127.48154
-34.90869
-61.00151
-87.43416
-37.049576
-39.658386
-60.987442
-37.93477
-36.41281
-42.74884
-53.34842
-40.868927
-55.05226
-57.4803
-57.262787
-74.533905
-51.93817
-50.66182
-36.75078
-39.08522
-45.712273
-22.91063
-40.81813
-92.42203
-56.523727
-82.154205
-67.45213
-21.079834
-68.90378
-63.366714
-24.728577
-51.251266
-49.34037
-43.92131
-17.917343
-46.88881
-58.225327
-42.926132
-32.626358
-55.919632
-86.96016
-85.307816
-76.094345
-74.963745
-55.652878
-59.430176
-44.69406
-61.72966
-63.819992
-66.00922
-54.162872
-44.415146
-69.2959
-45.724426
-51.19104
-38.201935
-30.928047
-46.50795
-36.956635
-24.15596
-41.54274
-45.052513
-56.63214
-66.71097
-34.92572
-34.055862
-63.820816
-60.41136
-44.10054
-37.84755
-42.34294
-78.56607
-71.51457
-76.693146
-65.50781
-55.723892
-32.586365
-58.88649
-69.2103
-87.54385
-58.642014
-60.74002
-52.44426
-88.33647
-55.859894
-43.245407
-37.825195
-81.090805
-57.350098
-69.14854
-71.78319
-78.09645
-38.483124
-36.484787
-31.693169
-56.801773
-57.375916
-78.081055
-93.966034
-75.24246
-23.491379
-44.44098
-6.8848877
-49.021286
-80.230316
-31.466698
-14.233307
-39.490494
-45.95041
-41.83123
-43.739517
-27.624191
-73.50656
-14.400223
-40.781387
-58.01087
-31.39885
-37.443756
-63.096222
-40.316193
-55.28633
-45.98546
-47.947906
-16.841827
-30.203033
-28.450912
-56.935394
-65.346634
-40.92743
-5.1476593
-65.095856
-73.10254
-52.285225
-51.68582
-23.278778
-43.09848
-39.32492
-23.59578
-19.353333
-47.89045
-36.22699
-61.597763
-59.034454
-78.82071
-34.89305
-56.429077
-26.074875
-30.962555
-80.87463
-26.60942
-47.631744
-42.582214
-34.74672
-25.12542
-51.00701
-37.043663
-7.4850616
-51.97223
6.22583
-28.294647
-33.180458
-69.244545
-30.87999
-40.32486
-6.103943
-60.769455
-61.996292
-61.484695
-13.188049
-54.11464
-53.66372
-65.16504
-26.244186
-11.531418
-31.594086
-31.181587
-30.769196
-43.367462
-45.090126
-23.598206
-24.211731
-46.174744
-47.250793
-51.464996
-20.086533
-73.765
-53.248123
-10.723709
-30.571907
-35.804398
-48.771698
-39.294662
-33.636185
-10.553406
-35.53517
-51.475266
-40.300735
-41.352707
-34.4691
-29.992615
-8.116058
-71.82938
-29.841354
-35.431168
-24.112122
-26.394264
-30.263855
-45.66131
-18.72905
-40.302383
-39.194252
-38.818924
-36.86299
-35.981842
-52.887085
-73.57933
-59.42684
-40.318253
-27.992645
-33.32814
-45.321953
-37.0419
-72.18492
-52.16394
-43.836945
-83.26271
-20.530579
-51.44152
-62.288864
-110.226364
-72.55643
-47.158615
-63.562454
-93.87663
-44.433533
-78.257355
-53.9178
-44.135857
-50.087708
-47.90148
-36.34178
-43.740875
-53.64862
-64.21503
-41.6559
-66.05116
-48.391068
-58.46129
-59.719788
-52.58278
-27.399788
-41.490158
-39.600533
-47.959747
-10.647522
-50.76541
-11.9401245
-58.577316
-95.20311
-75.289154
-18.398727
-54.39911
-58.054413
-43.47538
-43.54934
-58.096207
-54.659424
-79.93805
-73.75365
-82.467766
-3.6607819
-52.226654
-40.17032
-25.402016
-43.214096
-50.243896
-23.107399
-62.87953
-43.7612
-51.960533
-48.592484
-19.102669
-34.75934
-28.195023
-38.875504
-48.33542
-52.777725
-30.530365
-52.121964
-25.368141
-26.85971
-51.707596
-46.6586
-38.222046
-41.73288
-52.823166
-38.89157
-52.259705
-37.564392
-37.065872
-66.140015
-34.658264
-38.901688
-53.439835
-24.967644
-54.72828
-55.687943
-45.243835
-98.92051
-67.197685
-34.249252
-61.378265
-61.899162
-34.74179
-37.729996
-35.964523
-31.692947
-37.948334
-43.18335
-41.943512
-37.47278
-54.29052
-45.976357
-37.50792
-48.27092
-29.144165
-45.047302
-32.953888
-60.340485
-46.204483
-55.140213
-13.718765
-6.296173
-21.650017
-20.271156
-38.128983
-45.62764
-35.675743
-57.007248
-60.055725
-49.208023
-70.27916
-30.463196
-57.548782
-52.137787
-61.353333
-66.34752
-29.388947
-29.625137
-32.19934
-14.168648
-21.199387
-43.379814
-68.895744
-32.908676
-31.377808
-44.156036
-47.27047
-38.604828
-36.242447
-49.35945
-42.55725
-52.042282
-47.825768
-51.984222
-12.089432
-37.419388
-40.62436
-51.47435
-54.201286
-46.718094
-41.00197
-51.620285
-49.294647
-45.27881
-83.58741
-14.58931
-31.368378
-43.08448
-49.95289
-52.234848
-42.54368
-51.344887
-30.65538
-20.318024
-50.56189
-63.776352
-20.562538
-49.16104
-49.37391
-72.42255
-79.65399
-52.448845
-83.70293
-41.22664
-42.8322
-47.507317
-53.929802
-0.7960663
-50.99797
-18.283936
-32.645676
-35.316635
-20.431625
-58.995247
-35.30443
-70.92749
-47.317795
-46.661194
-84.92963
-29.431213
-43.82184
-36.645523
-57.721664
-80.067184
-60.604065
-55.237473
-17.722626
-28.471786
-41.52291
-40.429405
-28.791817
-68.5525
-47.486885
-40.912605
-33.08383
-48.282883
-35.166718
-49.183304
-60.41107
-52.913765
-38.413803
-53.75994
-26.45868
-26.198227
-29.249138
-92.81237
-56.71103
-60.92865
-23.278824
-38.78588
-45.995514
-42.88066
-38.240555
-87.26322
-49.374184
-38.960022
-38.957565
-46.673325
-32.09838
-28.810616
-37.865417
-38.217346
-39.908905
-28.623184
-53.135574
-54.40834
-52.492332
-53.37596
-56.946274
-56.232986
-66.66957
-80.35275
-29.997849
-28.57972
-41.10736
-59.176727
-43.678436
-50.093628
-43.742073
-29.718842
-80.98146
-55.216812
-39.591583
-80.57619
-71.79004
-42.970123
-31.041489
-36.769608
-25.13736
-37.440964
-62.176773
-54.63089
-40.14274
-59.400574
-48.139023
-64.36371
-50.753525
-30.612213
-53.11561
-52.68959
-78.762436
-58.241882
-70.21123
-45.324142
-57.40767
-63.21254
-29.520996
-44.472244
-55.276855
-57.650055
-73.44623
-72.52274
-58.335136
-59.438683
-80.76675
-60.076004
-40.39679
-44.292633
-37.308243
-42.631866
-72.99542
-46.81526
-58.40554
-57.418823
-59.40777
-40.223907
-39.350433
-58.031235
-36.366486
-41.64386
-63.85724
-73.63794
-54.437965
-64.772766
-49.17952
-38.322388
-56.114212
-31.73944
-49.031097
-74.23552
-35.43415
-35.25068
-79.36134
-53.831306
-52.264114
-62.175003
-57.372574
-53.90973
-39.76877
-71.41409
-59.04959
-31.051514
-36.53755
-38.12896
-33.746872
-52.285942
-76.87607
-44.982407
-78.28979
-48.354294
-53.09926
-65.091545
-58.93644
-81.85903
-51.678497
-59.5364
-46.30848
-53.08638
-22.34201
-103.49271
-65.215576
-83.75864
-83.10163
-32.010498
-41.221283
-61.150337
-16.111267
-43.992737
-62.231133
-48.180786
-52.15555
-35.229126
-58.83239
-29.362022
-55.954735
-47.054092
-84.79994
-30.160873
-77.98851
-40.051193
-50.29619
-78.890564
-46.0394
-48.998047
-71.28424
-41.89035
-49.59111
-46.815018
-28.754265
-68.83535
-88.666
-44.070755
-53.16951
-63.776443
-48.40767
-86.22752
-49.512123
-77.49025
-38.314774
-59.665222
-57.15918
-76.968735
-11.955589
-60.136
-48.62796
-37.079704
-18.006256
-24.823563
-66.499435
-67.03874
-51.452057
-77.08212
-57.648323
-57.811287
-66.43377
-70.29677
-43.215622
-60.640907
-62.120956
-53.235252
-94.20504
-43.370857
-44.287796
-60.81755
-76.5402
-96.99672
-106.49213
-74.19391
-59.00212
-79.587585
-83.694855
-84.221695
-72.58586
-86.8169
-22.450638
-91.968506
-26.25975
-65.735916
-97.491974
-85.32115
-52.908157
-113.68666
-47.951004
-59.222183
-66.32041
-44.23976
-64.28931
-57.10843
-54.09919
-40.23179
-45.120163
-44.470383
-59.653442
-70.160255
-48.02584
-45.043846
-51.677338
-36.997986
-48.389053
-33.75
-50.849075
-78.182175
-50.83525
-68.98842
-38.687912
-56.18474
-58.33081
-57.802002
-48.94374
-54.18856
-82.97159
-44.041718
-39.488113
-54.621765
-53.85443
-71.26118
-30.874329
-56.897133
-78.60965
-69.55923
-52.37886
-52.097397
-60.23056
-38.27133
-94.032425
-92.80818
-30.629395
-80.406555
-52.934708
-75.82809
-47.599014
-32.85459
-51.945427
-47.12239
-47.273956
-51.57521
-77.03378
-56.49077
-67.97189
-49.265892
-29.273643
-51.255905
-32.36966
-16.158669
-26.31752
-54.99916
-25.768997
-58.243256
-61.423508
-60.342697
-42.228683
-47.292465
-39.581245
-47.184097
-48.249886
-46.921402
-59.570953
-18.750534
-50.251877
-41.84819
-72.5811
-57.473587
-63.30889
-60.173584
-55.039093
-86.55203
-46.780502
-43.097954
-52.145676
-14.532593
-49.843803
-54.910545
-91.07405
-62.24617
-105.25428
-71.97627
-49.243294
-39.17334
-60.762558
2.2126923
-114.37134
-58.904305
-48.451584
-65.44874
-68.43265
-40.605698
-47.752556
-64.213905
-38.259415
-33.82493
-16.08902
-35.7166
-47.24341
-28.0941
-71.13988
-45.38701
-39.609093
-57.7536
-43.079315
-60.78122
-75.11666
-45.248703
-55.34339
-46.438293
-68.92463
-66.410286
-58.378677
-85.30347
-81.914764
-82.45526
-49.459602
-69.010475
-54.32646
-62.466347
-53.330025
-93.6893
-48.162323
-79.82761
-69.38676
-73.95112
-67.1069
-65.693756
-77.589676
-111.30768
-76.01758
-131.3077
-102.47075
-70.20855
-60.832275
-49.021248
-85.73886
-85.36853
-49.068604
-38.666122
-60.45082
-59.372826
-45.174744
-77.30147
-39.68914
-60.267807
-53.03656
-98.5674
-60.902214
-105.84109
-61.636414
-91.93528
-61.42549
-82.290924
-97.33678
-72.34424
-72.813515
-67.52288
-78.68622
-99.11683
-66.57385
-55.196182
-41.26329
-87.36727
-43.378548
-83.85604
-83.02014
-56.91195
-68.65481
-96.40821
-107.835976
-69.19267
-86.8813
-116.446434
-80.51292
-101.84655
-87.86631
-64.76452
-52.917824
-59.527115
-71.59671
-104.79625
-84.33055
-78.259
-48.542923
-47.505455
-60.99878
-52.823647
-61.25167
-33.326782
-45.644676
-35.85865
-27.432816
-45.591805
-20.693161
-29.01432
-29.700836
-30.491226
-35.217056
-39.27327
-19.96627
-40.979782
-54.62822
-23.974709
-54.14492
-30.711601
-28.039246
-66.91753
-52.54535
-41.023346
-12.481232
-46.016098
-44.399918
-49.206146
-51.268677
-48.032745
-55.12133
-49.438705
-87.73872
-72.931046
-66.07434
-36.485153
-17.523941
0.5166168
-23.184067
-28.307938
-51.69139
-8.658493
-59.092003
-23.622147
-42.899582
-56.486145
-15.557922
-55.776123
-46.371277
-31.629059
-89.743774
-87.25317
-79.962494
-80.564606
-65.60628
-40.509094
-65.14043
-53.98471
-56.581985
-63.01848
-104.0769
-92.76286
-132.33089
-90.91504
-110.828964
-74.15257
-56.256668
-72.7444
-40.712395
-59.325127
-71.02404
-66.079544
-75.485855
-85.01187
-18.271225
-81.061485
-42.71994
-31.683807
-55.09265
-39.388878
-55.366745
-36.539177
-32.01146
-47.850983
-44.60475
-62.232162
-53.761642
-51.825546
-100.03087
-61.036484
-65.930084
-64.07715
-63.659927
-53.972824
-68.21542
-63.26925
-70.990036
-38.4309
-77.20543
-66.711716
-93.94118
-100.65857
-94.039536
-98.38922
-71.48953
-78.99939
-70.31349
-64.142624
-75.33461
-41.547523
-57.968758
-103.74557
-76.7823
-94.11459
-71.84639
-94.46446
-108.52168
-88.08476
-77.39226
-36.13749
-67.47075
-49.95259
-82.76357
-82.93311
-75.53571
-65.5541
-62.382927
-26.874634
-80.91063
-69.43382
-78.72516
-68.987305
-114.85813
-61.267494
-57.634888
-78.785706
-53.222443
-53.05336
-56.72737
-66.48635
-47.64057
-79.9046
-70.1716
-64.97427
-94.63936
-69.92609
-99.61493
-84.33899
-66.650925
-53.82715
-84.55433
-72.9234
-93.620125
-92.56406
-110.84726
-99.51075
-77.4044
-106.661606
-77.29539
-82.87223
-84.11621
-43.36255
-108.04887
-69.86386
-67.23398
-87.652695
-99.329315
-75.8736
-94.516174
-82.18979
-91.90927
-64.77428
-70.64548
-91.68021
-108.97351
-48.781082
-83.5474
-65.97469
-61.859383
-113.7413
-89.307335
-119.41882
-71.57909
-86.0506
-96.03935
-94.38053
-103.50441
-53.721626
-55.051155
-86.174774
-82.08972
-34.144493
-69.243515
-54.23403
-61.07068
-87.88925
-101.68741
-70.46678
-63.564926
-57.59012
-66.548386
-62.204605
-78.09404
-93.69775
-67.15924
-84.00087
-104.92549
-71.5466
-66.79255
-58.69348
-59.783585
-96.83626
-72.158295
-63.47352
-63.90074
-60.468178
-103.703064
-77.62758
-86.326065
-58.45253
-66.29517
-75.475296
-135.54228
-69.900826
-83.783035
-93.13072
-66.88895
-87.1054
-62.489197
-37.86905
-75.01175
-59.030228
-111.17802
-105.874
-108.31006
-60.27955
-71.26846
-103.53584
-101.817375
-66.43318
-93.70874
-111.72345
-69.52215
-65.59739
-80.81776
-53.3948
-98.39874
-90.67282
-74.370995
-62.52089
-108.3039
-52.352936
-60.93724
-99.83894
-69.12045
-31.217827
-79.979004
-44.29899
-76.489716
-64.954636
-69.32765
-55.718063
-66.809006
-100.36088
-71.65117
-53.535553
-48.208237
-72.99541
-53.791077
-61.546265
-53.168854
-90.192314
-73.484344
-38.298386
-76.94136
-72.5513
-74.035225
-70.00657
-78.63158
-62.481773
-58.322655
-75.183716
-50.93936
-58.53447
-56.60771
-106.23205
-96.16602
-75.48996
-82.902626
-86.94764
-38.343918
-117.31388
-66.86298
-45.826797
-97.27875
-84.08374
-54.793243
-77.26282
-93.446556
-79.15547
-89.4003
-91.36475
-55.425697
-78.86171
-86.09164
-96.52754
-80.02077
-74.804405
-69.82053
-106.71521
-91.64909
-106.97476
-82.80435
-37.766815
-96.05472
-81.51916
-73.14324
-92.33713
-106.51044
-74.32962
-91.51047
-105.0518
-111.08166
-112.26073
-153.91873
-89.95398
-87.223625
-66.701935
-94.24179
-95.514175
-86.0126
-90.469475
-74.96747
-51.852844
-64.72485
-81.96985
-89.87923
-48.98613
-103.90407
-55.882492
-100.30263
-91.54187
-70.87652
-105.6593
-126.28314
-48.348984
-53.30533
-91.701294
-78.58644
-100.016884
-116.00321
-78.80509
-122.17697
-85.936226
-110.763306
-83.23021
-85.09545
-83.00074
-56.257034
-65.09759
-80.92764
-95.90516
-118.425415
-92.79567
-113.2104
-109.98476
-85.381195
-111.96605
-104.81651
-112.45387
-70.52473
-70.33285
-85.903435
-75.45479
-57.524513
-50.258186
-95.19791
-73.17227
-73.81798
-136.39035
-79.11832
-90.76964
-70.66275
-69.32803
-99.08992
-112.89186
-110.439156
-65.142525
-67.904625
-84.61406
-66.53183
-80.32483
-88.56273
-75.98645
-107.78047
-56.791893
-89.808365
-110.53631
-88.297386
-107.036224
-91.892975
-68.52052
-75.02996
-89.13708
-95.295364
-74.80983
-52.371666
-105.476746
-90.57968
-73.8082
-35.09188
-88.00267
-69.73883
-69.48477
-79.97464
-84.25432
-112.859886
-94.01234
-51.617065
-116.67261
-122.50398
-103.62154
-67.05073
-122.9857
-66.812
-103.67464
-101.659256
-84.15636
-112.18204
-101.53215
-103.47807
-86.14288
-140.13298
-82.04687
-106.02753
-90.80123
-90.62297
-109.66452
-83.37265
-80.854546
-67.88599
-100.73811
-113.65279
-127.93648
-132.72298
-69.76802
-72.21279
-65.68392
-71.654625
-26.977982
-84.34504
-74.16582
-107.70488
-78.89884
-39.263405
-82.80125
-72.24278
-70.51668
-69.19219
-85.29995
-65.56172
-52.53428
-87.20897
-50.484787
-97.3821
-44.234787
-86.00611
-37.56845
-61.005417
-75.61312
-86.12303
-73.02417
-77.717415
-120.960434
-73.72116
-46.49041
-56.68923
-95.176544
-65.89868
-84.89138
-72.34745
-73.32228
-102.01045
-62.788605
-111.70742
-75.14679
-55.4927
-78.513405
-73.33894
-92.491356
-84.23855
-75.742905
-60.68534
-87.455124
-93.78042
-101.30816
-109.3802
-86.93105
-74.762726
-43.647125
-83.91144
-105.9245
-110.83345
-73.48528
-112.070946
-111.936066
-83.25641
-82.69835
-88.0741
-92.49248
-114.80931
-123.03917
-130.68124
-112.66852
-125.21681
-96.52302
-106.307945
-136.19588
-104.570755
-120.07099
-89.67327
-93.1914
-97.11948
-82.54663
-87.95607
-87.31422
-93.108086
-82.62208
-83.190384
-125.54855
-59.027252
-94.64076
-90.32114
-61.55928
-81.13246
-83.25995
-65.18873
-67.433205
-73.222275
-100.1689
-81.05243
-116.19924
-89.99773
-66.569756
-94.49228
-37.37992
-87.49202
-79.35306
-88.44737
-81.638176
-97.22893
-53.695335
-77.04711
-100.56246
-80.36464
-76.52933
-77.90344
-86.107864
-96.54762
-78.78746
-99.437386
-109.67868
-93.99378
-57.58477
-78.93792
-88.18642
-102.57546
-73.18186
-92.2462
-80.60898
-89.827385
-123.59555
-65.732506
-124.60181
-96.20892
-91.04065
-142.65239
-78.842865
-133.95064
-93.392715
-92.63791
-74.37573
-80.64775
-71.60997
-92.325455
-106.80072
-86.199524
-57.822937
-62.951904
-55.465073
-78.60521
-108.27025
-53.8244
-74.38524
-99.99748
-123.081215
-130.99965
-97.79771
-72.65393
-97.04625
-119.2212
-64.125656
-105.67601
-66.900665
-107.642296
-91.999985
-96.44325
-100.324554
-153.59515
-93.642
-65.65754
-52.192696
-90.13703
-86.78274
-42.801666
-56.175537
-60.624023
-60.077362
-64.16595
-80.41627
-60.558395
-92.9639
-105.90199
-68.214874
-90.38514
-61.68728
-89.93567
-83.95946
-91.22906
-110.00135
-102.98218
-68.536606
-80.99739
-49.589012
-113.80248
-95.78154
-120.63967
-82.686424
-80.72801
-85.76608
-106.154335
-99.79983
-105.56531
-110.356
-86.79446
-99.08734
-95.909515
-106.06918
-70.04867
-57.331825
-93.6927
-83.750916
-77.426216
-91.41545
-88.42883
-68.312256
-88.60171
-91.76446
-121.965706
-118.10869
-54.896095
-85.62635
-105.62846
-121.43402
-63.15149
-69.62453
-33.536003
-99.01897
-67.008835
-80.0798
-76.66631
-95.84848
-59.230026
-76.32667
-74.350174
-104.17673
-92.3357
-81.18835
-103.32417
-90.8905
-60.33838
-61.692093
-83.73277
-80.51601
-59.387802
-72.1989
-93.982285
-85.39555
-97.288605
-137.29787
-110.55603
-100.93631
-94.86648
-63.71691
-119.923546
-104.26847
-108.18186
-142.48492
-97.81436
-119.699
-66.43532
-128.28888
-91.13977
-80.16147
-68.85262
-67.136696
-48.587433
-92.93689
-80.640396
-100.43967
-73.68935
-79.44214
-86.81894
-79.1747
-77.524216
-76.9759
-89.13011
-59.51091
-55.753
-98.27023
-123.2771
-116.73335
-127.96977
-75.921555
-85.62172
-89.637405
-125.6949
-90.92391
-77.177986
-85.95445
-77.709015
-99.11143
-110.578
-82.37959
-120.46739
-64.20932
-128.3477
-93.321686
-93.67384
-115.20751
-78.68704
-83.32907
-103.11166
-76.90605
-97.59663
-100.32775
-86.70297
-75.201126
-100.75136
-101.96861
-37.86856
-67.545654
-72.14549
-95.16778
-79.97191
-77.28665
-109.84066
-111.28081
-92.6535
-76.020325
-92.45006
-79.32054
-103.59465
-102.790794
-76.1216
-80.390854
-76.340965
-103.48745
-130.54114
-102.03856
-112.80228
-93.70347
-101.46037
-108.4034
-87.91017
-98.98654
-87.57167
-118.30297
-96.468636
-90.52016
-100.001236
-91.225784
-95.468704
-117.86142
-93.85469
-144.2501
-133.81241
-76.63525
-77.007095
-99.54092
-105.17914
-88.818924
-111.332054
-90.946655
-102.76175
-108.19476
-83.198425
-105.91382
-78.28924
-84.720085
-95.16728
-94.53788
-71.89437
-74.70678
-84.313965
-118.99788
-77.79181
-112.68086
-116.50412
-68.5815
-110.43471
-100.99688
-122.83307
-118.8971
-101.61858
-115.515526
-74.50469
-81.73204
-109.5292
-62.96663
-86.88968
-94.65116
-98.49691
-101.46443
-100.36496
-78.36984
-79.67973
-101.15056
-70.43967
-104.49044
-84.29243
-91.918106
-69.22148
-91.33154
-109.69461
-106.51751
-88.76131
-96.54885
-88.25166
-88.21524
-87.31978
-104.01122
-128.28058
-123.628815
-87.30642
-73.37054
-68.41574
-114.57353
-64.59401
-78.476456
-65.718475
-72.5325
-94.64822
-118.33095
-61.24156
-111.66133
-77.510155
-66.128815
-81.82785
-85.50154
-106.8676
-78.71744
-107.12503
-49.399315
-95.96729
-65.160515
-93.41306
-87.08056
-122.53459
-101.09111
-89.91265
-107.169464
-99.60088
-95.57033
-105.9415
-149.07175
-113.04095
-102.26241
-85.283676
-89.235306
-116.59774
-61.11995
-87.29114
-53.68036
-78.42424
-104.63156
-96.05455
-106.84825
-99.93515
-111.04109
-96.29123
-93.65475
-125.967735
-81.30228
-52.1836
-82.29049
-69.3229
-71.06719
-92.83525
-116.23587
-102.7532
-128.1814
-83.11756
-88.37103
-74.93315
-75.698654
-85.320274
-81.17934
-118.57426
-97.64928
-84.406944
-92.06224
-88.2709
-111.382614
-70.886795
-92.99551
-77.90823
-76.166405
-54.473907
-93.23766
-57.984398
-72.77304
-107.55908
-87.95895
-79.01396
-87.64509
-54.740273
-107.67366
-92.88713
-58.30478
-87.31966
-91.96654
-108.642395
-105.93286
-83.48439
-95.89728
-96.625534
-84.75107
-73.38936
-93.45532
-97.69122
-89.9511
-83.532486
-104.78577
-121.1771
-62.6409
-104.5122
-70.085175
-90.41119
-81.764496
-84.91847
-84.343376
-88.29139
-81.17613
-114.13849
-115.557846
-89.37779
-93.34655
-81.14835
-105.03873
-120.3999
-113.64646
-92.7396
-93.879814
-93.37927
-79.94135
-82.312645
-111.732574
-86.102036
-108.23269
-88.16559
-103.81382
-84.85231
-65.471954
-116.697845
-57.31077
-119.01992
-83.74867
-127.136475
-113.74096
-83.638824
-77.00719
-107.971146
-91.124954
-92.360916
-141.53046
-74.62155
-86.804085
-73.87832
-101.59706
-53.211853
-103.22749
-59.500916
-98.556755
-126.63086
-106.94928
-113.89552
-83.26824
-92.46263
-47.131516
-81.231224
-82.97812
-75.1976
-108.50121
-49.472755
-76.19066
-72.1492
-129.97919
-61.317497
-88.24683
-99.59158
-99.69905
-105.722946
-79.986115
-72.99059
-101.88845
-123.861946
-81.160255
-85.785706
-121.69571
-73.80008
-67.691315
-91.94652
-105.46494
-98.904625
-113.73983
-77.63545
-101.46326
-92.50829
-108.36491
-120.90318
-112.12938
-105.35408
-106.69617
-119.05128
-74.082275
-103.64023
-111.13955
-96.85367
-89.00923
-96.47133
-79.10209
-50.895462
-84.38863
-103.15762
-120.620575
-56.450333
-112.179146
-88.84263
-87.84267
-106.64403
-103.67451
-91.493576
-75.276306
-84.42219
-109.87728
-107.16693
-106.913055
-94.92761
-68.152435
-99.73535
-113.83435
-110.251045
-69.54765
-81.00737
-114.760666
-100.89251
-112.739586
-95.41674
-94.70244
-106.142685
-103.55223
-72.422874
-96.51619
-95.200455
-95.84592
-69.13593
-66.480576
-63.43817
-106.78447
-99.128456
-115.945564
-119.23807
-85.66206
-112.740524
-82.48672
-106.71347
-111.4832
-114.602036
-111.01933
-108.21763
-98.172485
-78.020355
-74.36083
-103.29848
-88.02738
-87.242584
-105.052864
-84.63264
-104.995575
-91.96678
-101.40535
-102.29242
-65.523506
-69.19143
-89.864334
-77.9161
-33.584335
-72.37604
-81.42078
-90.63359
-69.414764
-80.405365
-102.50587
-82.54393
-102.41253
-63.94364
-94.53571
-88.43811
-113.75015
-88.44672
-103.68994
-94.55355
-69.48175
-120.384895
-88.19788
-108.35886
-77.95966
-97.148834
-95.538025
-83.8241
-91.519516
-62.117928
-85.27128
-64.703606
-74.37514
-75.39724
-81.73288
-98.261475
-95.61673
-59.08882
-105.95436
-94.46752
-91.77738
-112.81913
-109.31637
-95.21524
-93.61389
-76.0029
-75.67593
-90.0912
-116.33425
-130.27113
-88.36742
-84.694626
-119.906136
-126.24028
-84.565994
-120.0005
-113.58072
-76.61348
-96.79259
-79.142426
-76.857666
-105.505394
-88.71858
-90.11693
-62.094368
-100.07645
-98.04491
-109.26631
-78.81386
-85.43265
-106.363235
-103.18836
-57.45582
-144.17749
-118.68564
-58.591537
-71.48074
-77.978004
-70.94565
-64.21902
-75.0958
-122.299934
-80.0389
-70.15822
-95.724014
-119.727356
-66.22215
-101.38727
-117.40876
-94.80553
-86.89632
-114.5147
-96.63499
-104.625046
-116.256004
-84.73859
-117.80945
-95.15646
-85.29612
-88.55168
-108.96702
-102.44862
-117.176636
-113.236084
-99.31228
-114.90996
-74.843834
-111.70288
-74.90156
-85.35547
-90.77839
-117.3127
-95.60016
-83.37703
-111.90532
-121.91519
-104.476654
-97.24466
-95.71901
-82.164406
-93.01879
-42.874092
-96.73427
-80.79729
-80.61604
-103.35794
-85.168396
-86.28267
-66.538864
-98.985214
-109.172714
-78.98049
-78.195206
-67.49221
-73.33896
-61.31295
-94.188385
-83.89133
-90.64607
-85.65957
-86.809944
-87.341934
-94.717804
-101.140045
-92.85614
-97.997055
-124.475845
-67.40462
-64.91671
-104.03234
-108.50797
-129.23392
-102.106606
-107.972206
-98.10975
-104.89242
-87.02496
-90.30678
-95.74467
-114.620255
-129.55705
-92.16165
-87.47424
-88.046486
-97.63197
-84.1248
-93.38317
-112.29598
-86.188156
-109.30265
-111.09187
-85.14285
-87.88045
-98.129974
-98.929535
-93.409004
-118.191086
-103.50841
-102.27038
-121.01663
-83.46358
-102.95493
-64.93646
-123.33501
-80.854034
-127.51575
-85.33
-97.814926
-78.90834
-80.66812
-105.39529
-94.40185
-100.69412
-61.380333
-111.949814
-103.695526
-132.83026
-100.07765
-74.97488
-92.840614
-111.650345
-105.1044
-108.80669
-81.10981
-68.87345
-113.29927
-112.26718
-95.8072
-117.39495
-98.39254
-100.38707
-101.90265
-104.634
-109.81715
-80.56942
-96.902534
-106.9835
-79.62255
-113.02742
-106.273125
-97.75412
-88.92772
-65.85981
-108.1752
-87.89156
-85.57521
-99.55658
-105.48362
-98.40897
-123.58865
-85.61185
-64.01872
-57.506165
-103.87585
-83.755585
-110.00713
-85.625374
-98.22241
-120.00212
-71.60231
-112.23819
-81.32673
-91.57967
-86.550705
-80.65624
-110.44535
-73.111946
-101.88294
-97.0978
-103.45128
-94.3977
-91.37823
-104.05397
-94.44604
-93.90618
-111.29314
-109.34606
-105.46399
-117.03593
-99.7298
-85.24962
-83.41659
-95.17439
-102.58412
-85.10359
-103.40289
-114.99214
-81.26912
-89.637665
-104.027405
-73.33133
-82.895096
-69.28071
-104.886734
-98.666306
-90.0834
-114.28186
-102.967545
-113.71591
-96.28956
-108.449905
-72.11101
-102.93848
-112.151215
-85.20767
-111.668106
-92.81587
-93.589676
-95.43896
-100.263084
-58.736862
-126.83658
-97.18299
-103.507774
-117.96618
-115.78823
-95.920815
-103.28915
-95.32871
-99.98053
-99.65331
-112.84382
-78.29309
-94.51867
-104.7359
-110.07552
-97.24877
-92.50256
-114.79031
-85.92975
-83.61747
-111.28505
-82.35417
-85.0143
-106.86135
-94.60939
-92.084885
-96.93409
-93.3898
-106.65149
-88.57867
-102.653175
-94.05708
-96.11611
-97.89628
-114.43044
-79.72475
-92.138374
-88.21224
-87.46236
-124.50438
-100.665665
-75.51845
-85.752106
-110.18863
-95.50177
-94.81572
-97.45521
-106.80421
-93.997116
-96.215065
-105.89557
-91.14515
-115.423645
-84.34711
-91.47791
-111.21173
-107.39955
-93.26364
-88.718315
-90.94543
-115.56845
-95.08698
-101.75175
-100.407196
-103.3664
-75.17673
-97.82298
-80.030365
-99.39979
-114.13526
-92.35643
-111.83616
-83.09274
-94.41322
-97.82208
-113.255974
-83.55504
-105.763504
-115.28863
-98.01745
-108.95593
-108.12977
-96.58623
-73.62522
-68.5269
-91.78997
-77.72144
-98.653
-102.936226
-88.18198
-75.88093
-100.37857
-80.71703
-103.092606
-99.876854
-115.75127
-100.492775
-111.12764
-94.98494
-104.61612
-108.10818
-101.83908
-99.83545
-89.79006
-97.4263
-81.77976
-90.52353
-89.5138
-87.534775
-80.86394
-104.89557
-86.01278
-109.486404
-109.85986
-93.03162
-125.366806
-95.4296
-104.97575
-88.76226
-100.7593
-89.0441
-77.37309
-106.85732
-102.83838
-93.97397
-93.526215
-87.0464
-115.876076
-109.9527
-109.90944
-112.4064
-93.72635
-86.043816
-109.11033
-104.742294
-119.63336
-102.04082
-95.28163
-116.799484
-100.02644
-98.5454
-120.92885
-94.39549
-77.5322
-51.91037
-94.49655
-126.96472
-81.41739
-79.23184
-113.145195
-94.023125
-127.402756
-102.505554
-86.74189
-99.23635
-104.72653
-110.85889
-89.621735
-88.99753
-105.69319
-88.25696
-79.08156
-95.67814
-102.31314
-114.36781
-94.79746
-106.90373
-78.10616
-99.26245
-124.42523
-109.97886
-111.52135
-115.71404
-75.18056
-98.29895
-79.3
-85.42718
-74.1447
-88.09364
-115.70886
-76.29755
-96.04892
-107.68152
-94.29175
-96.625725
-92.208786
-84.71372
-83.35565
-76.111565
-87.62604
-89.706795
-107.41434
-114.64624
-97.841156
-90.97645
-100.79153
-87.218025
-108.86094
-105.63665
-79.578804
-90.32913
-100.6105
-110.929214
-90.60678
-90.92906
-92.817604
-95.972336
-105.94726
-103.74817
-100.128654
-96.261566
-109.09122
-91.92469
-97.36514
-88.87651
-98.11075
-94.34346
-120.54883
-114.162636
-99.293594
-94.0535
-86.59978
-81.8949
-109.48138
-79.92714
-84.163124
-92.916626
-86.27517
-91.39724
-82.77545
-79.80114
-105.59361
-109.6734
-68.41574
-71.08963
-74.60718
-92.51964
-101.92515
-115.79904
-100.09451
-84.16636
-98.32048
-100.8369
-79.38899
-99.16573
-110.13208
-69.80968
-94.10788
-138.54138
-87.008064
-100.59102
-108.24878
-117.576866
-116.26202
-108.36371
-114.9482
-81.83474
-100.99086
-116.869385
-108.21408
-102.47909
-106.0331
-102.80733
-80.92391
-101.227325
-100.16077
-81.15924
-73.54639
-106.13708
-110.99265
-99.6628
-99.22472
-79.08112
-67.085236
-97.60074
-83.63649
-113.624016
-112.37143
-107.59141
-105.143845
-83.61818
-92.25606
-91.114006
-105.2549
-106.788315
-106.67119
-101.29059
-117.01566
-107.00465
-99.184326
-108.77965
-69.47248
-108.89841
-114.8723
-86.43384
-120.070404
-103.132065
-106.54227
-97.62853
-86.3223
-84.87439
-93.61626
-83.22357
-88.07434
-99.566444
-90.37349
-94.16423
-108.88237
-90.16657
-85.72246
-98.98215
-85.933075
-93.73804
-107.130554
-118.24838
-100.98289
-83.33363
-110.63635
-106.691376
-90.597336
-91.76974
-78.47502
-92.2429
-100.08507
-101.85092
-101.453
-105.431
-87.4231
-111.5549
-109.70784
-74.104706
-108.19331
-91.95316
-89.19031
-79.5778
-104.550964
-102.86679
-68.861565
-93.4552
-82.633446
-117.353775
-102.72917
-115.87825
-81.280014
-111.19803
-110.508316
-99.929596
-103.173965
-112.09943
-104.9442
-92.34862
-90.50144
-95.89491
-112.079926
-89.93442
-83.78137
-94.04628
-104.51861
-107.49135
-100.12079
-82.11852
-92.97272
-110.72541
-73.63285
-97.55453
-103.73131
-95.8663
-92.251724
-94.367325
-75.55494
-93.37222
-113.07159
-85.56375
-103.55667
-91.40126
-119.061226
-109.819244
-114.10229
-95.246414
-78.534615
-76.5809
-110.809
-102.67157
-112.20459
-102.30528
-90.99033
-106.40882
-77.30143
-86.123314
-93.30445
-101.31404
-104.87521
-90.40416
-83.18727
-114.97389
-95.89743
-120.02876
-76.84714
-98.905846
-100.72695
-123.73048
-104.214355
-93.92065
-77.45851
-118.682175
-96.2065
-76.66694
-100.16262
-109.37288
-78.03131
-80.639694
-90.50738
-107.6619
-91.66284
-112.98926
-86.25254
-94.174965
-89.23549
-117.36865
-88.39631
-97.75993
-108.06281
-95.12955
-101.254105
-103.40355
-114.27751
-96.92265
-92.93678
-78.25972
-105.16193
-115.56878
-122.44409
-111.11586
-87.02704
-97.62697
-101.1599
-102.317474
-122.97432
-108.089005
-98.91752
-97.07328
-100.121445
-104.424286
-96.522316
-77.99358
-104.6116
-94.1947
-95.80444
-89.55592
-88.72687
-88.00189
-96.934814
-81.93358
-91.61984
-97.11204
-95.567345
-94.818436
-72.44791
-91.38899
-100.26308
-95.7266
-93.76618
-103.56142
-104.881714
-98.29283
-91.75169
-105.58478
-121.794945
-98.932655
-124.19904
-96.255844
-111.64301
-104.05873
-108.22414
-90.53166
-117.001434
-100.852715
-95.48098
-115.79248
-115.543625
-93.144554
-93.50933
-74.09637
-95.0392
-84.05
-81.63949
-96.278366
-103.94069
-123.88121
-95.73371
-84.20387
-90.20474
-87.094666
-107.5462
-112.730286
-93.176796
-95.04781
-85.87499
-101.079216
-70.45283
-97.53137
-83.253624
-88.60132
-63.59655
-89.65955
-92.90284
-50.086754
-107.52149
-112.551865
-75.78531
-81.032074
-113.10928
-95.40541
-102.503494
-110.57735
-84.13895
-93.1641
-77.00182
-92.51491
-122.77275
-119.733955
-101.43663
-106.27676
-89.927704
-103.99988
-88.7786
-87.60077
-84.156136
-70.795006
-116.6846
-107.93457
-92.78337
-80.457214
-87.059204
-112.57088
-91.62285
-125.376434
-102.41639
-112.68594
-118.66304
-100.909096
-106.63496
-108.877975
-108.251045
-101.13016
-118.43582
-91.44811
-95.743515
-64.81894
-71.30933
-95.27225
-99.47595
-102.23419
-94.265045
-106.795944
-87.22818
-103.54247
-88.776634
-59.973724
-98.6689
-107.92946
-84.5206
-102.66075
-108.80091
-67.26054
-85.60773
-77.64784
-95.87875
-114.88229
-96.46437
-82.1931
-86.37779
-93.9651
-98.98963
-101.42496
-102.29344
-120.09044
-108.50307
-99.26486
-117.3271
-76.26502
-95.01904
-78.00578
-90.651825
-90.07677
-110.50456
-132.13467
-111.14457
-94.44776
-100.3349
-109.90924
-84.95466
-87.77687
-72.390594
-100.207565
-99.21901
-76.95852
-75.66832
-103.77327
-106.578285
-114.443115
-114.23248
-95.98791
-108.57273
-106.11385
-92.91869
-94.19627
-87.25488
-88.09707
-110.03482
-74.41755
-108.61914
-77.53661
-74.55288
-81.43965
-71.117836
-71.558846
-102.15541
-91.93454
-115.4539
-124.86857
-142.4531
-94.709724
-93.41034
-98.662476
-92.44981
-107.46843
-83.63421
-101.77805
-136.99915
-105.875854
-92.74643
-97.203094
-95.241196
-96.08768
-76.52965
-89.574615
-102.83299
-90.51126
-103.96173
-88.7827
-114.97068
-111.15114
-71.74619
-52.559
-95.90318
-107.05266
-94.497986
-97.23853
-89.945145
-89.74371
-97.16035
-66.46881
-94.62276
-98.467125
-84.68365
-93.48155
-98.16373
-80.77718
-65.87312
-95.734146
-99.44131
-97.06402
-107.93051
-106.46264
-83.19537
-101.44493
-101.41962
-93.555725
-122.707405
-87.1725
-99.33717
-89.68671
-122.63758
-108.10211
-90.292725
-115.22566
-117.25865
-103.21632
-93.48998
-93.5103
-110.71889
-106.38503
-83.788
-90.354095
-114.33069
-108.1286
-120.51934
-82.7285
-92.98877
-97.09436
-82.18961
-90.1402
-109.635254
-98.39755
-105.273865
-102.82366
-73.07287
-110.77992
-94.46623
-85.5651
-84.77205
-96.59458
-109.74832
-102.12952
-100.82072
-123.55745
-100.438576
-108.74151
-94.63771
-80.08374
-107.497345
-119.6834
-90.69798
-91.686615
-81.41481
-87.39076
-96.45862
-77.303345
-90.754486
-90.232635
-98.05
-93.29022
-66.630974
-108.74715
-85.542244
-95.5676
-100.25215
-112.08243
-91.897415
-90.49905
-99.703445
-110.071335
-87.06295
-103.91036
-85.74749
-84.68565
-113.34113
-118.16845
-94.71672
-82.152725
-102.558716
-98.97787
-108.44103
-93.82248
-91.15677
-118.51519
-117.1082
-99.9814
-108.9709
-100.77649
-89.85132
-90.59259
-95.657425
-94.87232
-80.82018
-73.80414
-105.483765
-94.37075
-78.79715
-86.18147
-83.997955
-108.68109
-124.03973
-93.35533
-99.57764
-125.708336
-116.782135
-91.890755
-102.96319
-113.874664
-100.28286
-112.094315
-104.21842
-106.33351
-101.08998
-101.60328
-88.379814
-85.25495
-110.42879
-100.62514
-95.127495
-82.381645
-80.04168
-89.5513
-99.00457
-81.882545
-91.82852
-84.281494
-100.55495
-83.61842
-98.87157
-88.46523
-106.874016
-123.7778
-81.53386
-101.59323
-79.05452
-101.48173
-76.51525
-106.18211
-113.43876
-100.13167
-118.14459
-91.53598
-104.204605
-121.61806
-114.34239
-106.53387
-96.67685
-89.73083
-100.28201
-113.4818
-105.09186
-96.80707
-99.00346
-115.96743
-76.36222
-97.42003
-96.44776
-112.508484
-111.20635
-90.231026
-100.17966
-87.97196
-97.3883
-90.53038
-101.84663
-113.25041
-96.10483
-102.387
-92.48456
-78.67942
-98.80954
-74.4336
-88.20786
-103.58559
-81.691635
-82.48748
-114.31021
-97.81987
-114.11891
-116.550476
-87.33188
-107.49911
-95.952896
-115.742035
-90.70952
-95.81917
-114.30169
-112.9697
-85.565384
-125.103195
-112.541115
-83.14406
-104.417915
-101.489105
-113.81839
-105.42294
-106.17445
-86.08475
-90.6624
-87.7225
-107.45686
-76.390594
-78.4871
-108.06766
-80.502754
-96.84217
-85.431076
-69.94676
-88.159904
-100.905624
-93.97577
-100.80217
-84.45809
-106.70611
-93.61112
-92.09391
-113.08846
-104.82124
-74.020935
-99.81946
-109.96175
-100.23156
-124.9539
-102.0039
-106.6526
-96.83185
-89.13725
-103.63058
-97.721596
-110.68695
-99.952545
-120.76788
-102.19888
-92.851654
-99.41271
-100.00764
-104.33792
-91.59669
-100.59398
-93.11554
-88.04711
-113.73947
-87.75104
-85.17591
-80.325775
-84.505936
-92.04213
-104.259155
-88.184685
-74.2051
-99.354355
-85.87777
-97.37897
-104.76871
-122.12053
-99.192825
-99.008286
-88.27819
-85.528046
-88.288086
-107.179085
-97.13907
-111.52349
-96.4559
-90.13339
-74.698746
-106.13779
-83.843094
-111.139755
-95.58771
-104.30199
-122.27391
-105.22258
-102.68268
-82.080025
-104.445175
-86.70651
-94.508545
-85.677795
-86.53067
-89.62035
-115.71571
-106.45354
-96.20124
-85.05997
-127.40011
-90.97193
-104.915886
-98.90367
-100.43625
-104.39147
-96.45796
-108.57831
-97.406075
-100.292694
-112.8866
-84.29397
-96.954254
-76.051254
-111.53775
-78.8174
-103.207596
-94.27371
-110.981
-89.439575
-102.51105
-94.75612
-79.38409
-70.25805
-110.54726
-91.807915
-80.28785
-93.54067
-95.203354
-119.71553
-97.93033
-92.309204
-99.94442
-96.85611
-85.34042
-101.88621
-82.02628
-113.922066
-91.84659
-105.64863
-89.03172
-110.188995
-112.16455
-89.30748
-113.03415
-84.937164
-117.41707
-92.76164
-92.41753
-83.36134
-67.61921
-94.35649
-88.40924
-97.40515
-103.53676
-110.95752
-107.003006
-77.632454
-90.4984
-104.89688
-103.60593
-95.77969
-114.6701
-106.23059
-80.71094
-97.15399
-116.49011
-120.932785
-100.75904
-101.804054
-101.90823
-103.77803
-107.94738
-104.033905
-105.4796
-116.49567
-98.23292
-89.57219
-83.55359
-94.05299
-108.48984
-97.180756
-96.00281
-97.648834
-95.77464
-96.53108
-79.309105
-89.07398
-93.25772
-93.823425
-94.16629
-94.30639
-83.89335
-106.716705
-91.80923
-83.28906
-100.0942
-88.03049
-118.55339
-95.57089
-92.17736
-111.094765
-69.9396
-101.83745
-108.47714
-91.21402
-77.02824
-87.02785
-99.16654
-115.17148
-111.311775
-93.68502
-121.07428
-113.48409
-98.67651
-95.08044
-81.53435
-91.170715
-111.86957
-90.93886
-96.08728
-106.7496
-105.04019
-83.58908
-78.01975
-104.59622
-98.925545
-100.25645
-88.660034
-102.24377
-113.298294
-117.865616
-99.554596
-86.62919
-99.96796
-91.13196
-86.70763
-106.78424
-99.921364
-113.25357
-107.63733
-97.10996
-110.56416
-100.622604
-108.80701
-89.68875
-107.29938
-98.37855
-106.870316
-91.09483
-86.51944
-100.30533
-109.44553
-102.921524
-98.91542
-83.02766
-94.20694
-96.24405
-90.92124
-116.05928
-79.82844
-91.67291
-93.55586
-93.55394
-119.87588
-103.168076
-100.15158
-90.55106
-99.8224
-99.073685
-86.811646
-86.807785
-92.9729
-101.26908
-107.08809
-103.23068
-105.14498
-108.259186
-89.0719
-102.33423
-104.9258
-99.06612
-101.30886
-109.14461
-96.844055
-100.73655
-99.15301
-82.349365
-101.51619
-101.6413
-110.16687
-96.758835
-94.29762
-88.02448
-94.874435
-87.69342
-107.73533
-100.9727
-100.36605
-104.99306
-102.81467
-98.23567
-123.39601
-105.11186
-105.80213
-100.06166
-98.572464
-83.02318
-87.64585
-91.607574
-88.03731
-107.196976
-91.41345
-98.93721
-92.499016
-93.46431
-105.22829
-99.09053
-104.17086
-105.86537
-95.720474
-88.93312
-81.69092
-96.3398
-87.450424
-94.61796
-83.10362
-104.30618
-93.99801
-87.811035
-102.63792
-108.94508
-106.89212
-110.796814
-107.40189
-115.90565
-110.51432
-115.35675
-92.4729
-81.56351
-92.56397
-111.52013
-97.38925
-117.07213
-79.36147
-92.85893
-84.00265
-99.238174
-104.26694
-80.50087
-100.933464
-91.867004
-103.89174
-115.85849
-111.95082
-101.632996
-91.27014
-82.58861
-88.92891
-104.98858
-96.813515
-88.335495
-100.73618
-104.67798
-115.68753
-107.15555
-91.1494
-93.14203
-93.85618
-99.86433
-94.222206
-97.647255
-93.76186
-113.02318
-90.022934
-102.72833
-99.260925
-96.20006
-84.44564
-109.98008
-96.76329
-91.035706
-98.66966
-90.82289
-101.86736
-93.891205
-104.92537
-98.38151
-121.83191
-106.32013
-104.952545
-90.05423
-94.56165
-96.456726
-113.53967
-93.1537
-90.49635
-107.016014
-101.16792
-97.74154
-102.30752
-113.89813
-109.71751
-95.67033
-88.66844
-90.174545
-87.59704
-104.76923
-93.02327
-89.05365
-96.59835
-87.2508
-104.265045
-107.995186
-91.18231
-91.3569
-91.86391
-107.22037
-87.22179
-98.92768
-88.47231
-100.10272
-107.84738
-106.52789
-88.93271
-99.59033
-110.56076
-97.79224
-112.95177
-101.813934
-90.72865
-97.07115
-110.89522
-96.42886
-96.04247
-107.092545
-110.3326
-94.09308
-105.88492
-102.42575
-97.15352
-115.45432
-109.20904
-106.261734
-109.60197
-87.58876
-69.16256
-110.98775
-98.76965
-86.99393
-103.03955
-101.74368
-107.944305
-99.952805
-104.58186
-101.56828
-82.34898
-97.83007
-102.86695
-87.08149
-107.235664
-101.281815
-94.355736
-107.14863
-88.09217
-77.948524
-103.96315
-99.777466
-98.5477
-113.85242
-86.831604
-103.87047
-86.047165
-94.08002
-100.45597
-101.74019
-79.985016
-97.17792
-102.717896
-92.13461
-107.989426
-93.00376
-98.97768
-88.937836
-97.25549
-108.95877
-95.66499
-114.63402
-100.95969
-102.60109
-110.40256
-108.707756
-113.35689
-95.13345
-108.274956
-105.23085
-102.77933
-102.0662
-101.30251
-73.074875
-100.36952
-83.44762
-95.63795
-92.67836
-85.38306
-95.03705
-87.10172
-97.29435
-73.40272
-79.073814
-80.70555
-100.3336
-105.04908
-93.79966
-96.98988
-91.15817
-119.062454
-92.68101
-110.048935
-103.84505
-86.017494
-97.9395
-95.47323
-114.03113
-96.3719
-104.704056
-97.731155
-117.71071
-101.70797
-96.74466
-116.299774
-94.04503
-94.08269
-98.04107
-109.54285
-85.12469
-82.67759
-95.17749
-84.9946
-102.68712
-91.9568
-95.96617
-86.965225
-103.245224
-118.90867
-100.102646
-87.27455
-94.189125
-88.50454
-101.724174
-115.57415
-113.31316
-106.47171
-98.72892
-98.69158
-115.69761
-97.721695
-98.2524
-102.77365
-102.40457
-97.66768
-101.02344
-88.28688
-94.3782
-96.42796
-76.6837
-96.38677
-96.07061
-87.01609
-90.30791
-99.911156
-97.70135
-118.703384
-102.28244
-94.02586
-84.985916
-96.7765
-93.74717
-111.01805
-107.50229
-91.83351
-100.64047
-91.43926
-92.398346
-105.614716
-100.93999
-112.88617
-95.21895
-118.042625
-96.159134
-116.29785
-110.99393
-118.209
-91.480774
-90.59032
-92.98725
-84.00579
-84.54097
-94.33598
-111.37349
-98.52368
-93.327995
-96.738174
-97.29288
-108.8702
-103.46965
-77.104324
-104.77098
-93.21944
-84.50249
-96.03774
-91.41698
-97.33714
-93.20923
-102.30914
-85.65925
-81.39644
-89.5482
-102.14787
-107.13346
-74.57753
-102.679214
-86.836716
-89.42761
-114.07286
-130.26033
-103.27166
-101.31731
-77.50724
-99.560585
-114.4845
-102.22279
-114.94615
-103.43407
-98.763115
-99.027145
-107.01922
-106.20056
-96.99979
-86.63318
-95.084236
-108.07515
-93.08203
-106.1114
-96.48205
-97.24863
-95.61916
-104.80159
-86.36552
-91.203766
-86.051506
-98.4105
-111.606094
-90.50296
-104.348526
-93.054886
-87.55939
-86.28343
-103.09341
-86.420586
-105.47187
-96.88752
-102.9317
-104.46098
-107.43585
-104.89623
-115.90741
-103.20121
-103.96457
-98.467125
-97.78139
-96.91416
-84.03813
-106.72841
-91.342926
-105.01511
-96.1747
-103.200714
-78.80874
-84.2221
-97.547195
-81.18656
-100.63509
-105.70109
-99.51598
-94.1062
-90.59423
-103.84
-125.471565
-102.548706
-100.48714
-100.43211
-102.04462
-108.44347
-106.059494
-100.77187
-102.73746
-120.90028
-106.507675
-102.31836
-102.485565
-85.46659
-87.13091
-91.657936
-93.01111
-78.93615
-100.19055
-96.59837
-91.71883
-98.625244
-97.92459
-72.60633
-100.910324
-91.41257
-77.21094
-97.467445
-100.0253
-100.35273
-86.75076
-97.85362
-89.49963
-112.77392
-121.66279
-92.96559
-102.18625
-110.55902
-97.61597
-107.259224
-117.80727
-117.75922
-106.65768
-111.616806
-97.80061
-83.48554
-94.87222
-87.649185
-96.36362
-85.3851
-90.39131
-92.75128
-88.49246
-85.16075
-102.65109
-87.79743
-100.226685
-91.712265
-101.84825
-106.97107
-97.57097
-104.219864
-100.17237
-108.12752
-81.95615
-96.17051
-111.384155
-86.98526
-90.32419
-110.87195
-90.404434
-97.34124
-106.870445
-105.49076
-94.15033
-103.70891
-107.94195
-93.366425
-113.33272
-93.10217
-94.18109
-104.025536
-113.27504
-113.56293
-91.34886
-89.48454
-105.630875
-91.034775
-99.916626
-84.46938
-117.64972
-114.53196
-78.90187
-97.65849
-98.610756
-103.31888
-89.25863
-95.45924
-87.86607
-98.41104
-96.875
-104.576096
-104.44009
-119.20195
-100.66055
-85.25656
-108.91353
-88.10287
-92.81662
-82.8241
-91.68486
-96.476616
-90.34373
-95.00438
-103.63801
-90.68354
-102.79674
-108.310394
-81.538795
-93.54898
-86.8696
-122.374985
-107.72763
-115.02879
-116.28204
-101.317116
-90.79732
-93.61269
-95.37663
-103.68558
-108.93241
-104.37259
-86.57523
-101.017715
-116.400635
-104.49729
-98.6712
-100.66741
-92.03462
-99.76088
-95.7988
-96.702225
-100.62947
-83.909004
-108.102905
-77.454346
-99.42342
-111.94719
-111.28064
-94.53702
-77.57484
-88.60605
-97.126335
-89.67143
-76.539825
-110.71966
-103.369484
-95.390625
-101.149994
-89.90605
-109.03114
-95.84432
-91.826355
-104.54126
-95.65268
-114.55416
-105.59883
-96.66264
-108.16887
-92.357
-100.74071
-99.08936
-88.112656
-104.48679
-74.09162
-94.893715
-93.68904
-100.09672
-96.100525
-106.837036
-98.4469
-95.80933
-88.54493
-99.19779
-72.9664
-78.61185
-108.18531
-107.094925
-99.505775
-85.77481
-102.53999
-95.688156
-90.80286
-90.665436
-95.01692
-106.78234
-65.973976
-103.98136
-113.83139
-109.09151
-111.65135
-80.48697
-81.615746
-108.976135
-105.392944
-102.22164
-118.47978
-70.3752
-111.67726
-120.84656
-104.59659
-109.16717
-75.644424
-95.157326
-82.44282
-80.361435
-66.683495
-64.599335
-72.72323
-86.77028
-102.85724
-105.32091
-110.38832
-112.32242
-91.98245
-114.86259
-110.014206
-116.2806
-86.05051
-106.861725
-102.89088
-106.46836
-77.352394
-94.00769
-93.73114
-96.28301
-85.60919
-98.57066
-77.56653
-104.32979
-104.80354
-99.71913
-118.90809
-98.74167
-107.57605
-106.9307
-96.8212
-108.036316
-105.48126
-105.62398
-94.48549
-83.40722
-105.403564
-101.796
-97.21814
-111.1895
-87.41967
-98.05199
-77.16378
-97.97505
-113.91364
-105.67634
-117.16115
-88.70874
-85.69295
-88.67806
-101.52237
-78.22889
-93.6057
-98.83122
-91.84307
-117.103874
-79.17607
-113.415504
-85.41986
-106.50395
-79.04002
-103.83691
-104.94298
-77.50694
-100.56259
-102.966675
-115.254776
-98.91347
-114.59485
-88.92049
-77.17191
-109.5184
-117.99161
-101.19057
-102.38004
-89.35181
-90.00012
-102.36555
-106.86804
-107.25447
-93.889465
-81.23549
-90.82085
-83.1818
-112.16458
-90.41542
-92.051994
-96.16641
-92.96196
-112.4064
-77.8852
-119.13591
-100.220665
-105.50113
-101.672165
-98.791885
-114.046844
-121.320854
-93.58731
-106.0954
-101.84609
-95.51272
-111.791855
-84.24234
-107.48358
-109.871864
-96.88407
-77.08775
-105.05562
-113.52111
-105.74295
-88.7146
-95.115944
-90.678375
-83.68221
-67.196175
-82.297226
-95.352745
-89.95747
-90.73657
-100.361435
-120.67852
-109.67819
-97.94258
-92.24985
-99.83803
-96.74963
-101.727905
-93.11091
-97.91207
-86.78621
-88.22841
-99.04324
-101.666534
-82.87784
-120.05398
-101.996506
-83.56387
-95.267365
-85.62645
-80.80958
-114.35032
-105.070724
-114.13983
-76.11327
-93.10014
-78.980385
-82.875656
-107.37433
-85.27373
-97.021515
-90.946594
-105.71367
-87.181244
-114.06663
-101.31308
-91.86507
-84.636375
-84.56387
-69.54897
-76.48196
-78.6609
-109.70557
-83.02019
-100.04502
-83.081955
-117.14263
-92.368385
-103.61047
-110.16601
-124.49774
-96.28099
-81.503105
-88.22876
-94.591446
-84.51152
-105.39722
-107.183624
-94.34632
-93.73684
-91.114876
-92.82633
-102.47031
-98.718994
-93.369514
-108.30399
-118.86047
-119.442986
-113.76358
-113.344055
-107.16667
-70.52939
-70.18236
-92.87344
-85.0464
-78.36226
-101.287964
-92.22273
-89.62822
-80.02902
-104.94215
-100.87368
-92.13026
-108.35712
-96.21774
-97.238914
-88.72955
-125.52069
-116.41308
-108.69469
-102.63539
-76.096954
-96.728775
-105.05165
-113.932274
-115.47513
-105.046814
-75.25246
-89.35418
-62.066597
-117.091034
-98.18226
-93.74738
-94.34129
-73.433464
-84.47943
-60.118088
-102.37091
-106.35287
-96.803795
-79.47231
-67.17799
-82.35943
-77.36029
-96.525696
-104.126305
-109.486626
-90.09056
-105.826004
-99.80295
-121.661446
-119.279816
-112.96671
-98.55272
-114.957245
-103.26999
-113.745834
-95.63635
-99.98872
-104.78079
-97.44469
-99.19455
-109.22524
-99.32929
-89.95743
-88.607834
-73.52586
-101.132065
-76.30403
-99.60227
-107.519684
-93.361694
-80.464096
-81.04702
-75.36725
-104.44653
-94.871765
-110.99465
-96.21466
-98.52252
-104.39374
-114.086174
-103.719086
-111.93402
-95.487144
-106.84986
-81.24223
-88.77543
-93.631454
-100.066025
-113.592255
-98.1449
-83.849434
-48.707535
-103.01315
-98.36746
-80.44558
-103.25542
-85.782455
-85.09942
-83.03698
-93.25943
-100.405426
-118.25737
-96.083084
-101.55554
-115.30864
-108.04143
-105.1301
-102.50093
-92.47371
-104.496
-101.44035
-85.760315
-96.26242
-98.570404
-107.11567
-89.48373
-80.5927
-90.63612
-95.737434
-88.209045
-97.8712
-91.60004
-117.34647
-121.151695
-83.323845
-106.200615
-99.91394
-97.35874
-97.99415
-87.046776
-101.00545
-85.383064
-106.445
-98.630066
-105.889336
-104.34463
-108.385864
-102.92781
-108.483376
-88.41319
-91.91729
-100.46527
-95.7482
-93.05901
-89.82955
-92.00246
-92.86421
-98.04367
-113.82242
-107.343
-107.30417
-113.01457
-101.833824
-101.705986
-99.95252
-95.35018
-94.10326
-91.89748
-90.2471
-83.73244
-72.57691
-77.68523
-99.79182
-86.76497
-94.677765
-85.03716
-73.05789
-88.374794
-113.324005
-90.71594
-134.24463
-118.68733
-112.22191
-125.0645
-100.13272
-87.521576
-101.57452
-90.03302
-106.59397
-91.08775
-93.503456
-115.64272
-101.00639
-93.1547
-85.22624
-105.055046
-88.77839
-105.48721
-107.629005
-92.68441
-100.397606
-81.37914
-90.27224
-100.447685
-99.54532
-95.36941
-102.25226
-101.59926
-92.45877
-107.84422
-87.53739
-82.50988
-111.67841
-87.82735
-102.48489
-105.57883
-96.45698
-97.48956
-112.59941
-105.66127
-100.34004
-87.24148
-108.46964
-99.91173
-93.11617
-96.23081
-96.89537
-105.67346
-102.103806
-82.97866
-75.33088
-76.548996
-96.17566
-105.15864
-94.23901
-98.61907
-92.316185
-96.5747
-121.60634
-116.17988
-97.77423
-91.41963
-106.943504
-95.42059
-110.72071
-110.10948
-94.646324
-104.34032
-99.42637
-110.94527
-109.07795
-93.62581
-83.97332
-59.637253
-92.69908
-88.6821
-105.37653
-85.317535
-88.29187
-102.35082
-93.30986
-104.730484
-95.252075
-91.08595
-103.870026
-109.80238
-90.99574
-98.272575
-100.02994
-109.69433
-119.789734
-106.38811
-101.398964
-95.424934
-102.983765
-88.85057
-99.69137
-113.29433
-106.33914
-98.34919
-92.936584
-73.06895
-94.8238
-132.56299
-106.33416
-93.23911
-115.05387
-105.07938
-102.143585
-77.13394
-64.28499
-89.9294
-81.18148
-102.0757
-100.561325
-79.056656
-87.75793
-95.51091
-107.33618
-86.23192
-112.34202
-88.63221
-81.783585
-102.573364
-88.97491
-114.382835
-106.59124
-125.209465
-86.164955
-109.48716
-90.44064
-111.37669
-115.18106
-109.829865
-88.05137
-108.7314
-87.56501
-91.80094
-92.37167
-63.781868
-69.24262
-68.31365
-98.41731
-80.295006
-81.69408
-79.793
-89.630936
-78.43825
-109.89254
-107.01415
-94.49453
-66.7866
-88.89259
-114.12462
-121.66948
-111.997375
-110.51336
-113.41611
-104.18302
-101.63556
-95.11956
-109.40922
-101.96509
-87.75296
-83.17761
-115.20895
-85.5975
-89.53301
-86.77543
-78.084045
-91.06775
-107.24787
-91.177444
-109.3474
-105.09398
-94.91948
-110.10362
-125.22574
-100.79407
-90.57759
-116.38445
-98.49893
-75.601585
-83.20523
-106.98803
-75.19812
-86.642784
-59.281227
-88.469894
-82.082306
-96.414665
-109.00486
-74.900665
-84.70754
-73.696884
-62.732826
-100.23394
-102.43782
-72.61354
-86.802155
-102.45647
-110.27914
-109.921425
-93.22711
-108.263725
-110.14955
-100.45262
-75.42332
-100.26409
-99.829185
-81.8072
-100.41063
-127.80336
-109.889
-74.89253
-73.253525
-102.495
-113.18457
-72.23077
-77.452194
-103.56682
-89.218414
-70.168045
-103.63468
-106.6123
-109.321785
-117.55029
-84.105705
-83.147575
-110.424385
-114.319756
-93.235
-90.19447
-94.79642
-85.00377
-100.62948
-90.70434
-109.05207
-98.8371
-98.58328
-88.085815
-107.52098
-104.937035
-109.06848
-107.54028
-93.75484
-108.74035
-102.56999
-75.88047
-88.51036
-88.51944
-94.12318
-100.39774
-81.43191
-73.46756
-98.53515
-94.4463
-105.14734
-119.49885
-99.80248
-100.87004
-122.9163
-106.37144
-88.75615
-83.49068
-102.34987
-85.15083
-97.48508
-105.542816
-79.09074
-77.95357
-73.55008
-82.63354
-107.565445
-83.64426
-107.19232
-96.80434
-76.46711
-97.88565
-61.988815
-120.9609
-107.04295
-120.49086
-114.31882
-104.136536
-112.47588
-102.14586
-102.31317
-94.05448
-99.41074
-84.457466
-97.997665
-101.31946
-93.44255
-85.09479
-99.357704
-100.9666
-95.23607
-106.25937
-106.9772
-97.12432
-88.6356
-105.27017
-101.664215
-96.29606
-82.90101
-92.8391
-95.354004
-93.71782
-100.90615
-106.12313
-93.13252
-108.05973
-104.7571
-98.06421
-76.060875
-106.65853
-98.59592
-78.18988
-79.86125
-99.13561
-106.33048
-93.3237
-87.398575
-91.060455
-113.73348
-110.581314
-105.07921
-114.25576
-115.18069
-93.14166
-103.408806
-118.22303
-114.03066
-70.570404
-100.26187
-93.147224
-83.12605
-101.951294
-94.42615
-69.25615
-79.34716
-90.733025
-68.927925
-101.45165
-91.74849
-99.58414
-84.075645
-76.98932
-101.834114
-93.96661
-107.86311
-108.34349
-110.26115
-118.62069
-117.742065
-108.648926
-111.2816
-104.880974
-84.785385
-90.433624
-110.884094
-119.50033
-101.29312
-93.60928
-105.617584
-104.44991
-112.13139
-99.42508
-112.51969
-88.26041
-91.899734
-98.36937
-94.74152
-86.557045
-91.40859
-97.00979
-88.497505
-98.00465
-70.68915
-67.60589
-84.57022
-92.58465
-90.06146
-87.727615
-122.653015
-110.19628
-100.21425
-110.75539
-100.8147
-101.00428
-104.27504
-99.15601
-115.96853
-114.87709
-111.719124
-95.06326
-106.100555
-110.571045
-88.50339
-85.14104
-98.78586
-80.59483
-92.872284
-93.31288
-101.81848
-83.97449
-124.50662
-94.51992
-98.003716
-96.1834
-102.43949
-106.80329
-98.01845
-78.64926
-95.08129
-97.922844
-101.72927
-93.62115
-91.95384
-100.5214
-110.05993
-100.45622
-100.91329
-109.26951
-101.36887
-94.62723
-88.76312
-70.923454
-106.798904
-110.72327
-99.121315
-97.624306
-114.20224
-99.627716
-95.611496
-87.53935
-93.07175
-95.14832
-106.92402
-99.4869
-104.022385
-101.931915
-75.76229
-95.62219
-97.345314
-92.4702
-103.60977
-110.39385
-94.98093
-101.68901
-99.27487
-106.01377
-106.650734
-103.01892
-99.00216
-94.136734
-101.58447
-100.36186
-93.934395
-101.28073
-74.21707
-68.151886
-103.81978
-93.23319
-82.81328
-113.463295
-83.87117
-86.59093
-107.848045
-80.41599
-104.47203
-108.7164
-114.37916
-88.76937
-122.4096
-84.27889
-109.974815
-109.18611
-73.0513
-98.11766
-73.33458
-85.70936
-78.1916
-93.4133
-118.91454
-70.44243
-104.4684
-101.58827
-129.63577
-89.14363
-84.58547
-103.51012
-83.31813
-84.07425
-72.517136
-74.400764
-94.77994
-99.4867
-113.659515
-110.430756
-98.34495
-111.33266
-120.757416
-108.42448
-110.223434
-113.5425
-111.294655
-97.55547
-99.49858
-116.90455
-96.733215
-104.921585
-91.45839
-105.48035
-88.36702
-79.80562
-94.06334
-90.87583
-76.02756
-100.21826
-94.95493
-94.92444
-97.39862
-105.71194
-95.73136
-104.740875
-101.79915
-101.12107
-107.80318
-111.18081
-101.11564
-88.97673
-88.75133
-115.56043
-79.93143
-81.78498
-111.34791
-89.4202
-105.067215
-106.43829
-93.69598
-111.189575
-97.70256
-109.53553
-107.76958
-107.35971
-72.6111
-117.26705
-91.88017
-90.89692
-92.55079
-104.73219
-95.57562
-99.82451
-109.903915
-90.07049
-92.82297
-79.195694
-100.03094
-81.81577
-104.68995
-102.824165
-108.854904
-94.75595
-100.698456
-106.39401
-112.552704
-109.22067
-97.73823
-90.84337
-108.183655
-98.25499
-115.36287
-88.09863
-100.65075
-82.84449
-111.693695
-97.98056
-86.721054
-91.20962
-90.31156
-91.68615
-98.37333
-112.90276
-96.22468
-93.32985
-100.48571
-103.31869
-85.18949
-101.59439
-97.528694
-118.13945
-100.91591
-88.63173
-106.85768
-105.95949
-91.43486
-92.09596
-97.06571
-75.80693
-81.60525
-107.41023
-104.24846
-91.74131
-93.718666
-95.47465
-98.11447
-104.64621
-100.26258
-101.86276
-109.10813
-115.65116
-110.876366
-108.15038
-111.70148
-92.67577
-95.69375
-109.82109
-97.85936
-98.10304
-95.26038
-95.90034
-98.29915
-114.25419
-100.683266
-81.67215
-82.34999
-70.46414
-87.740746
-83.63812
-104.541336
-98.80868
-92.01283
-116.59428
-113.089
-108.00419
-100.79981
-103.30736
-105.79423
-97.7932
-102.79514
-104.61301
-107.19768
-109.46294
-79.78528
-65.41104
-96.966965
-110.49114
-106.15747
-106.52013
-88.222824
-95.22506
-87.87829
-90.6326
-74.25344
-86.787865
-61.836266
-88.52234
-105.71873
-95.24162
-86.40208
-98.995514
-86.023056
-97.584526
-101.06067
-113.449036
-117.729576
-97.025566
-118.41728
-104.22093
-105.80611
-88.734924
-94.53525
-96.49731
-94.23957
-94.75501
-101.114845
-96.83544
-77.39961
-102.61637
-96.190735
-99.96952
-85.89584
-104.85877
-106.72796
-95.90672
-91.2522
-113.633026
-95.22075
-74.46854
-100.31009
-84.76309
-92.193474
-89.82117
-104.27417
-71.521484
-79.45837
-96.07147
-92.24684
-73.497375
-91.41775
-75.819824
-110.740395
-99.024445
-103.77901
-106.1553
-85.11553
-119.45441
-126.11576
-111.09422
-98.76378
-114.62043
-114.124374
-119.76755
-106.271484
-112.98691
-112.944046
-107.624084
-74.350044
-93.51962
-94.05374
-101.1632
-79.56569
-85.40251
-100.32249
-79.08497
-81.742836
-89.509636
-104.32374
-91.01109
-73.58394
-86.71565
-83.784874
-98.54515
-91.45247
-78.916565
-116.17516
-91.03078
-84.11769
-97.35606
-130.48865
-115.0388
-104.3267
-113.726944
-113.71788
-88.33971
-90.678055
-103.56605
-72.13909
-107.41295
-80.75369
-88.20164
-46.90667
-111.682014
-114.43102
-83.243164
-73.05738
-96.81982
-102.38592
-91.54474
-108.54153
-90.88487
-94.56315
-93.49015
-98.95801
-96.87835
-108.52947
-111.69247
-110.749725
-113.83512
-95.134865
-106.41556
-93.95429
-106.29433
-86.448204
-93.649864
-84.79587
-104.8284
-94.62491
-97.34654
-125.9552
-101.79642
-85.653015
-75.83935
-110.04913
-87.06439
-94.02223
-100.55105
-84.36075
-102.16883
-98.6501
-87.81862
-88.50257
-99.536705
-109.737976
-102.582466
-106.43835
-108.134224
-91.81129
-89.5412
-103.32986
-97.79041
-102.00479
-86.45629
-108.478264
-103.48007
-94.49218
-85.25849
-108.89737
-101.43019
-101.601166
-96.54177
-96.18753
-89.18029
-91.9519
-92.28811
-87.648994
-95.19081
-112.84152
-90.2428
-86.9349
-101.457115
-67.90584
-99.7424
-81.23321
-108.672935
-91.84347
-104.964935
-104.90231
-115.56711
-114.1266
-107.10099
-81.50516
-114.15778
-93.58357
-99.36158
-113.14804
-95.90657
-79.23587
-98.408585
-121.817154
-97.58301
-103.201096
-90.38481
-69.59566
-87.120705
-101.358864
-77.50221
-105.31753
-87.19843
-89.85712
-99.870026
-88.49672
-105.22239
-88.07579
-103.32565
-114.42536
-114.420555
-97.03034
-109.29689
-119.95671
-113.49792
-101.22926
-96.44443
-105.4888
-82.78747
-97.25795
-99.97427
-111.99605
-89.81731
-89.83393
-91.94228
-106.72484
-98.37294
-81.54632
-89.03527
-97.89768
-96.09717
-91.406006
-110.143265
-95.09231
-101.928795
-101.97381
-100.265076
-103.39578
-113.28003
-110.337395
-97.544624
-102.68349
-99.76122
-92.159935
-80.748245
-99.07561
-103.03615
-81.94505
-94.775444
-98.255775
-101.10116
-88.88651
-79.56101
-91.496994
-95.67708
-107.51293
-107.68944
-98.45298
-105.548035
-104.04463
-95.329796
-101.05355
-110.76044
-96.92677
-107.01657
-101.179245
-106.592514
-105.02447
-75.16622
-100.69678
-100.35723
-96.84539
-77.096344
-103.73221
-99.03516
-94.77693
-110.75498
-96.871056
-85.46964
-95.50609
-93.354065
-75.49987
-111.91106
-102.54851
-108.17988
-94.34186
-92.18875
-98.43389
-106.85558
-103.83217
-107.12226
-106.48161
-92.89965
-97.95549
-82.81412
-96.62382
-86.60739
-109.98753
-94.577774
-98.1283
-90.04921
-98.68167
-104.59004
-103.301636
-104.67044
-113.10036
-105.308624
-108.65438
-92.132965
-109.66322
-122.28228
-105.09886
-103.55843
-82.36487
-88.75348
-107.12294
-100.99501
-84.888756
-83.899635
-64.45621
-58.25106
-90.47939
-92.90445
-101.50918
-111.20807
-112.82176
-108.189896
-115.72075
-125.99173
-111.10834
-101.313545
-117.53148
-100.3685
-104.69473
-91.11574
-91.48575
-91.45132
-88.10054
-75.19056
-88.72537
-98.13316
-90.31912
-81.47416
-81.94514
-99.34622
-119.12915
-93.98653
-118.716095
-99.2743
-99.37486
-99.944756
-77.32481
-105.26892
-97.14074
-103.055176
-96.32971
-97.68561
-96.49957
-85.584404
-111.520645
-114.899086
-115.30509
-120.78386
-93.09814
-91.01832
-104.42792
-98.01493
-100.90215
-84.658005
-111.7765
-98.812744
-87.22484
-89.32231
-91.27482
-91.94312
-114.685715
-101.4349
-94.13217
-110.18422
-97.675064
-107.67578
-86.16099
-90.018974
-97.688896
-95.59444
-82.62677
-101.30938
-60.57641
-82.75034
-62.11434
-98.32679
-87.88106
-79.689156
-112.41839
-65.35861
-97.56976
-101.92593
-134.38742
-80.61221
-91.26449
-73.985634
-111.07769
-109.6352
-103.24304
-108.669624
-85.02004
-95.94455
-101.2437
-97.93784
-107.63642
-102.4659
-89.029106
-103.76744
-89.8468
-98.4418
-82.512054
-92.07366
-99.30609
-92.95639
-105.82532
-104.26517
-96.832054
-96.88058
-79.50161
-107.64091
-101.14413
-80.71934
-122.058365
-104.35017
-100.444176
-78.03579
-113.968445
-110.022964
-111.822334
-94.06044
-82.59027
-98.23856
-86.20085
-80.967865
-97.03211
-95.856995
-105.16181
-111.92029
-102.48724
-93.724335
-111.7223
-79.0358
-93.32254
-94.51834
-90.6288
-103.37512
-109.40877
-100.442696
-101.6553
-116.874054
-110.05387
-67.53726
-83.67836
-91.30202
-88.779816
-77.00466
-104.68054
-89.62244
-99.3156
-91.810715
-115.81954
-105.650185
-111.31869
-104.11437
-113.350235
-80.66547
-100.408676
-118.462265
-94.29445
-101.94244
-98.13274
-105.22371
-104.5535
-103.9085
-98.780876
-89.31773
-68.27481
-100.55026
-81.120056
-85.25427
-103.521194
-90.37994
-87.444824
-109.74494
-100.06055
-105.481766
-82.15714
-115.49083
-114.02825
-69.747986
-112.76138
-116.08219
-110.24509
-112.11538
-86.02461
-94.2184
-100.51236
-106.66682
-103.028755
-97.13724
-88.47039
-101.081985
-97.813
-102.46519
-94.09147
-99.32472
-97.53804
-100.23219
-90.769104
-97.110695
-95.62269
-82.29759
-74.434746
-98.7156
-113.92816
-122.954285
-80.99289
-93.527
-89.94563
-105.471146
-110.01802
-92.649574
-105.07124
-96.57698
-99.84259
-99.07359
-87.62199
-108.14726
-100.6276
-92.472855
-90.805565
-106.026794
-90.88185
-95.6793
-117.16624
-104.94342
-98.221535
-120.91069
-93.214386
-77.07311
-95.34018
-94.511566
-96.39581
-98.08738
-69.112335
-105.23881
-94.373375
-81.435074
-110.51413
-104.78204
-112.376656
-101.4291
-97.996605
-90.67014
-104.27482
-105.45912
-100.55003
-89.15846
-77.56767
-102.54871
-86.135315
-108.37878
-95.6271
-87.1531
-97.931656
-92.91549
-92.83397
-94.73685
-121.62271
-101.815186
-93.825066
-101.34542
-110.670815
-94.877014
-112.63961
-99.39284
-104.04956
-94.55409
-104.26163
-74.10372
-86.24761
-90.42089
-96.85673
-94.41789
-118.442
-94.0653
-110.086136
-115.602974
-94.45717
-96.64583
-99.38327
-92.90932
-90.61284
-92.542244
-106.33144
-96.57572
-86.380165
-94.24037
-63.255684
-88.82378
-96.719986
-107.85438
-112.4985
-97.714035
-101.13742
-102.06074
-106.63878
-119.18747
-106.258896
-76.40693
-105.26118
-99.11638
-108.55204
-118.36607
-85.642006
-92.43947
-104.57401
-105.243256
-99.98345
-119.020966
-96.09381
-88.239716
-90.64917
-90.68894
-106.855675
-102.68658
-97.68234
-82.48029
-92.49426
-100.43041
-49.263924
-62.563416
-82.778366
-101.87424
-101.13875
-102.3182
-100.24738
-110.84378
-98.414955
-105.492836
-91.06039
-107.98223
-99.03798
-92.39411
-92.79114
-97.26451
-97.5818
-77.8835
-112.860146
-80.5975
-83.168564
-98.48316
-99.38049
-125.44417
-117.190704
-100.46538
-98.52609
-86.92575
-97.71228
-113.80355
-103.653885
-97.13396
-84.46794
-90.45769
-122.56663
-83.40215
-97.95288
-65.4821
-77.75393
-85.70951
-91.97029
-100.06347
-95.29307
-58.852043
-94.243286
-91.77634
-107.38679
-84.591415
-90.780266
-48.11425
-89.23497
-106.68704
-96.305336
-81.77952
-75.00611
-90.39679
-101.736275
-99.35521
-96.766174
-110.88688
-106.350624
-82.17188
-111.078186
-109.718704
-110.79436
-124.538536
-108.96492
-82.87323
-121.56021
-69.39092
-92.99781
-101.93427
-96.22248
-83.044235
-101.574905
-85.366264
-85.2379
-100.59278
-89.95684
-105.42352
-92.99279
-79.5467
-102.65197
-115.35474
-83.50833
-71.75879
-89.70222
-80.2034
-91.51166
-86.31316
-84.16205
-100.65519
-138.97566
-81.45124
-106.12363
-119.51046
-86.57491
-102.07579
-108.84614
-97.91463
-94.89491
-101.06868
-85.0787
-94.76834
-98.657524
-114.33295
-81.89689
-104.74762
-116.16635
-109.03539
-110.41558
-112.367516
-116.26408
-95.64411
-84.27236
-83.10466
-81.05124
-89.13605
-85.538506
-108.53047
-92.508865
-86.14649
-113.96112
-120.378296
-89.89372
-110.10904
-84.1313
-45.482056
-100.98963
-88.32216
-102.94554
-91.82486
-111.14357
-113.898605
-116.214005
-108.36125
-98.79584
-109.35515
-90.343895
-120.93242
-106.68971
-59.54917
-94.60399
-90.15439
-96.116936
-94.6856
-84.06163
-88.49831
-99.38622
-81.00723
-96.56172
-73.89649
-96.13984
-84.67711
-117.426445
-99.278725
-94.931595
-87.30289
-95.175316
-85.48165
-102.54256
-94.94577
-92.207565
-95.19726
-117.93921
-115.550766
-104.43561
-130.66339
-57.028725
-98.67694
-124.24477
-105.18204
-82.76753
-73.82414
-68.39529
-81.00193
-119.20575
-77.83642
-65.95909
-80.49089
-86.65466
-94.73935
-103.22907
-99.348404
-78.79334
-87.8039
-59.491432
-35.043007
-94.75314
-97.90731
-68.17746
-64.87141
-83.54483
-66.918434
-33.604286
-113.06394
-115.486946
-166.01941
-120.58643
-91.435135
-63.830467
-59.822
-98.15759
-61.342102
-11.7842865
-63.25927
-92.70481
-130.32214
-102.01748
-110.9956
-100.495926
-80.63822
-94.226425
-88.70038
-90.61918
-135.96103
-77.079414
-50.18775
-67.08542
-81.31522
-82.69786
-105.009544
-109.047104
-87.41852
-76.231476
-119.448235
-91.48254
-127.10195
-71.19867
-116.74847
-67.4254
-87.34124
-86.45304
-116.43467
-27.712234
-23.676392
-87.3996
-71.54086
-87.99755
-76.37808
-35.46852
-68.75081
-58.8668
-83.242935
-74.904
-94.671425
-71.351
-94.112686
-110.79589
-113.45726
-92.5165
-118.32535
-118.07382
-106.41939
-99.819725
-98.59237
-70.83572
-80.42319
-92.22647
-89.78555
-72.54141
-73.86541
-89.01105
-93.87722
-85.82809
-110.67327
-96.6166
-93.16923
-115.150116
-100.85324
-102.44964
-86.137344
-105.81256
-105.26833
-101.010345
-92.38359
-79.256714
-105.32374
-94.45003
-81.04945
-56.440773
-51.27047
-104.93953
-69.195564
-76.56403
-97.49182
-59.75244
-57.584938
-66.348785
-69.83583
-33.981598
-78.10175
-54.778008
-14.9633255
-24.73616
-70.4741
-22.671791
-65.28032
-34.39794
-57.85836
-97.66706
-78.30428
-55.27645
-77.35803
-62.490303
-86.80094
-70.55936
-88.94185
-86.46081
-67.11267
-75.43761
-84.36375
-40.831467
-111.38971
-64.846375
-38.36635
-64.22657
-50.324562
-89.94509
-103.93489
-125.281555
-75.276375
-64.57085
-123.07897
-96.03942
-53.916107
-73.68526
-86.171906
3.4458542
-0.86071014
15.403908
-92.74951
-38.38131
-117.388466
-64.694626
-94.36827
-58.550377
-124.44116
-123.16425
-125.57478
-57.95524
-68.36595
-38.93879
-119.62518
-97.0701
-160.72641
-60.249115
-78.19212
-121.58639
-150.33914
-110.430435
-42.57077
-74.16429
-146.17012
-93.85007
-84.45914
-83.071175
-85.34062
-102.11673
-46.153282
-79.45984
-96.48285
-68.207344
-109.026794
-115.06265
-120.864655
-109.19569
-103.151276
-108.5672
-74.48732
-91.49935
-88.63295
-97.914215
-89.93865
-85.73099
-63.817596
-92.23896
-77.74852
-94.89384
-74.121376
-90.57372
-74.72979
-81.608406
-81.89512
-102.84101
-103.98859
-127.475395
-76.971176
-107.77777
-88.173805
-79.16818
-100.13186
-96.99706
-47.237984
-63.588593
-110.23065
-104.589294
-99.518394
-73.40866
-74.05713
-101.52941
-101.37647
-96.37773
-91.61703
-117.26639
-124.47867
-105.192444
-105.2212
-91.387375
-93.40951
-93.81486
-114.53744
-124.58697
-87.89467
-85.50955
-89.324585
-113.3211
-97.20219
-100.512245
-108.82305
-122.420944
-109.12065
-89.138405
-110.0654
-96.98895
-94.74211
-102.75265
-79.59769
-109.15319
-76.37081
-78.16895
-95.25654
-97.5017
-95.05318
-86.83624
-82.44708
-116.19778
-113.46643
-88.34648
-88.99353
-87.53487
-106.137764
-114.24457
-100.49015
-106.643005
-94.446754
-95.103806
-121.521645
-108.83958
-100.103935
-106.76151
-103.39034
-127.079216
-85.11167
-90.67787
-68.48777
-102.50279
-103.423355
-96.93607
-71.13127
-113.44892
-100.93687
-105.62476
-82.8305
-87.197205
-86.12322
-108.52746
-94.32692
-86.98607
-94.27549
-77.06511
-87.31465
-93.68679
-119.136505
-97.2686
-96.40435
-92.090416
-100.48756
-120.8525
-98.19269
-105.14104
-101.83045
-93.49265
-94.632744
-106.93136
-119.83933
-91.39268
-101.32297
-105.6346
-102.63275
-98.27209
-104.134285
-99.28818
-84.48142
-102.76401
-85.859055
-85.83466
-83.95251
-85.33373
-100.696205
-98.597206
-119.71543
-65.65522
-94.93716
-94.520485
-77.0312
-73.589485
-130.10126
-81.47872
-110.01741
-77.07504
-131.02415
-122.277985
-100.17155
-85.32745
-112.21042
-82.65063
-89.97305
-95.21932
-109.16717
-87.63727
-88.34562
-98.95242
-101.80532
-116.65857
-100.24078
-112.92114
-90.69098
-101.04007
-88.933945
-68.07669
-79.411514
-97.823395
-67.13229
-65.52262
-106.244736
-90.04154
-109.93604
-71.22337
-95.716385
-105.25762
-102.2966
-104.753006
-108.320175
-96.00925
-91.88603
-88.692795
-99.830055
-98.725746
-123.26399
-82.44237
-82.88399
-119.977325
-69.752525
-93.55496
-108.48401
-108.49663
-104.8325
-86.72037
-92.045334
-112.48943
-101.07701
-111.66488
-123.62606
-95.39118
-89.42566
-112.05525
-100.99435
-95.11219
-112.08
-92.459045
-102.89062
-105.07863
-78.67609
-105.42817
-90.62638
-79.57986
-95.20088
-97.088974
-109.5916
-109.32169
-103.36402
-115.60392
-77.79888
-103.22817
-90.488205
-93.21409
-103.518654
-87.10543
-84.83501
-94.48998
-98.74549
-96.146866
-112.763916
-104.41699
-105.91798
-95.65246
-104.61958
-93.11189
-129.72385
-83.03057
-81.81714
-82.18062
-92.489426
-102.527054
-103.468925
-91.95874
-78.23571
-94.16119
-105.934975
-75.43165
-93.24896
-84.93148
-102.894936
-89.95728
-91.27453
-102.15404
-114.89662
-62.684006
-111.32243
-106.508255
-82.53309
-92.42435
-96.19575
-84.90787
-94.22149
-123.647385
-81.37565
-96.07251
-112.88684
-106.15094
-101.15888
-96.65975
-100.878586
-106.97533
-94.65759
-89.57034
-88.73368
-86.46735
-101.58588
-118.660034
-105.37043
-102.421326
-113.87518
-97.756966
-79.393814
-104.03352
-107.02394
-93.73412
-95.29623
-84.90759
-99.14819
-81.738815
-106.69629
-66.63699
-92.69823
-99.030914
-107.86359
-87.67628
-115.624405
-113.79128
-95.82407
-101.47725
-100.521255
-112.20787
-100.97703
-95.75776
-110.74366
-100.247055
-107.80995
-97.67496
-82.91596
-90.919815
-101.75792
-91.063354
-103.564415
-95.24373
-95.76503
-110.32492
-116.02523
-99.18765
-96.783
-95.96399
-97.84362
-91.84719
-87.86378
-83.29455
-86.115654
-104.08571
-101.04275
-104.72974
-104.7111
-97.81109
-122.49333
-101.01491
-97.888794
-92.80681
-112.00854
-100.914375
