14295.792
16581.773
14092.056
9167.592
7334.336
6152.8687
5411.54
4829.5522
4349.831
3978.8835
3690.5608
3423.0789
3189.2744
2968.0615
2778.9875
2590.0696
2396.2246
2241.7268
2062.0088
1903.2943
1757.7351
1629.2985
1493.4409
1372.2542
1271.8315
1140.7346
1033.6036
933.65955
855.3478
757.1622
684.54865
609.461
545.8485
480.58496
419.09534
363.69492
323.3144
274.65186
222.0565
199.07431
160.9162
122.120834
100.07246
63.317688
37.98799
5.9645233
-7.5152283
-30.915894
-46.46649
-59.33789
-84.749954
-91.806885
-94.55737
-113.06935
-115.321465
-120.20679
-120.73331
-144.67467
-142.80904
-138.9983
-145.6904
-137.91528
-150.15779
-150.1116
-143.77022
-138.78905
-133.72775
-132.57455
-124.953285
-128.5727
-117.32872
-99.71829
-105.86708
-97.7675
-99.19968
-83.82727
-56.08232
-82.71994
-69.199615
-69.36774
-36.725418
-47.397217
-58.717102
-42.50792
-42.967117
-27.37468
-22.504395
-27.142776
-10.085434
-16.114548
-14.299606
1.7346497
-14.527466
-12.442444
-13.692352
-8.184387
-24.382263
-16.753769
-21.796524
-5.8535614
-21.024017
-33.05072
-18.931656
-37.23427
-27.124695
-29.609253
-27.717575
-25.958862
-31.916183
-18.274323
-41.482697
-31.46045
-9.827179
-28.307526
-35.08087
-34.35829
-33.49977
-26.574493
-30.434677
-33.73018
-22.579971
-35.492294
-22.220047
-36.4339
-23.581665
-25.387115
-26.02324
-26.316956
-26.761566
-22.953491
-25.468765
-21.912231
-26.005524
-26.77948
-25.708069
-29.964508
-23.22789
-8.378098
-22.870728
-23.770615
-16.38565
-18.03952
-8.456848
-27.000336
-26.222794
-10.492294
-24.856613
-22.656113
-12.873199
-28.835266
-16.706863
-18.488098
-15.33725
-20.314499
-21.963867
-21.649933
-29.603134
-24.111847
-23.417038
-5.851471
-18.558395
-20.965775
-20.610916
-12.2413025
-12.184265
-20.359848
-22.965927
-19.263794
-20.841919
-20.964798
-12.539612
-18.801086
-15.597687
-20.478226
-22.314545
-28.912033
-19.643463
-16.374634
-13.829468
-12.708923
-16.866592
-15.413376
-17.544373
0.48025513
-12.55217
-17.927444
-6.6427765
-17.053314
-19.909897
-22.36287
-13.794632
-20.65242
-20.28415
-21.553421
-15.68396
-9.516449
-9.40712
-5.869232
-21.089325
-19.032516
-13.102966
-22.768753
-6.616867
-15.014191
-15.9105835
-21.890945
-17.961685
-6.4453583
-4.1533813
-5.9676514
-14.70343
-15.321228
-19.161331
-16.475662
-22.464203
-10.574112
-11.506454
-18.938248
-13.167557
-23.447586
-15.816986
-18.868515
0.4604187
-16.44223
-22.98674
-4.9018097
-19.250671
-14.9991
-16.331512
-2.3637085
-11.874985
-21.475327
-19.589691
-24.09726
-28.349457
-19.785858
-16.762589
-17.733032
-12.866653
-11.975037
-15.433365
-12.897247
-16.7303
-20.794556
-16.105148
-22.706665
-13.817749
-16.929718
-19.107132
-13.911346
-5.2944946
-9.310394
-0.4680786
-11.792587
-11.069702
-5.546829
-14.287308
-13.747192
-17.54599
-19.613327
-14.089432
0.5007324
-12.119202
-13.656296
-8.707199
-21.82579
-15.358383
-12.222015
-8.214615
-19.58461
-15.522751
-10.239288
-19.661179
-19.274261
-12.79451
-14.57132
-13.981873
-12.3268585
-7.8177032
-9.9844055
-7.7745667
-10.502792
-8.622391
-20.390533
-12.4535675
-16.275986
-4.677017
-11.501221
-9.112595
3.2766876
-17.994537
-18.820587
-12.532959
-8.255844
-13.698914
-8.415817
-13.693726
-11.042496
6.1572113
-15.85968
-10.181
-11.352188
-14.58017
-12.05928
-11.925903
-5.5002136
-17.490112
-18.550049
-4.6073914
-3.3323517
-17.79599
-12.074814
-9.529129
-4.297638
-5.116165
-5.9418488
-13.81546
-8.853165
-8.126694
-14.407379
-16.241013
-2.042282
-12.758408
-13.936462
-17.615433
-11.955795
-8.566696
-5.36969
-10.718918
-12.096619
-7.744568
-15.077438
-5.599045
-6.521942
-8.8359375
-12.983322
-5.5786133
-16.019592
-7.7714386
-13.128616
-17.16446
-13.489853
-17.94841
-14.815659
-15.332336
-7.036804
-4.691818
-11.855835
-21.502182
-13.180313
-11.317413
-12.166718
-13.013504
-10.076324
-14.885056
-6.870224
-17.09166
-6.13501
-5.893097
-6.8359528
-18.003479
0.9148712
-1.0103302
-9.783905
-17.091034
-16.585144
-10.402313
-14.778824
-15.873016
-19.920746
-18.632019
-19.035004
-12.818588
-10.696732
-9.561142
-13.034561
-11.277817
-14.14212
-11.488785
-4.5558167
-3.2042542
-3.780548
-1.561615
-10.982193
-8.847977
-3.6541595
-11.802963
-8.619324
-9.059235
-7.425064
-7.6263885
-5.4552
-10.107376
-14.093872
-10.877914
-14.379166
-19.867844
-12.311401
-18.287796
-11.306641
-12.621414
-4.969681
-14.829849
-24.98619
-11.134232
-15.217667
-8.304535
-4.6281433
-7.146179
-7.548538
-11.239578
-14.85994
-1.3851624
-7.2119446
-11.019104
-8.264481
-13.642532
-11.14859
-0.96343994
-5.5426483
-3.1319275
-4.3768616
-2.771637
2.8624725
7.968109
-4.1193542
-8.78183
-4.937683
-5.899048
-11.74057
-8.828781
-10.824982
-15.6826935
-10.248383
-13.639328
-11.682602
-15.860519
-20.117737
-8.234024
-8.83757
-15.508057
-12.858154
-13.690491
-9.514343
-7.760559
-11.336777
-8.557877
-6.926819
-12.251602
-1.3850098
-10.130447
-7.5151215
-8.2378235
-0.64881897
-12.005783
-1.014328
-10.018173
-2.2471466
-6.488785
-3.4762573
-19.643448
-12.480225
2.4041443
-10.483948
-10.619919
-9.374863
-11.068665
-10.665817
-18.790161
-9.335663
0.20159912
-6.7907867
-7.292038
-10.603836
-2.4716492
7.613022
-7.994583
-4.404541
-11.611496
-18.29422
-8.443573
-1.0537109
-6.184067
-5.512619
-7.4844055
-14.541061
-9.799591
-10.453888
-8.70459
-8.40889
-10.837585
-9.193817
-8.399048
-6.3001556
-10.630463
-12.896027
-11.29509
-6.8434906
-15.35849
-20.532394
-13.969742
-14.952667
-9.819107
-10.241989
-9.267273
-0.8798981
-8.160538
-7.4765167
5.3384094
2.9812012
-11.522156
-10.211655
-12.464264
-8.173004
-1.1848297
-15.0503845
-9.418213
-7.2858276
0.26812744
-7.4159393
-5.4673157
-14.427628
-14.463852
-11.128403
0.7020874
-9.320892
-17.412033
-1.8963013
-8.84581
-5.6776733
-7.772278
-10.283112
-2.3818817
-6.0702057
-2.7627869
-0.74502563
-12.8022
-3.7724152
-10.114105
-12.027008
-5.02948
-0.52767944
-3.578659
-7.854828
-8.9500885
-11.104065
-3.1119385
-6.901291
-3.220108
-7.8923187
-12.795456
4.590271
-9.481659
-16.142258
-13.370346
-14.911316
-13.857925
-9.702759
-8.222687
-3.8891602
-11.490128
-10.778305
-4.188324
-10.671814
-9.834061
-6.638199
-10.896683
-4.83136
0.3179474
-12.69783
-0.7711029
-6.1741943
-2.5112152
-12.767532
-5.437744
-3.5330353
-4.911499
-3.2721252
0.9451752
-11.199387
-4.4143066
-3.1121368
0.05444336
-3.4182434
-12.449875
-8.5299835
-5.9025726
-4.336914
-0.54403687
-8.4599
-16.193222
-11.112762
-10.580185
-1.3041534
-4.69339
-7.142746
-10.114548
-6.8639526
-8.199997
-11.147186
-13.119904
-10.296158
-9.349045
-0.3658905
-7.3087616
-9.417007
-8.689041
-5.0927277
-5.620346
-12.128799
-7.356827
-1.8678436
-4.9078827
-2.1873627
0.5350189
-6.3215485
-8.086456
-9.303375
-10.308762
-5.9754333
-6.061249
-7.319351
-6.668106
-4.658493
-12.131378
-6.050232
-8.185181
-5.5009003
-7.991272
-7.823944
-8.596481
-1.5338745
-8.403122
-5.120285
-4.095825
-5.3112183
-8.98172
-10.034576
-10.163559
0.86143494
-5.048279
-6.5433197
1.0027771
-0.3022461
-2.2696075
-4.447296
0.34350586
0.63079834
-6.1996
0.29885864
-2.3389893
-6.20105
-4.392212
-4.9942627
-12.974243
-4.863968
-9.632034
-8.40625
-12.245911
-7.192276
-11.334305
-9.241241
-11.708206
-6.6730347
-4.444916
-7.2401886
-1.7750397
-5.7151947
-4.62912
-7.3970337
-8.922668
4.402313
-0.058135986
4.299011
0.51672363
-1.9198456
-4.680603
-3.286438
-1.3165436
-10.811417
-6.4582214
0.9718323
-7.559082
-2.7983856
-5.871002
-11.622192
-9.144897
-11.07193
-2.8891144
-10.289429
-3.8189392
-2.8389282
-9.247818
-3.8283997
-7.001953
-1.486023
0.9854126
6.755615
-5.4190674
-6.256363
-9.505203
-14.385483
-1.2136993
-3.4434967
1.1978302
-12.536011
-6.602783
-6.6142273
-7.016098
-7.6556244
-4.058853
-10.818314
-9.501221
-9.455261
-9.477524
3.7381134
-6.5212097
-8.66098
-9.647797
-6.1073914
3.2842407
-8.991013
1.0693665
-12.393127
-12.46315
-5.4982758
-0.46098328
-7.9609833
-6.4980164
-6.530182
-11.027084
-7.6535187
-6.5669556
-6.0264893
-5.001587
3.6047516
-1.649353
-4.473236
-4.5079193
-8.143311
-8.882568
-7.290436
-3.040619
-6.5935364
-5.0195007
10.291992
-4.043228
-1.9372864
-8.562302
1.1244812
1.3740845
-7.9203796
-5.7263184
-15.029083
-5.5732574
-10.605331
-13.190521
-5.1423645
-1.6269989
-10.446838
-2.4517822
-5.632248
-12.59787
-6.0484314
-7.187134
-4.863617
-3.5236511
-0.49700928
-8.979248
-10.939621
-9.683197
-2.3392944
0.96798706
-10.107254
-4.4882965
-3.2789154
-3.990509
-3.7424316
-0.5683136
-0.4657135
-2.9677734
6.4892273
-0.41436768
-3.8490906
-2.2981567
-11.032181
-0.76989746
-7.961746
10.528931
-1.6545105
-6.5815277
-6.2685394
1.5803223
-5.594223
-4.5189667
3.4246826
-3.0093079
-7.7666626
-11.853226
-5.319153
-3.7866669
-4.4470367
-7.426895
-10.72995
-12.736069
-5.5314636
-10.34819
-8.06987
-9.549103
-7.7105103
-13.560928
-7.5703125
-3.112503
-5.493927
0.6235504
1.6655884
2.2401428
-2.278946
-1.0797119
7.4740753
0.7710724
5.1678467
-3.852005
0.89759827
4.185501
0.3564911
-4.498993
-5.813629
-8.401535
1.6238556
-3.0419464
-7.8773346
-6.1647644
-8.313538
-17.191116
-7.161484
-10.992157
3.2022705
-5.2615204
-8.348419
-2.5700378
-7.0022125
-1.9064941
-10.797134
-2.6116028
-0.8731842
-1.4804535
-5.454712
-0.1084137
1.5452118
-7.329605
-1.9871063
-0.9891052
3.5003357
-3.6378632
2.1813812
-0.95596313
-3.1937408
-0.5499115
-5.7331696
-4.255539
-5.367798
-4.9786224
-4.4604645
-11.080673
-3.5268707
-1.8593903
-4.7767334
0.9206543
-4.864563
-1.0689392
-2.9155579
-3.1231995
-4.094391
3.838791
-1.1453552
-14.737244
-9.192947
-6.2790527
-5.84494
-14.26152
-6.826172
-5.100006
-13.099396
-5.607834
-0.809845
-9.403076
-9.46315
1.8533173
-4.248123
-1.5738373
-1.7172852
-1.5028687
1.3248901
-1.0115356
-2.4294739
-2.408844
6.8314056
-4.1357117
0.9434967
-2.8552704
-2.4650116
0.38513184
-5.815735
2.3149567
-3.549652
-9.239563
-2.199417
-0.40402222
1.6856537
-8.751358
-3.047348
2.7917175
2.1163025
-1.2870941
-3.504013
-3.1560974
-5.5760193
-12.573486
1.7233124
-3.4234161
-7.3090973
5.8787537
-4.9012146
-9.8063965
-9.221893
-3.2278748
-6.4486694
-6.717758
-8.421341
-9.475952
-3.5515137
-0.68011475
-3.6110077
-0.8243103
2.870224
-4.672867
2.5673523
4.9989624
1.985199
-3.7651215
2.2216492
-0.39933777
-5.4674835
5.833359
2.3628082
-0.46954346
-4.758499
4.21344
-5.8580017
-0.9064789
-2.152893
-0.8214264
-8.641586
-4.1748657
-8.937698
5.657715
-4.0547333
-7.377411
2.6259155
-6.7941895
-11.244049
-7.745804
-0.92674255
-9.119904
-0.410614
4.877594
-1.4260712
-6.9935455
-2.4015808
-7.3290405
-13.586975
-4.8142395
0.97732544
-4.297699
1.7070007
0.13304138
-3.028122
1.1476898
-1.3395538
5.25473
1.2092438
4.2759094
0.2546692
2.7745056
-1.2942657
-0.13691711
5.2420654
-3.1990967
0.86372375
2.2733154
-5.1927643
-6.8997955
-10.376297
-0.68930054
-3.3093414
-11.170288
-1.6022186
-11.55867
-6.6382904
-4.2885895
-1.2133179
-5.512787
-4.9923706
-1.1851807
4.825821
-6.074951
-0.42590332
1.8436584
2.8046875
2.1019745
5.792511
0.6918793
-4.2066345
-7.2999725
-2.9979706
-1.6691895
-6.517502
-1.4992676
-0.7611084
2.722519
-2.8437653
2.8102722
4.394333
-0.818573
-0.875473
-4.1400757
-9.280762
-8.263748
3.9153137
1.179596
-1.67276
-7.3980713
-7.0252533
2.9927216
1.0849304
2.214386
1.2633972
1.408081
1.697464
2.1546478
-0.8393097
2.920166
-0.83699036
-7.796585
10.23201
-8.385727
5.2725525
3.8384857
4.8930206
-13.760574
9.101868
5.7332
-1.7040405
11.086578
-6.48703
1.5602417
1.938324
1.8370972
-11.285263
3.593216
2.0492096
5.2775116
-11.47142
-7.9728546
-4.1095734
-4.815933
5.9095154
-4.060791
-3.6405182
-6.995331
4.31839
-1.7543945
-7.6723633
1.5598145
5.0132904
8.497864
-6.8473816
6.225174
14.097717
-8.219513
-8.0637665
11.751389
-6.987854
-10.121872
2.815918
4.6437225
1.9512634
4.7371826
-11.241379
-4.2183228
-7.0377045
2.5368805
-4.755234
0.4683838
0.79022217
9.030487
4.970932
-9.69162
9.687775
-4.582535
4.1002197
-1.468689
4.494034
14.588318
2.1909485
-5.48674
4.9850616
19.33554
-5.6965485
4.9424133
-0.06689453
-1.5461426
-12.762497
0.026535034
-11.322113
-4.1661835
8.597351
4.530899
11.55098
-4.18573
-5.042099
7.337326
6.1697693
2.440689
-6.877838
0.84521484
-10.91217
-1.7237549
-12.955536
-4.9473267
0.0519104
0.030166626
-3.8996887
0.00090026855
-3.239975
9.409149
10.673737
15.41803
5.5494385
-2.3385315
4.1734924
-2.8318481
5.6978607
2.705124
10.414108
-4.482422
-15.544098
0.6977997
-2.4933472
-5.218399
3.9407349
-2.738739
7.1455383
-5.555023
-7.1224213
-3.3725433
2.4121094
-2.8141632
0.9279022
-5.776413
2.6083984
1.9230804
3.1895905
9.856537
8.324081
14.089951
-3.9425812
6.328079
12.476517
7.957184
12.161545
11.987701
-7.5477905
-8.073395
7.428131
2.2739868
0.49295044
-12.060516
-6.2285156
0.34613037
1.8830872
-0.86997986
3.8290558
18.577301
5.370102
15.958694
2.2007904
6.3613586
0.4998932
4.8472137
7.1384583
-24.218765
-1.3118134
5.7955475
-5.0405426
-0.5180969
-0.30552673
1.3453217
2.64151
8.11203
-2.5563965
10.202148
9.595291
18.711807
13.597504
19.791046
-3.803955
6.5868225
7.761139
2.7390137
-1.772644
-17.590332
-16.834808
1.9958954
4.144821
-3.0381317
7.570938
4.2553253
3.620224
13.460861
7.013031
7.6713715
8.3533325
7.8591003
-7.186569
-10.633453
-19.123276
-6.7074738
-0.7149353
-0.19439697
5.9946594
-4.5145874
9.670044
21.943085
10.339066
18.761765
19.374832
1.0022736
5.5494843
6.81929
6.6638184
2.3859253
-4.8288116
-13.736038
-21.170761
-24.852234
-1.9725342
5.399597
3.107254
6.220642
14.846649
-18.79306
13.029434
18.939453
15.085281
21.245544
17.371002
13.496475
-6.6880493
-10.759201
11.449173
-0.024963379
-6.309067
-8.75975
2.9501038
-4.503723
-5.871872
20.435135
19.9122
14.775467
30.84555
15.287704
18.341019
6.0062714
-10.965347
-15.950546
-7.1915894
-3.5750885
-4.5642853
16.132004
14.468185
4.7783356
-16.819382
-3.5581665
0.38075256
-3.005066
11.426849
9.151932
6.967697
34.87564
6.541977
15.290253
-1.3803406
16.218506
10.852005
8.19577
11.105682
23.727768
9.273148
8.283737
-5.943283
13.771988
4.26709
1.4882965
20.339233
10.4711
-15.657898
23.349533
16.55101
0.88082886
-19.428604
-11.254105
-5.9085236
-0.80358887
-0.5282593
13.675873
17.99208
-7.692566
6.698288
25.760971
48.13504
11.768768
15.382446
9.2108
0.91030884
-16.452972
-4.5904694
-1.3087006
10.8441925
3.1234283
-3.6492767
12.224106
-4.056717
10.400833
4.5290833
9.923233
21.07872
22.957657
26.691895
11.182251
15.438141
-0.63160706
-1.45018
-22.58609
-26.37883
23.48024
23.398468
28.6324
17.865875
13.9908905
6.319397
-0.4030609
15.151077
-1.3511963
-20.233047
-8.3142395
-2.6173248
11.997726
15.376587
29.269012
31.840195
6.166504
-1.9832001
-1.1956635
-8.577209
16.765701
-4.209564
-22.046448
-14.417908
2.1571655
2.2638702
34.804184
-0.89520264
25.527374
41.971954
14.247696
-7.5108795
41.64395
9.760635
15.975143
-11.730255
7.5131073
12.05098
8.3337555
-16.633072
-7.702484
-8.137512
-5.6304626
26.972778
27.635437
20.47171
19.624207
7.687439
34.157288
8.207367
5.889847
-4.1540527
11.045715
-8.8936615
10.973526
-12.95285
2.6204987
7.377823
8.537964
10.332428
18.374695
-8.9496765
20.07756
-3.2559357
14.949936
4.1877594
28.784409
12.896072
28.836777
38.707687
-23.884537
11.786865
16.379562
26.881271
1.7289734
-5.457962
1.7051086
3.5128174
4.932907
-20.749084
-34.11577
-20.058884
17.39508
14.683868
26.100418
59.7276
62.44954
43.678467
1.093277
-10.926819
-36.95784
-9.262344
-21.935562
-35.326874
-10.926865
6.5614014
27.133453
8.182022
11.768585
33.126755
37.303802
25.593735
43.56462
2.6547089
23.286224
11.581284
25.745056
-4.282303
4.799179
-14.639145
-22.526474
1.9832153
-15.384201
-1.9580994
21.687607
20.584229
13.0048065
25.800827
26.62651
51.280273
21.61763
16.66829
11.444824
-4.647812
7.376877
-33.96707
15.955963
-3.921692
2.4099426
-3.5053253
-8.264709
13.221207
8.933044
2.8513184
47.01999
4.743744
20.833572
44.999542
31.068588
16.963058
-18.741272
9.206146
-36.795914
-5.7429657
10.200684
16.858856
-0.14578247
23.625214
22.035568
20.924438
-6.5633545
29.663864
20.277313
-9.962418
1.9215546
5.529541
15.217545
36.647736
21.90332
10.616074
15.859421
23.101334
43.60756
32.45723
3.452057
-9.961456
-22.433548
35.174576
3.1078186
4.4505463
6.6257477
-25.827927
-10.450256
5.923126
7.9600677
0.9882965
15.730988
62.326508
63.586777
32.867416
54.047943
23.055252
6.941696
16.28978
-12.401306
30.395142
-9.28801
-30.995438
-56.821136
-33.536163
-18.166534
9.968765
37.3916
41.507065
54.089508
42.55757
26.972504
40.5914
16.517273
15.433914
1.1562805
26.02243
-10.346039
6.014267
-29.116028
-32.364655
24.017365
-5.1762695
-4.173004
5.060684
50.14299
73.224106
48.319244
46.227463
29.380005
-24.275558
-4.0721283
1.3122559
2.5973053
-22.460922
-3.5593872
8.272476
-0.2441101
-1.7031403
22.099655
38.811096
26.884872
61.138504
57.049683
47.12404
26.976654
-22.497238
0.4060669
-5.1931305
-9.691132
-16.088165
-3.8710022
-36.67491
-15.15686
-4.5933533
1.0161743
54.5419
16.479004
11.851181
37.297256
48.72229
31.143936
20.3405
29.287338
23.815933
3.3878021
6.010025
-19.140625
-3.009781
1.2384644
6.1199036
21.427994
-26.08049
9.928467
-13.534866
-15.567078
-13.458435
-3.4884186
57.149185
45.498764
28.25351
57.96118
15.263809
-14.155273
-15.999573
21.640625
33.23297
17.096222
4.4347687
-4.4318085
25.481552
2.1643524
20.813461
40.492798
20.487366
16.168228
9.033966
21.916
12.128784
19.618149
-13.930511
18.124756
-3.4100952
35.04146
-16.350082
7.5807495
11.602386
12.282654
28.79985
48.408966
9.481415
46.189484
33.772446
27.604477
24.735535
0.1006012
36.50705
-32.54486
17.472061
4.3273163
-4.7529755
-30.638199
5.162445
-20.536163
9.924423
-9.896957
49.400543
68.05141
50.791702
42.08191
64.56685
-1.069458
-42.192963
-47.61589
-33.976685
-19.660767
10.93837
-26.814148
30.419662
26.353897
42.011337
39.806854
35.72766
43.994858
17.329895
10.875549
19.93341
14.695465
-12.787415
4.0083313
-10.110367
-12.267929
-7.955185
-10.55751
5.9093323
30.490356
29.599228
59.787323
15.847
13.940002
36.13481
13.32373
15.062622
4.625885
33.63768
18.056305
16.473816
-4.7467194
14.046692
4.9746246
12.044235
6.8602448
0.5769348
-3.4482727
15.168121
-36.88272
25.95964
24.631516
36.01628
33.418488
63.62184
18.584076
20.669052
40.69252
29.76509
1.2503052
24.62004
-8.484222
-19.148468
3.2581635
20.514084
26.862411
28.00888
-33.251785
8.641129
38.27745
-7.6191864
17.85936
42.30655
21.300781
37.347595
55.314682
15.616806
3.9222717
-14.653107
2.3913727
27.95404
11.698303
13.64296
5.4125214
-21.771973
39.106308
36.132156
44.847244
58.635178
11.356552
51.42401
17.09134
-30.892273
-0.9454956
-24.741562
-24.000305
-43.196457
-38.83185
-8.304947
5.133316
34.80336
44.648956
86.89101
56.651062
30.127853
39.25299
19.609268
-0.21144104
38.224
-12.717957
3.8182678
5.330536
3.3373413
-33.56714
-39.14258
-44.581375
2.1850739
23.896912
-3.088913
12.887238
7.128433
55.366486
75.405396
48.737885
44.747223
24.277847
-3.942688
-19.242203
-2.991394
15.935547
42.02292
4.3666687
32.612305
-8.52919
-19.306122
-15.139282
17.337875
27.225815
4.812027
62.302475
27.860672
16.767883
19.15503
18.714111
-9.534622
28.05745
33.748444
6.36174
-14.047928
27.412262
7.6927795
11.082764
-11.925156
44.71701
22.395447
28.214355
41.22612
23.602112
9.015198
-12.904709
9.517548
26.59668
-31.330048
8.154129
15.238953
2.7890778
14.243118
25.643005
-9.754562
20.434052
-1.5226135
3.95607
28.641754
50.118805
2.9868927
34.750854
11.632156
13.951813
26.014725
4.262268
62.831375
18.161697
-0.9376526
27.5009
42.501328
19.993668
32.586212
-7.469681
-3.8271637
10.971497
-27.607986
20.40129
-0.43074036
21.04123
17.474365
27.004929
46.679855
43.919632
63.726486
40.031036
28.371735
-41.295135
-3.1990967
-55.08438
-34.54709
-9.849442
-5.6740875
32.463257
27.152008
74.14946
29.409164
47.32663
85.72601
50.488754
26.951477
2.213272
-0.5082855
-0.99357605
4.651657
-18.875015
-18.114822
20.620667
26.11354
-18.455566
43.51886
25.575012
3.394516
17.109924
43.34439
35.20439
27.349258
34.833176
-23.98207
9.153503
-2.5477295
-21.517075
8.955505
8.427902
18.829468
39.228043
17.62384
14.12973
42.56482
30.78981
26.641891
16.581802
24.539795
30.92868
26.019394
2.5065613
5.630783
36.51735
-2.2229156
5.505432
-7.803589
12.353561
27.392624
23.072144
6.786438
50.912125
70.977875
18.761612
28.635452
-59.333923
-45.802948
-19.516052
-1.8681335
11.779724
29.582062
27.78093
50.681458
61.1223
80.54503
29.839249
13.963654
23.980469
2.1170807
-23.549576
-14.692017
-6.688675
-26.953766
-3.3655396
12.468155
18.502579
57.61557
68.48192
55.874725
43.0233
-2.5258636
-34.44699
-3.4718018
29.776764
37.29561
8.78894
22.382462
21.524902
-11.947754
7.0457916
31.55217
11.756821
-5.8255157
22.106339
18.79599
61.772003
2.7461243
26.759232
32.188797
31.2585
22.247452
10.4218445
15.290863
-0.09213257
-21.808594
34.715195
-4.4527893
-13.8811035
-15.490112
30.527023
30.939697
14.385223
45.43416
45.26317
50.979065
-2.4437714
24.874542
-13.362289
10.539627
1.5225983
-12.4960785
-3.9487915
-19.716278
35.104294
81.10936
28.729965
45.930054
33.88646
43.67961
24.544937
4.2528534
-32.62233
20.485825
-17.21637
-3.9674683
-18.579926
-9.237778
11.792374
53.35147
56.488342
34.71762
20.10794
14.760361
38.072968
36.719376
15.317139
-9.279877
25.518585
-7.2407684
2.1622772
-21.444778
20.00409
-19.333908
45.949448
28.310135
20.287827
14.548096
79.01526
3.3757172
41.075333
0.87882996
20.203384
4.480896
-22.591522
48.65277
10.702698
21.314056
-28.273788
12.629105
29.34813
20.881943
40.6557
32.88704
58.19629
69.12523
21.908356
22.337692
16.360504
-6.9252777
-6.9656525
-3.248993
-9.228317
-10.038742
9.427032
-9.182861
16.147446
9.100479
19.042297
39.971283
31.31665
35.81555
32.97534
62.91652
49.003464
46.951538
25.47232
39.070465
-31.85971
4.4563293
-5.7257385
-9.895996
5.333847
41.006104
-38.10019
-15.864731
7.365677
28.995926
64.305725
27.613815
90.86383
49.75644
35.48311
3.7323303
-5.9035187
14.277863
-34.77211
2.5074463
-30.522827
-8.834259
7.817398
24.719696
46.734863
42.125214
46.21982
39.43312
2.433197
27.216812
49.080826
11.971024
35.49086
-23.888992
1.1518402
5.3924255
27.28778
-13.440765
39.864273
44.70482
19.90129
-28.41983
-5.4946594
2.829071
31.64116
13.445038
37.571136
30.382248
29.366135
56.664032
39.735596
15.754837
-16.226013
-18.826675
28.727707
-30.407257
30.995651
-2.5049286
19.48468
28.177704
19.401474
18.791977
25.228745
6.326767
8.672577
41.145325
33.372498
24.544464
27.9581
38.213516
18.568222
11.933395
31.823776
3.0127716
0.52008057
23.548325
17.961914
10.519485
56.615295
-4.1633453
31.290329
26.989319
37.198715
1.6904297
-0.31636047
33.671036
18.255264
37.027023
-0.612381
10.75528
-31.547943
8.196442
60.168686
61.616806
61.870132
48.111877
39.43982
-22.61499
-14.139923
-20.97403
18.251633
-12.229706
60.659103
22.227936
32.504425
-17.357727
51.173645
31.372177
20.42038
10.271652
9.030304
-43.536835
18.889496
35.662903
-5.9673767
3.512146
52.99597
15.063339
23.284134
72.78114
48.589905
11.434555
64.526245
-2.56102
-5.715042
13.270889
32.21141
3.1203918
-34.759064
18.965637
5.4608
55.849075
29.526764
24.839203
31.094803
65.41495
8.6250305
6.614395
15.025085
-21.823944
14.435837
10.36615
14.023422
13.762711
28.228088
57.143066
62.940933
35.619934
21.022888
29.759033
-25.40416
22.120667
-26.160583
-17.206161
-22.33284
-25.77092
21.988403
60.847702
41.88803
32.348602
27.897217
48.462997
21.950104
29.069626
-15.271698
33.802307
-2.5831604
-33.100082
-8.111786
32.923035
17.806564
67.039795
67.93561
47.75055
59.68367
34.13748
25.529312
-45.06418
11.714188
-24.13353
-8.733368
15.033783
54.67238
37.688812
45.391678
-47.49684
7.6103363
11.790115
25.857758
9.973358
22.38832
18.061401
13.34874
3.8257904
13.69635
1.4006195
35.842926
63.175217
16.479172
39.80641
24.118591
21.204086
31.323685
16.209778
5.2150726
-25.901932
18.56665
10.915878
-13.763962
-21.111282
12.581665
51.784378
31.600449
34.11737
54.469955
43.165802
30.839066
13.300171
75.87491
5.8358917
26.748352
-10.945679
18.509857
16.284012
37.60457
27.61699
8.231155
40.187057
16.691132
19.265411
40.51718
6.951538
7.274292
69.51373
24.87178
4.8983765
3.7125702
0.259552
21.128708
65.89102
-4.678833
20.454666
63.892563
46.89554
35.981583
-10.130127
-22.754654
23.802979
-6.0580444
31.157745
33.338684
44.833145
-10.117859
16.047348
35.862946
-11.426224
33.37834
34.269302
49.112
32.692596
26.19197
-4.5368958
14.525925
23.046432
12.783936
-18.606262
22.619217
6.425064
46.514694
11.396011
15.231445
21.688492
-23.114502
22.881989
9.725937
85.02962
47.94632
17.749374
39.62384
37.382584
-6.1690216
25.731964
-11.668869
18.904236
-49.673065
10.228043
-12.12146
35.85663
38.839996
35.149963
78.44212
43.58145
29.302765
25.190018
15.521317
32.58551
46.37561
31.469315
-8.97435
1.3562775
-27.738907
-30.318619
14.463013
-5.4783325
20.820236
54.696335
32.2222
13.25
-9.790512
54.926544
28.930893
35.808487
1.6676483
56.609116
37.885315
44.85074
31.188278
47.321854
-10.626419
2.9601135
-16.172546
-41.143936
-38.88347
19.382553
-16.166046
11.84053
39.57318
46.640915
15.610367
77.9162
62.78778
79.298935
29.59468
15.77298
1.5276337
6.5888214
-1.4017944
-66.09483
-45.95572
-28.037766
33.761948
54.375885
69.92709
80.34137
51.45613
54.404602
32.725204
-5.0283966
-10.520554
-6.5424957
-17.149246
-15.996826
6.9813385
14.111237
36.540314
-22.99881
33.748795
74.9962
67.31497
64.301056
27.760925
20.134018
29.79123
23.539017
-6.895645
-51.386337
-58.95381
19.213089
2.002243
-1.5566559
4.3605347
5.888916
45.07469
87.252884
43.446915
25.631332
60.944016
-23.866806
33.953552
-3.5131378
-6.0910645
-23.039139
12.315292
47.92398
33.521896
50.53926
25.394043
12.273743
30.965195
18.154526
39.172333
10.369049
24.497925
17.930191
1.2698059
-26.754822
-21.029663
19.07454
24.451828
2.2015228
33.705566
79.52017
49.922256
34.77423
28.479752
-11.253418
31.315994
32.83879
26.997177
-2.744995
-4.2511597
-4.779846
32.362137
-19.588577
8.349289
40.45543
46.458862
41.803116
59.631058
20.329758
17.779114
12.070435
21.138031
39.755493
20.772614
48.44832
5.0436554
-12.355286
-11.295639
21.669678
4.1734467
23.98706
46.14914
16.699951
37.12201
41.298508
46.235
40.31308
70.70853
-5.68367
29.61409
-19.228333
14.506683
2.6999817
23.280746
40.02562
29.176697
35.776962
1.2030487
60.38855
4.2327423
-5.3136597
9.637161
-19.398682
49.87982
24.82489
47.985565
-2.9692383
50.158386
34.757828
18.635757
18.815964
34.948105
27.50589
0.7846985
-0.50639343
58.057205
90.10243
18.580978
67.02864
36.861923
-22.875854
-18.299438
25.031067
-5.391083
16.701065
-0.8654175
21.777267
22.966064
25.411285
54.063766
-3.515808
39.983948
10.726746
22.97197
25.074219
-11.402542
37.83258
77.11841
60.817062
29.966934
34.888428
-9.069794
37.847794
16.289688
21.863525
14.43222
-19.809006
9.122467
55.392822
35.08824
-5.9613495
-0.5690155
-25.314896
38.49388
84.663345
47.585144
-2.5105286
16.087204
20.741333
32.625824
9.604401
-15.014542
62.027954
56.62735
35.736572
3.8785858
7.8133698
-1.611084
5.880661
33.25923
-8.295959
10.453308
43.79622
4.7462616
24.922852
51.915283
33.515335
3.1180115
32.391663
-5.331909
22.02829
23.909851
23.359787
23.082428
45.529694
-15.144028
30.828629
19.711792
10.279114
13.440735
7.9001923
-6.5608826
39.295074
11.765976
52.06729
34.452805
21.696823
47.52249
46.335068
44.24733
-22.582886
-14.080688
55.882034
41.54416
-1.1889954
-5.9859314
43.020447
40.71173
27.715637
-14.399551
54.420273
-8.969421
25.620255
44.584106
31.441193
13.0451355
21.526703
43.50389
18.932999
-18.152298
-4.6660156
21.498291
29.861313
-16.958405
38.62094
15.407959
36.635117
20.33345
54.926636
17.605133
8.489716
14.386688
43.57213
34.443024
51.68245
4.795868
24.163254
3.8528595
-27.504257
-11.00769
9.945297
8.606094
48.462006
-10.571655
44.099243
8.386032
67.83861
56.665848
37.557602
-2.4007263
28.606277
36.265717
47.059982
1.8152161
10.849701
3.5355225
32.830765
-30.283936
-17.239243
13.666412
24.4897
42.47815
80.89186
44.524673
4.1674194
30.98346
51.38884
2.6891785
-0.47943115
22.57611
-1.6170197
-2.9789734
23.07602
7.9178314
36.26422
33.673416
-6.2098236
8.851257
43.71202
35.824448
67.675186
47.111618
26.109497
2.4294434
14.643143
-17.268845
-5.6390686
