810.9238
247.81055
145.85254
74.5918
43.493652
30.656738
31.168457
31.217285
20.74878
19.100342
22.54834
15.479736
19.34961
15.520264
11.355713
13.323242
10.0859375
12.973877
9.473877
10.499512
7.771118
7.3743896
7.22876
5.3062744
4.5511475
4.402832
6.6966553
3.9187012
3.432373
1.6174316
2.3728027
3.288086
2.1220703
2.1469727
2.2059326
1.8980713
1.3382568
1.6552734
1.2156372
1.5284424
0.8555298
2.284729
1.454895
1.8312378
2.1832886
0.80218506
0.5647583
1.1851807
0.77630615
1.8673706
0.76116943
1.4610596
1.067749
1.5628662
1.1586914
0.7315674
1.1057129
0.6609497
1.4060669
0.8789673
1.4914246
1.147644
0.93115234
1.6514587
1.5431824
1.1943359
1.5336304
1.7323608
1.2540283
2.5995483
1.8495789
1.4990234
1.1854706
2.011963
2.8553467
2.531433
1.2784119
2.8594666
1.9991913
1.5395355
1.8352737
2.499176
1.5132599
2.4629211
1.1542053
1.8434143
2.5445633
1.2861977
2.2376976
1.2875404
1.9863052
1.5411243
2.2641964
1.3621178
3.9233646
1.1311378
1.7850866
1.9055576
2.1629143
1.5738401
1.0809288
1.9667788
2.479868
2.1384602
2.8620977
2.9433546
1.6383657
1.5800791
1.702137
1.0145531
1.6831312
1.2150335
1.5576868
2.3286362
1.3296957
1.8650017
1.9474716
1.7358694
1.1819773
1.793005
1.346509
1.429081
2.5037966
1.7466164
1.9190836
2.7381706
1.418375
1.9674025
1.8126945
1.2327185
1.6362438
1.5160961
1.7121267
3.0181408
1.0877266
1.9908419
1.2045698
2.9160357
1.2921371
2.1674004
2.1731653
2.658928
1.0123396
3.2771091
2.7844124
2.4777794
2.1757364
1.8629456
2.058075
1.2902889
2.3104877
1.9776287
4.427782
0.9219265
1.013216
1.945898
2.376627
0.90554905
1.5500164
2.6120882
0.8967371
1.8934183
1.4566307
1.4874086
1.1707993
1.5862703
1.1240492
1.2019634
1.5410595
1.0070496
1.0479736
1.2666483
1.6720581
0.70791817
1.2140446
1.3929443
2.2194595
1.9185886
0.8383446
1.2975082
1.0916643
1.4394655
1.4946022
1.6627512
1.761116
0.84320164
2.0943298
1.309617
1.5273561
1.7351818
2.0720167
1.7411232
0.9980078
2.188859
1.5778904
1.4522419
1.8118782
1.4916859
1.2212629
1.4594984
1.0626802
3.022009
1.6145439
1.3873396
1.5375938
1.9895372
1.5856304
0.51073265
1.5038223
0.7269573
1.6738205
0.66094875
1.6334677
1.2599268
1.0395031
1.8191528
1.0311584
1.6012764
0.7448082
0.48183823
0.96804714
1.1677179
1.1898031
0.9133787
1.8152447
1.7005005
1.003892
0.7248354
1.2668304
1.4118614
1.0274029
1.0570135
1.1582775
1.0356836
2.0829458
1.1033068
0.9270773
1.0033627
0.8658085
0.55992985
0.947917
1.1269178
1.1913862
0.6684685
0.95903397
2.4141502
0.654974
0.7669382
1.8730001
0.9510126
0.93411446
1.3176794
1.7155457
0.7993622
0.9953003
1.17552
1.7734213
0.82141304
2.3797064
0.9379797
0.6611624
1.0818968
1.4353952
0.66134644
1.1361856
1.4524317
1.3791208
1.1659298
1.0062304
0.63974
0.71506405
1.0247412
1.1482172
0.6522875
0.9859381
1.1289339
1.1476555
1.5181789
0.7381115
0.64283466
2.2570467
1.7409363
0.79431725
0.9573803
1.1148996
1.384798
0.6095085
0.71317863
0.87440205
1.6606112
0.6797266
0.46897697
0.92253876
1.5785732
0.9430418
1.1003256
0.71498394
0.8081331
1.50249
1.2555666
1.0933256
1.1817503
1.7793055
1.1886053
0.63933086
2.324008
0.65951157
0.59580517
0.9253254
0.937335
0.9896612
1.5536594
0.87880325
1.8464899
0.6030903
1.3037949
1.0118322
1.3808594
0.57861805
0.96287346
0.7174692
0.89476585
0.8108978
1.6730919
0.9477196
0.41418266
1.4423285
0.60348606
0.7626915
1.7509956
0.68925095
1.5247326
1.5840349
0.8247318
0.70718765
0.5542679
0.8711033
1.1420879
1.3786058
1.7245884
1.6314268
0.87280846
0.7120285
0.5380707
0.63169956
0.9253988
1.0044203
0.3680687
0.4451599
0.6501608
0.94213486
1.2184801
0.6628227
0.60009766
0.87339306
0.8249359
0.559206
0.71738434
0.988328
0.8150749
0.5372629
0.055096626
0.9187746
1.0077477
1.3599443
0.99912834
1.5136728
2.357543
0.582366
0.8428707
0.56812954
0.69239426
1.0192595
1.4266605
0.6525402
1.3731842
1.5247478
1.0004969
0.97022533
1.1605434
1.3053675
1.2408476
1.4628439
1.4559231
1.1684198
0.6703167
0.72726154
0.821331
0.52661514
1.2168102
0.52992153
1.1724997
0.774642
1.2337112
0.5947952
0.76113415
0.6819782
0.7023573
0.35977077
0.9914408
0.81418896
1.0140753
0.57743263
0.5009012
1.5438232
1.2891655
0.8418846
0.7057743
0.896328
1.2600174
1.1411133
0.49441624
0.88195133
1.0417747
0.25406933
0.7936659
0.99773026
0.40592766
0.5797043
0.49917793
1.4359121
0.8965063
2.0936327
0.5365858
1.0999136
0.46463966
0.8066931
1.2083063
0.25485325
1.0182524
1.3342962
0.5046663
0.9310951
1.0845671
1.2463503
0.9888706
0.6015034
1.6549664
0.3040886
0.46962166
1.20438
0.7026787
1.0211792
0.8780966
0.3366909
0.7323189
0.5760517
0.42801952
1.3649731
0.28083515
0.84365463
0.5794287
0.3939829
0.58199215
0.7056818
0.1663456
0.6525955
0.7655716
0.776845
0.49147415
1.511528
1.0898266
1.0275679
1.1647625
0.6729021
0.26777554
0.7611027
0.62135506
0.9293289
0.26786232
1.2837076
0.77937984
0.58782864
0.81512547
0.86916065
0.6666546
0.6914549
0.91827106
0.40701962
0.503541
1.3183756
1.8228731
0.5105152
1.3925352
0.64743614
0.86549187
0.74283695
0.7062254
1.247963
0.5431261
0.8031492
0.8875027
0.5895004
0.7866745
0.74782944
0.83223724
0.87653446
1.4555187
0.7460346
0.5040064
0.6823244
0.37542534
0.42157936
1.6750851
0.582139
0.607851
0.9174042
0.82345676
1.1741314
0.90386295
0.62247276
0.9137411
0.684803
0.5721245
0.29850864
0.7348652
0.82864
0.6098404
1.0719185
1.4605637
0.86008453
0.45696068
0.49888515
0.18666077
1.4755068
0.76747704
0.32629776
0.6494837
0.36040592
0.95879936
1.2161589
0.6511345
0.44177437
1.5897093
0.5618725
0.21107292
0.42182255
0.20389366
0.8892002
2.3671417
0.38463116
0.6725092
0.6092539
0.39208603
0.924922
0.58636284
0.31190205
0.39637852
0.45470524
0.46473026
0.5546169
0.16985035
0.8736019
0.9664631
0.73952866
0.257823
1.0281401
0.4228449
0.32462406
0.4550352
0.5451069
0.6464777
0.47446442
0.72501945
1.2168341
0.45184517
0.39452457
0.3029585
0.5599232
0.13441086
0.43938732
0.51197433
0.17413616
0.43065262
0.30559158
0.23788166
0.5739851
0.83166313
0.4788618
0.525507
0.6325474
0.26345158
0.8776579
0.46992207
0.32962132
0.51549244
0.19569302
0.91830254
0.45455647
1.3476667
0.71573734
0.24558735
0.7194195
0.5114441
0.8259058
0.8315401
0.89873886
0.8808861
0.6153908
0.4271307
0.77071285
0.62197685
0.443058
0.4698677
0.4532137
0.49207783
0.5366974
0.22882175
0.41376495
0.67668533
0.82521915
0.3572731
0.84732246
1.2645588
0.51113987
0.40076637
0.47713947
0.39326286
0.41284466
0.3662243
0.41593552
0.4084339
0.34013462
0.89471054
0.5550928
0.58880424
0.90938854
0.5349655
0.46020222
0.3557167
0.40947247
0.44059658
0.123970985
0.67622757
0.74378204
0.8720398
0.78095436
0.58146477
0.6228075
0.45443344
0.655077
0.5980406
0.59667397
0.30803394
0.56879425
1.6350813
0.5474386
0.43978214
-0.0010061264
0.5674696
1.3349571
0.2605524
0.6034899
1.452013
0.43575191
0.26724243
0.8751192
0.48477554
0.06946373
0.3736496
0.5649786
0.6797991
0.19321823
0.14655304
0.613698
0.575819
1.0665741
0.5064373
0.3112421
0.46173573
0.25876808
0.42406082
0.24722862
0.5407858
0.32071686
0.3458948
0.4368286
0.2752552
0.2918663
0.41657257
0.27017593
0.15435982
1.3816309
0.21557713
0.41709423
0.28621006
0.26913166
0.10972881
0.66237354
0.8482237
0.5060377
0.33046532
0.59826374
0.6838646
0.09620571
-0.21824741
0.21430206
0.06376457
0.43169117
0.3650751
0.59280014
0.20842361
0.44221878
0.20826244
0.27509594
0.45742893
1.0551062
0.78641605
0.31370926
0.37301064
0.25544262
1.4741955
0.3588953
0.15985775
0.69839096
0.7120342
0.27978897
1.3258276
0.35850525
0.33057213
0.48623276
0.48069954
0.46901798
0.15136051
0.007945061
0.32677078
0.38538837
0.18687248
0.2525587
0.69250107
0.3710966
0.34254742
0.6792774
0.32412338
0.3104267
0.25724602
0.48218822
0.546505
-0.040715218
0.040222168
0.48801613
0.19701862
0.14834404
0.21079254
0.37876415
0.44162846
0.1616602
0.5830593
0.12038803
0.42882538
0.7684965
1.0226536
0.8432293
0.39025307
0.40808392
0.85580444
0.18329239
0.28664684
0.35674858
0.33192444
0.6005182
0.32112694
0.24735546
0.08852005
0.5650196
0.1952095
0.7324877
0.36541367
0.19540596
0.88417435
1.3019571
0.2597828
0.7697096
0.4768219
0.4031496
0.17875099
0.5720825
0.7268753
0.075424194
0.1648674
0.24833012
-0.036424637
1.2951126
0.44985008
0.75294495
1.0679331
0.17185211
0.33221245
0.30586624
0.59101105
0.1517086
0.7889013
0.5275688
0.8745966
0.09803295
0.3056116
0.62215614
0.43639374
0.71877384
0.5958843
0.41225147
-0.13917255
0.12908745
0.0025930405
0.4122448
0.17516804
0.9658623
0.48071003
0.008782387
0.19117737
0.21957302
0.5268698
-0.055138588
0.518404
0.21569252
0.48227692
0.14929485
0.3628683
0.17581844
0.4895754
0.05194187
0.46099377
0.14446259
0.8497734
0.37627983
0.21042061
0.4416418
0.6267872
0.18489552
0.42885685
0.08879471
0.60465145
-0.18588352
0.2852106
0.29396057
0.38792133
0.27176
0.45646286
0.26406002
-0.08465767
0.42587852
0.5778637
0.27817822
0.46512985
0.38538933
0.2610531
0.030086517
0.22700214
0.46376324
-0.14146423
0.53101444
0.1606741
0.2094822
0.18679428
0.29823017
0.20621777
0.29886436
0.4730816
0.259943
0.6238651
0.102641106
0.27816582
0.094833374
0.09121227
0.108608246
0.69795513
0.4605255
0.4498043
0.58354855
0.27983093
0.17902374
0.0806036
0.21615696
0.031318665
0.06631851
-0.011692047
-0.0011053085
0.6628933
0.7599077
0.16520882
0.24025345
0.40558338
0.13564873
-0.025030136
0.045490265
0.088315964
0.16175461
0.49784946
0.24157715
0.3348465
0.36464787
0.19029617
0.41453838
0.14556217
0.7211056
0.41427898
0.36833096
-0.04068947
0.46904755
0.3553238
0.1368866
-0.012794495
0.010562897
0.6022434
0.15887642
0.4553995
0.8176508
0.2660122
0.71019936
0.231184
-0.16405296
0.45395088
0.28672218
0.32150078
0.3468504
0.28852463
0.16293716
0.13176727
0.27464485
0.42792225
0.47516346
0.080477715
0.32854652
0.4819069
0.31903648
0.6328888
0.26934624
0.3010521
-0.077568054
0.23308659
0.43711376
0.4793644
0.2947626
0.0032548904
0.15031624
0.045228004
0.22327805
0.46981812
-0.047595024
0.1264906
-0.015412331
-0.29542828
-0.25222874
0.01540184
0.08819389
0.5878172
0.39932823
0.08998299
0.44979668
0.12494755
0.07726765
0.5692663
0.55852985
0.1522541
1.5272284
0.09054661
-0.047442436
0.121809006
0.01691246
0.05220604
0.06597614
-0.15343189
0.18008232
-0.041962624
-0.07177639
-0.05270672
0.05532074
0.88767815
0.17331982
0.19902325
0.014369965
-0.16564846
0.07782459
0.25780392
0.3593521
0.5897074
0.5181408
0.19694138
0.16721725
0.37386608
0.30627823
-0.04638195
-0.09066963
-0.017827034
0.6915264
0.14188766
0.41194153
-0.041080475
-0.28142166
0.16172886
-0.09699345
0.06335831
0.01660633
0.3336687
0.120244026
-0.08735466
0.07292938
0.5869951
0.7491398
0.043898582
-0.15852737
-0.059304237
0.10879326
0.61325073
0.18570042
0.16218281
0.047891617
0.64785004
0.022126198
0.13203907
-0.0033226013
0.5818796
0.10420418
0.32020187
-0.17250061
0.0041923523
-0.04320526
0.23144913
0.361804
-0.021111488
0.28328133
1.3156519
0.7756996
0.37190342
0.25737095
0.55470467
-0.32347775
-0.045592308
-0.36443043
0.21900177
0.023907661
0.1114912
0.65732193
-0.1330185
0.15629959
0.23943806
0.29532433
0.38104343
-0.07667351
0.14158916
-0.03515148
0.20981789
0.5407734
0.7128401
0.9530277
0.16957092
-0.07105923
0.36515236
-0.074832916
0.44336128
0.08224201
0.37357426
0.03450966
-0.333848
0.14225006
0.32717896
0.2341547
0.18227482
-0.08630848
-0.37286472
-0.29861164
-0.26613235
0.34576225
-0.20698452
-0.07019138
-0.08799648
0.2989416
0.1658907
0.41260815
-0.33578587
0.8255625
-0.059996605
0.7220087
-0.02297306
0.34401703
-0.02530384
0.24376011
0.3888855
0.1917839
0.10731697
-0.41259956
0.27687645
-0.20030689
0.37365532
0.2069273
-0.095846176
-0.055109024
0.36048126
-0.037690163
0.04905033
-0.3371544
0.5040846
-0.2582302
-0.45455933
0.7747326
0.2346859
0.09388256
0.3147478
0.18133354
0.07007408
0.14828491
0.12102795
0.02416706
0.53298664
-0.13214207
0.2854824
-0.09094334
0.2057352
0.17033291
-0.19607449
-0.13002968
-0.12342644
0.37974834
0.6153507
-0.2123127
0.020863533
-0.087864876
-0.3404665
-0.38936043
-0.10034847
-0.1408987
0.5719652
0.074355125
0.45810413
-0.20784378
0.10688686
-0.09773159
-0.22336006
-0.10246277
0.097709656
0.506176
0.13202477
0.27666283
-0.036845207
-0.30051994
0.21774483
-0.084527016
-0.07799721
-0.4267454
-0.06445503
-0.0018815994
-0.2997017
0.04591751
0.11537933
-0.08622074
-0.16167545
0.16608334
-0.07426739
-0.1309309
0.11495972
0.29359913
0.44657612
1.300683
-0.07625389
-0.34955692
0.37989998
-0.1057148
-0.30412292
0.17572403
0.39919853
0.009781837
-0.310503
0.9775343
-0.09074116
0.07758713
-0.33774757
-0.38522625
0.16880703
0.055986404
-0.22306156
-0.2721758
-0.29432297
-0.117033005
0.18981266
0.013811111
0.082304
0.31476688
-0.06297588
-0.20790863
0.027622223
-0.09074783
-0.26069164
-0.07715702
0.6523342
0.32050037
0.26725197
-0.2459774
-0.45917416
-0.14747429
-0.34183788
-0.07428646
-0.26285362
-0.413723
0.244071
-0.31777954
0.3290615
-0.045350075
0.28265762
0.15776348
0.73643017
0.17389774
0.4887972
-0.4628439
-0.5444565
0.30030537
-0.31980705
-0.29518414
0.013691902
-0.3283863
-0.15012932
-0.12397194
0.13632965
-0.21743965
0.43185234
0.2265482
-0.1456356
-0.058151245
-0.46717548
0.46053123
-0.32461643
0.653862
-0.105778694
-0.5251827
-0.074067116
2.2456722
-0.3463173
0.09395504
0.053326607
-0.3164873
-0.57985497
0.013915062
-0.4089632
0.7781687
-0.20517921
-0.46509743
0.3929119
-0.12790966
0.07720566
-0.1548872
0.63111115
-0.858758
0.14496326
-0.17221832
-0.0026016235
-0.07657719
-0.11349869
0.06139183
-0.1665926
-0.92227745
-0.18585777
0.5474243
-0.061691284
-0.40949917
-0.40866375
-0.5301676
-0.56039333
-0.40589333
-0.5490799
0.30847645
-0.13485432
-0.34947395
0.12311745
0.26366138
0.01074791
0.48313427
-0.18004704
-0.5633669
-0.015633583
-0.4975176
-0.12663555
-0.37475777
0.09912968
-0.38072014
1.0330324
0.07381058
-0.07220745
-0.6491928
-0.47598457
-0.06521988
-0.36535263
0.45505333
-0.37671852
-0.41616917
-0.04620266
-0.036221504
0.45976257
-0.47475147
-0.52454185
-0.22101498
-0.3281641
0.20758724
-0.032735825
-0.37204456
0.28893852
-0.72887516
0.11007786
0.8604746
-0.52999973
0.45039654
0.7604389
-0.7630272
-0.107151985
-0.5352993
-0.4632969
-0.29551888
-0.29678345
-0.41414928
0.16265488
-0.04426384
-0.300807
-0.38246536
-0.29845333
0.67933273
-0.22422504
-0.8163967
0.23680401
0.091526985
0.49524975
-0.8432169
-0.56759834
-0.6408758
-0.15053082
0.7116833
-0.67119884
-0.3505621
-0.25507736
-0.17083073
-0.239604
0.62638474
-1.0659285
0.5386114
-0.91885185
0.44467163
-0.74978447
-0.6048851
-0.08121014
0.49424648
-0.37868118
-0.91044617
0.19957352
-0.67985535
0.21209812
-0.16938877
-0.45231342
0.1903553
-0.54091835
0.030347824
-0.76742554
-0.9871845
-0.3026104
-0.9933605
-0.049061775
-0.8117628
-0.28249454
-0.60560226
-0.25510502
0.22377491
-0.41214085
-0.0075092316
-0.2061634
1.3863297
-0.7668772
-1.0504189
-0.61207867
-0.5412054
-0.59169865
-0.61455727
-0.7119045
-0.63809204
0.4767866
-0.23873138
-1.1893492
-0.98805237
-0.38047886
-0.4483242
-0.65914726
-0.08227348
-0.63446426
0.91986847
-0.05374527
-1.0171976
-0.3392849
-0.53154564
-0.3766117
0.28122616
0.50297356
-0.71941566
-1.0151701
-0.8758726
-0.85651016
-0.9930401
-0.1523056
-0.4872055
0.34241676
-0.018491745
-0.6582031
0.3780012
-0.13042068
-0.5466509
-1.1829834
-0.1967802
-0.7866497
-1.0684671
-0.40130138
-0.7824154
-0.8444195
-0.14850616
0.17209435
-0.87061596
-1.2838621
-0.6604929
-0.63243866
1.1604538
-0.32032776
1.4746332
-1.1404219
-1.0058689
0.08885956
-0.30319977
-1.0956421
0.2664013
0.74392986
-0.7324753
-1.4940033
-0.9753475
-0.5961189
-0.61945343
-0.7996378
-0.86061954
-0.5089388
0.13580227
-1.026062
0.4797697
-0.7122812
-0.7481375
-0.8971739
0.30510616
-0.6868849
0.21299076
-1.1686525
-0.40790272
-1.4475737
-0.49525356
-1.6106176
0.19321728
0.49742317
-1.3517904
-1.0844231
-1.5118237
-1.3432341
-0.8926077
-0.9664221
-1.3271198
-0.64585495
-0.50551605
0.3020258
0.09947014
-0.8225746
-0.71137714
-0.52947044
-0.78159523
-1.22229
-1.7679195
-0.6394787
-0.5788746
-1.082592
-0.68276024
-1.3422976
-0.4460945
-0.8870106
-0.8567152
-1.1772623
-0.5207262
-2.5382385
-1.5042458
-1.3494635
-1.5899525
-1.260397
0.31659126
-1.1665964
0.056315422
-1.1871986
-2.4322433
-1.2473469
-2.5565367
-0.9286547
-0.7877779
-2.9299622
0.11725998
-1.6411114
-1.4430418
-0.6786566
-0.28601742
-1.3919458
-1.6649666
-2.9454794
-0.81846714
-0.5530901
0.31513786
-2.3757534
2.2096272
-1.8555126
-2.4573832
-2.5214052
-1.3788033
-1.4804192
-0.46312618
-0.5135689
-1.5072746
-1.8217735
-0.8731537
-0.55894184
0.44136906
-0.44462872
-1.2198792
0.83264065
-1.5823307
-0.6245928
-0.8582659
-0.68799496
-2.2812748
-2.7592764
1.166892
-2.6756287
-1.5338678
-0.6746206
0.2835951
-2.2815104
1.6259155
-1.8656425
1.2446356
-1.997757
-1.5478745
-2.3003187
-1.4535522
0.13195992
-2.7987938
-2.2828188
-2.1192522
-2.030653
-3.1082726
-2.1008577
-2.4367638
-2.1056623
-0.8992176
-4.045706
-2.3916616
-2.8333826
-1.7481899
-0.79389477
-1.9880104
-3.060443
-2.7719193
-0.5865011
-1.1938152
-2.6824799
-2.4486465
-1.6224442
-4.078965
-2.9151516
-2.3236485
-1.1913958
-3.3622322
-2.4181595
-2.410738
0.6528406
-1.2252035
-0.27924347
-0.79364777
1.9248486
-2.8230486
-3.3269434
-2.82366
-1.1363344
-1.2683039
-4.3732214
-3.733883
-2.0366945
-2.310874
-0.37642956
-2.1046429
-0.120069504
-2.571622
-2.288457
0.94755936
-3.2907753
-1.7311544
-3.146284
-3.0576363
-2.996643
-5.602503
-2.980462
-4.3150215
-2.3300447
-2.9129143
-4.0970583
0.0022029877
-2.0898037
-3.9621916
-3.2582045
-3.8106594
-2.0176277
-2.3334541
-1.9231768
1.4426975
-0.08771324
-3.6338034
-0.3282814
-1.6288795
-5.786518
-0.041524887
-3.9787045
-3.74294
-3.468419
-4.3939543
-4.3017826
-6.407029
-1.3933544
-3.2873726
-5.0936146
-3.8008423
-3.120844
-3.5242052
-3.297598
-0.3020048
-2.0606146
-3.5906029
-4.1235247
-6.1338387
-4.3299894
-6.9872265
-2.4523926
0.83442307
-2.4196768
-5.1582603
-4.720978
-1.9986858
-4.644552
-1.9287157
-1.2160282
-3.4327364
-3.5338783
-2.6875143
-6.6598406
-7.008195
-6.4213333
-6.8146896
-4.8394976
-1.5751257
-4.421728
-7.3575954
-0.9428959
-6.0270996
-5.7538776
-3.826851
-6.0715313
-1.6744938
-6.0418224
-3.4328375
-3.8827896
-4.2083282
-5.3573275
-5.5633335
-7.7153444
-3.4135675
-3.6674547
-1.736269
-5.7846403
-5.248843
-5.770417
-4.9722595
-6.7027636
-7.715291
-0.042700768
-6.8698044
-6.60925
-6.641073
-4.7524624
-2.3557224
-3.0755482
-5.5064373
-9.449837
-7.297945
-5.122921
-5.6407404
-6.3161545
-5.0568275
2.302866
-0.48132038
-3.9006605
-7.501011
-6.5988016
-7.9004116
-4.289958
-7.9586897
-7.2649307
-5.4209557
-7.59661
-8.961351
-7.056452
-8.949999
-6.7887735
-4.456642
-7.625578
-7.1813507
-7.9942417
-9.200881
-12.283515
-7.7043
-7.114191
-7.150735
-5.1972427
-5.8240633
-7.95936
-7.868227
-3.2605057
-8.858009
-6.5053625
-9.651046
-6.115343
-8.467842
-10.758965
-6.670602
-8.546494
-7.0696774
-10.174023
-10.534599
-7.4341335
-8.651073
-9.09262
-10.888592
-6.9915543
-4.291891
-1.5176296
-8.604719
-8.795717
-7.094885
-15.26251
0.9417467
-2.5553122
-7.668844
-10.114731
-10.110775
-15.247131
-6.007123
-9.615655
-10.214649
-10.054154
-10.769188
-11.357258
-11.617512
-12.058376
-14.310006
-4.649575
-18.978848
-11.643333
-7.929412
-5.098709
-4.2960186
-10.497018
-8.046254
-8.156535
-11.760092
-9.013214
-5.2337284
-3.6745014
-1.2330675
-10.992313
-3.9188156
-6.910308
-14.5769205
-9.276277
-9.487391
-8.195818
-11.117317
2.575222
-9.644457
-18.042465
-15.733385
-14.466875
-15.405334
-12.225853
-9.892284
-9.223689
-14.523285
-15.63998
-7.4830217
-8.061028
-6.441572
-11.227293
-12.979919
-11.378426
5.9018555
-14.368525
-15.001013
-9.047424
-11.783932
-7.959564
-8.676457
-6.1955996
-8.818087
-2.807066
-1.9777031
-8.64793
-5.3678446
-12.031082
-12.028173
-7.936516
-11.838735
-11.259692
-16.390316
-16.174356
-18.307636
-9.875187
-19.02458
-9.110008
-23.264223
-7.8606434
-18.220688
-16.325445
-16.13352
-6.5055523
-16.414753
-14.69614
-12.43433
-17.087437
-9.091667
-18.537018
-19.116634
-12.101241
-1.0037193
-5.955471
-12.804621
-15.4641285
-15.05776
-12.208496
-7.217907
-16.16319
-6.7697487
-10.386008
-22.814592
-22.002758
-17.71205
-16.142998
-16.926022
-23.415487
-20.33664
-17.695663
-23.473824
-16.282051
-20.678791
-14.4981
-5.1840057
-19.357754
-11.404005
-12.88737
-16.599789
-20.936901
-14.278981
-14.315796
-19.809195
-18.341997
-18.668758
-9.336063
-25.400513
-27.00372
-19.894157
-17.84494
-17.108625
-14.670608
-15.356796
-6.793849
-16.91873
-23.32009
-15.476192
-15.016663
-15.744977
-17.364697
-32.53899
-26.024733
-19.736881
-18.889446
-17.24366
-17.709599
-12.062799
-21.371096
-20.444473
-31.786827
-35.67008
-26.535126
-21.292812
-16.593763
-22.618502
-11.458248
-14.720425
-20.613682
-19.365166
-24.091745
-24.708172
-28.451883
-18.457985
-16.906097
-29.140352
-24.98233
-17.556208
-20.182884
-27.42066
-27.435345
-30.619862
-18.485245
-41.372627
-22.723804
-30.636269
-17.141703
-18.478579
-16.427761
-14.323698
-17.254005
-29.874308
-25.267426
-26.653465
-21.85139
-26.139053
-17.028217
-16.380028
-13.377937
-20.690002
-24.764053
-11.815239
-12.781624
-14.379841
-34.15068
-15.914471
-9.802372
-20.575108
-10.627007
-13.928375
-9.527967
-9.645519
-17.733936
-21.95378
-7.6776447
-13.179567
-17.25589
-14.458534
-14.75285
-20.61768
-9.736507
-27.95525
-13.95946
-12.153628
-17.425604
-22.045727
-17.17236
-13.984177
-27.89556
-13.531195
-15.541241
-11.425381
-22.719795
-23.34231
-22.011919
-20.868149
-18.095127
-21.633003
-18.917912
-20.55741
-5.880562
-19.596197
-26.80031
-24.677591
-37.113567
-16.355295
-22.561716
-23.116665
-32.62227
-22.115898
-28.203897
-42.258842
-27.28411
-24.206928
-37.23812
-43.077633
-33.87468
-27.847052
-11.940266
-12.602028
-19.222027
-19.37482
-32.583702
-43.70663
-28.944237
-39.107285
-20.678638
-19.8411
-16.398363
-14.932623
-15.09523
-12.843136
-29.342258
-9.924667
-19.285131
-13.509766
-30.340906
-30.447887
-1.0445442
-34.33548
-30.551182
-5.809784
-18.365814
-19.329235
-17.474533
-20.285534
-14.951067
-18.537388
-33.099617
-26.64221
-26.306202
-19.878857
-39.933266
-29.633244
-30.17447
-15.169155
-25.120415
-13.768562
-18.78797
-7.3956947
-27.230965
-36.326683
-31.888874
-27.039991
-47.811954
-56.902187
-37.924164
-17.809963
-25.401508
-34.826283
-31.250336
-29.505888
-31.711773
-30.583385
-39.364822
-35.022015
-18.744045
-23.182697
-41.28985
-28.41256
-31.97185
-47.191628
-44.89131
-21.647995
-34.4185
-20.393364
-50.780033
-25.472166
-30.686565
-30.877277
-20.600956
-24.709934
-32.7758
-32.616035
-25.761637
-30.47453
-26.40142
-34.550865
-23.825356
-37.2696
-20.287323
-27.525158
-25.968903
-37.724476
-44.855667
-30.532398
-15.851641
-39.9314
-21.574934
-19.839024
-29.577156
-21.039892
-31.165668
-29.766533
-20.721521
-32.55124
-37.958157
-15.492378
-37.794052
-18.101362
-34.77118
-34.120277
-13.643003
-40.46635
-20.458738
-18.192163
-40.78838
-17.09596
-24.81916
-43.413883
-29.935188
-45.405743
-37.491367
-37.77573
-35.93217
-27.25349
-33.145226
-29.419506
-18.14848
-46.933674
-39.651993
-46.139626
-41.056793
-32.789104
-26.064507
-39.345833
-54.007343
-37.67312
-28.605766
-48.874638
-17.63929
-20.785702
-24.183773
-19.856255
-33.581913
-36.559147
-39.801003
-32.97345
-51.192043
-41.847946
-36.272354
-35.71036
-17.081928
-9.791618
6.209568
2.6277418
5.8765697
9.776646
6.6516857
8.486977
0.46123123
-2.4508114
-8.220794
-4.6240444
-6.0685062
-6.486274
-9.243113
-8.328348
-10.66032
-22.071117
-12.859166
-19.863949
-15.654568
-20.058722
-11.001704
-29.907814
-24.31501
-20.44867
-27.363361
-25.753403
-7.625738
-25.630552
-11.444939
-16.50171
-23.290274
-29.817524
-19.19971
-27.35408
-32.260597
-43.986946
-28.509438
-34.225754
-29.445684
-27.322891
-45.245983
-33.90322
-35.074677
-28.277008
-32.045242
-32.789753
-52.544235
-19.644308
-38.340492
-32.094177
-50.89199
-40.56862
-44.323036
-39.716995
-52.829033
-58.49456
-30.999683
-35.68837
-57.309113
-37.62921
-25.130335
-25.801151
-43.61884
-7.801502
-29.99302
-26.879238
-49.105713
-41.966732
-66.15945
-60.12451
-33.47842
-46.73079
-47.07952
-49.394356
-31.757065
-31.810299
-26.768219
-19.672379
-40.669655
-33.322353
-23.553265
-28.483238
-34.56888
-48.85244
-36.322414
-22.16431
-33.51941
-18.638227
-46.090393
-33.31958
-27.285576
-29.046642
-24.75288
-51.14068
-30.11439
-41.879868
-41.9696
-51.76281
-50.640137
-40.93264
-28.66156
-53.166466
-41.493935
-41.109535
-33.94823
-40.308743
-40.518642
-34.527794
-46.992737
-26.534946
-58.55901
-50.09375
-32.189854
-29.122997
-42.455517
-38.95273
-25.46942
-45.001568
-41.81161
-46.47735
-27.760668
-57.62868
-47.322433
-13.217863
-42.39813
-29.11517
-51.524025
-61.628616
-33.10144
-24.960115
-50.768177
-25.605247
-49.608215
-53.47363
-21.765347
-40.153763
-44.433777
-20.689922
-22.738857
-41.53157
-50.496502
-50.345676
-56.802933
-44.745964
-23.562325
-20.983883
-40.537643
-36.2269
-31.494595
-41.73392
-31.657642
-31.662235
-41.617355
-22.971306
-21.37106
-22.919613
-37.84419
-30.320799
-35.605434
-30.012527
-42.20496
-29.890491
-35.74951
-29.64848
-19.862259
-28.590609
-27.204361
-31.826424
-34.174904
-27.060268
-39.822758
-28.039824
-20.150753
-24.86289
-44.142883
-19.027218
-38.236664
-37.3438
-29.157028
-40.09105
-33.23935
-33.868942
-43.5942
-60.370407
-49.48831
-70.268555
-41.09873
-34.24023
-67.69135
-52.7737
-66.01957
-34.959965
-53.165657
-36.085827
-20.097935
-37.817337
-43.169525
-42.696
-72.03723
-67.35363
-43.326954
-69.06903
-41.855522
-59.546017
-60.76365
-58.681335
-64.51189
-44.753296
-57.10877
-37.902218
-18.573067
-34.112232
-21.842144
-23.673988
-23.986622
-32.771725
-39.3071
-36.124397
-52.322926
-48.73893
-34.497368
-39.832745
-37.195736
-37.072678
-32.90026
-31.95282
-19.52367
-26.576704
-28.18806
-35.95279
-34.156197
-29.731499
-23.05574
-35.68081
-26.856571
-33.584587
-45.72602
-38.88717
-33.05784
-37.840866
-39.00287
-45.359188
-31.570393
-32.997433
-32.14153
-43.416477
-32.637753
-27.987349
-31.617352
-34.940285
-38.151844
-53.66833
-44.544765
-61.830654
-57.230675
-29.248245
-57.571625
-44.392223
-26.917004
-44.162018
-31.881065
-39.409878
-42.374332
-17.46429
-57.88998
-53.747993
-52.479725
-36.811275
-32.208706
-49.303875
-53.451355
-27.818481
-53.96494
-58.99954
-64.15135
-55.232388
-46.09905
-49.506794
-47.454716
-44.36051
-31.342087
-24.086342
-29.773605
-37.960747
-43.06158
-48.813698
-45.429325
-37.66502
-31.704826
-47.86563
-46.515583
-37.20982
-29.471573
-50.255203
-34.736877
-49.345425
-64.82831
-68.97741
-50.25543
-63.60559
-62.439285
-47.503105
-38.536953
-42.25348
-38.31213
-60.06523
-60.054886
-36.276962
-45.66991
-34.24888
-48.55702
-29.02706
-61.038353
-56.455196
-33.66737
-39.148033
-26.977667
-26.65944
-34.802425
-37.878384
-29.321608
-52.85229
-24.957066
-49.502563
-31.804884
-39.755455
-36.020653
-45.254715
-37.1996
-31.622349
-34.888397
-31.930447
-49.473904
-40.234215
-42.718193
-38.784264
-53.168785
-49.060184
-33.512745
-38.57737
-40.61752
-41.38914
-43.25672
-46.432487
-50.037163
-50.012775
-20.266476
-69.77248
-59.63508
-49.986145
-48.262722
-55.860817
-49.119507
-44.360317
-74.41566
-58.955017
-55.818867
-10.20491
-59.6405
-34.520065
-26.519825
-25.233673
-41.43306
-24.116947
-37.741997
-50.611794
-55.912933
-42.66477
-34.83671
-44.562317
-54.35194
-35.162674
-46.522552
-71.53781
-88.5462
-76.9282
-66.16872
-62.776413
-86.82692
-60.968803
-70.612526
-53.594723
-93.972595
-56.31636
-66.77662
-62.55011
-45.41127
-36.084496
-46.79025
-29.019293
-30.213299
-86.63276
-68.85713
-110.091125
-63.538033
-46.082233
-68.31698
-50.44757
-38.93807
-61.47007
-82.56009
-82.670555
-19.086056
-67.07225
-84.05685
-30.693554
-44.458046
-70.64598
-41.290535
-51.35063
-41.21714
-45.3263
-49.66971
-37.163834
-39.789997
-60.59602
-43.40479
-28.00494
-55.72917
-53.879055
-24.13192
-48.668526
-27.49038
-47.13887
-39.084953
-30.855724
-45.238956
-37.274536
-36.8489
-38.573208
-30.272652
-49.20688
-49.098244
-42.09198
-37.598637
-55.725437
-50.794556
-50.44386
-31.030891
-66.17493
-63.606026
-49.112015
-56.155922
-63.998642
-71.44667
-50.137527
-73.02963
-48.469078
-75.2405
-49.93938
-61.819912
-69.312836
-55.864082
-69.96814
-42.49483
-61.912567
-66.340294
-50.794064
-56.06275
-26.091454
-55.06919
-72.11755
-59.37183
-45.78164
-66.40512
-64.46707
-54.591022
-73.31122
-36.446262
-70.58364
-43.469563
-58.207275
-49.639
-53.042263
-68.6871
-64.75485
-58.11187
-79.289986
-80.25183
-81.15306
-74.9392
-68.07526
-50.69303
-50.785027
-81.09931
-52.270096
-47.829628
-83.57714
-78.90834
-55.053413
-90.61789
-95.757484
-55.943
-64.64634
-61.060852
-43.303104
-81.16021
-28.485683
-50.848484
-90.00579
-52.61772
-58.38114
-62.734943
-39.808647
-34.342476
-16.951965
-49.021362
-25.93757
-23.088827
-44.568695
-26.574741
-52.9996
-29.924057
-37.111393
-54.48356
-51.74736
-55.224583
-27.853168
-63.68425
-57.169918
-80.58249
-38.223976
-23.784748
-77.145485
-3.5651855
-48.73026
-62.0035
-40.541523
-33.866245
-66.10671
-46.720272
-34.79139
-39.41093
-41.91945
-30.960426
-27.236755
-37.862274
-31.096558
-48.269344
-54.933327
-31.950703
-25.940048
-36.098495
-40.71259
-58.243095
-60.857784
-32.835613
-43.78127
-41.1165
-44.572914
-54.942802
-40.126923
-69.80001
-67.60701
-50.440376
-29.883778
-43.595837
-63.16857
-48.15272
-55.242527
-36.52142
-51.520252
-65.816605
-38.902763
-55.860355
-68.26858
-48.58216
-60.052807
-53.95218
