0.33499318
0.27948132
0.04986978
0.048662726
0.065036215
0.07312518
0.062277637
0.105753645
0.07894105
0.06366358
0.08184567
0.06661521
0.07527697
0.06698028
0.08398155
0.093070805
0.11122928
0.1163874
0.077708416
0.0790111
0.0827224
0.060622025
0.05887132
0.07138139
0.06390024
0.06687348
0.060194265
0.03815231
0.05720116
0.061092436
0.04807553
0.07978542
0.06810321
0.0557847
0.062239636
0.05752316
0.07783551
0.05105517
0.0634187
0.057739582
0.07170815
0.056895856
0.06163561
0.08028528
0.07964901
0.04468396
0.07778528
0.059057936
0.055203784
0.062070258
0.055612527
0.047997586
0.056650095
0.09867723
0.051345266
0.058094427
0.075074606
0.07988311
0.09711824
0.05907352
0.06272873
0.06917705
0.07094816
0.06276389
0.070470616
0.057883393
0.05602483
0.066935
0.083847776
0.05260899
0.09516555
0.05951275
0.058918968
0.06519253
0.06651081
0.047679212
0.06877686
0.052940324
0.06705999
0.060360517
0.046778154
0.094189614
0.050347667
0.08009926
0.07221915
0.07139461
0.08345903
0.058619615
0.06858084
0.04836778
0.07832237
0.058388297
0.06279228
0.04418139
0.09991763
0.054134566
0.052150723
0.07032173
0.06880949
0.06351803
0.062418126
0.06611693
0.048677456
0.07073895
0.061830718
0.06122815
0.061349247
0.063006476
0.07784742
0.048991438
0.056412328
0.0829254
0.06892697
0.05068814
0.050585613
0.06589702
0.07042949
0.059477523
0.053555414
0.0627095
0.05953822
0.04460827
0.05510619
0.054043096
0.048808143
0.062457994
0.0550817
0.055776782
0.05404493
0.062095128
0.05086745
0.061455157
0.06368108
0.053979892
0.067687415
0.057267725
0.05900593
0.05084976
0.057418913
0.051170982
0.05625965
0.05050765
0.047880072
0.062312927
0.059225682
0.05015704
0.068132706
0.08577192
0.06818966
0.059430536
0.052648254
0.04720086
0.051634677
0.05679862
0.042067196
0.060730238
0.06391828
0.058634575
0.046784747
0.055614594
0.082606696
0.044814885
0.05984023
0.048233263
0.0772182
0.059599858
0.057402223
0.058353834
0.078091785
0.070612974
0.048214376
0.045987263
0.06849042
0.06375753
0.046025272
0.09100547
0.041807868
0.03207218
0.07044592
0.048908997
0.0606416
0.048521176
0.05324702
0.04438659
0.042077105
0.04478692
0.047241658
0.053129878
0.053701047
0.069198914
0.06869226
0.05528445
0.06112649
0.057935257
0.07912505
0.05147771
0.05773423
0.040439975
0.050948057
0.05209974
0.04818875
0.047120914
0.050175633
0.05054478
0.04649372
0.0653761
0.05823237
0.06311722
0.037542
0.05088853
0.06528336
0.062619425
0.053335007
0.058844287
0.05710813
0.06436441
0.05488052
0.053489484
0.054109983
0.048006337
0.046393126
0.054533046
0.055635404
0.049569733
0.05497756
0.041894067
0.049580753
0.057751473
0.058522895
0.043249037
0.047097806
0.064810395
0.052948844
0.048809517
0.058504194
0.0653763
0.050433125
0.062806785
0.048951495
0.053183228
0.056300763
0.06584885
0.058549106
0.054296646
0.048218492
0.054125525
0.06929156
0.052111886
0.047975346
0.05723396
0.057828307
0.05004932
0.044990122
0.05770623
0.04758343
0.04551354
0.05908567
0.05813467
0.0698053
0.05560966
0.060228184
0.060608104
0.05550134
0.052161977
0.055266052
0.06986867
0.06919945
0.04681431
0.06278995
0.053340424
0.05575393
0.0520315
0.077831514
0.061037853
0.056348927
0.045988217
0.074141696
0.049175795
0.06283431
0.05200397
0.05879757
0.043473613
0.055957306
0.061385117
0.056818288
0.05055526
0.05567053
0.050910603
0.0681838
0.06146861
0.05412548
0.050105255
0.05853882
0.061572205
0.05534816
0.04849614
0.047086723
0.053083878
0.050648823
0.04444981
0.050056066
0.054205783
0.052782252
0.05397764
0.0539165
0.05732513
0.059935417
0.060252782
0.04793612
0.04810083
0.049845666
0.053196363
0.044210117
0.073143095
0.0472343
0.053377584
0.0511631
0.04508855
0.048702843
0.07153431
0.042254888
0.03957758
0.06516719
0.042428795
0.047404494
0.05539542
0.050125696
0.04750508
0.064854965
0.058199946
0.0471004
0.05723135
0.044464868
0.029921202
0.053239137
0.06249253
0.049518503
0.058652174
0.056718804
0.04852585
0.05521792
0.06027467
0.065676205
0.056752443
0.05140291
0.044920716
0.041028406
0.045683924
0.06146491
0.04698254
0.055356868
0.044316594
0.043203857
0.048842277
0.056813974
0.050800275
0.047898922
0.04626104
0.04170103
0.048985
0.050154097
0.049859036
0.05419066
0.03685853
0.06699531
0.04225704
0.044646468
0.038627155
0.054506686
0.059756763
0.058853038
0.054732133
0.05765605
0.04373087
0.056396652
0.042032115
0.0526319
0.054128736
0.05777178
0.03948093
0.052978072
0.045084566
0.03907542
0.06113923
0.05518731
0.055786084
0.05241959
0.055441692
0.051832154
0.045935944
0.05991604
0.04969465
0.038967863
0.052376464
0.051361717
0.04656968
0.058325138
0.038230803
0.05302144
0.061124764
0.049944714
0.050744712
0.058779813
0.053165045
0.0390535
0.06007114
0.049292304
0.046757292
0.050699558
0.0518348
0.047477614
0.051166803
0.05186014
0.05644967
0.05118581
0.057620037
0.050947003
0.041142985
0.047557253
0.046425797
0.047339283
0.04166496
0.034738813
0.05041206
0.056455333
0.05412009
0.05358013
0.04868221
0.060843278
0.0576322
0.06271812
0.05101829
0.052183904
0.050545078
0.04563707
0.058614492
0.07288357
0.059680484
0.04676707
0.061598957
0.06231036
0.040431667
0.045027256
0.05690035
0.049405184
0.04833881
0.04801179
0.044183172
0.05338278
0.044357203
0.056585807
0.04387849
0.04937971
0.022708207
0.047830097
0.055272967
0.05884513
0.046333555
0.049219992
0.057044476
0.054220136
0.05765286
0.052133255
0.046607215
0.060435563
0.051297035
0.052869853
0.060687844
0.04817297
0.053911954
0.037900206
0.050811756
0.049350757
0.056293573
0.049208898
0.0491858
0.036375128
0.043025665
0.034897685
0.050205424
0.038412686
0.047737077
0.048829444
0.057577696
0.04801818
0.054164495
0.048268873
0.059377138
0.053092457
0.05731262
0.050561197
0.055075184
0.05025482
0.047690164
0.040590905
0.058025602
0.046852235
0.047518376
0.06205552
0.060465623
0.056577735
0.06303319
0.042637814
0.052890074
0.04914177
0.051732454
0.054826
0.05721881
0.04185583
0.051938478
0.06008255
0.054545123
0.052758057
0.058628865
0.03756216
0.047511045
0.057466198
0.04878126
0.03591685
0.051100414
0.050163146
0.051405903
0.04190253
0.04431684
0.048209246
0.06156993
0.068229556
0.049777776
0.0445622
0.048842642
0.051171884
0.04927074
0.05514061
0.05966216
0.038011335
0.05724445
0.04279357
0.052723255
0.05817279
0.048945934
0.048401214
0.058759257
0.049853258
0.049270555
0.047893282
0.067015365
0.054685786
0.047578763
0.04858248
0.05405795
0.05622484
0.038634945
0.047436282
0.04734643
0.05876945
0.06094175
0.05146706
0.046475474
0.040827256
0.040581387
0.045645807
0.05013184
0.05479988
0.044378594
0.05124935
0.050470997
0.045931447
0.05667719
0.058852438
0.04821559
0.037952177
0.05025851
0.040873546
0.04417259
0.050855894
0.056145146
0.04742364
0.04706042
0.04524096
0.05148435
0.03693891
0.051622108
0.053937454
0.07222526
0.065497704
0.059393458
0.04393853
0.05007325
0.033221304
0.055228554
0.057623357
0.062446665
0.05562118
0.041644886
0.04181218
0.05584651
0.0383206
0.054829706
0.053337652
0.045415923
0.053543843
0.05232709
0.049482945
0.050464027
0.041955285
0.05487863
0.04675554
0.05424251
0.05253907
0.05655581
0.059401203
0.059178308
0.055624474
0.04654946
0.053426947
0.049272764
0.057090774
0.058364138
0.057321925
0.05645741
0.04928773
0.043025598
0.050660882
0.05750771
0.05524564
0.04867534
0.04985188
0.04327074
0.049881373
0.05434449
0.051995493
0.05832536
0.05274311
0.061031304
0.054579884
0.06398795
0.04511527
0.0688966
0.049765997
0.05318795
0.050643757
0.05131437
0.043138627
0.046386648
0.044698615
0.05950046
0.052152954
0.048891507
0.057031415
0.05406823
0.046421222
0.04845903
0.051834557
0.05027773
0.058602132
0.045921408
0.051879864
0.05142781
0.057010658
0.060328636
0.06426434
0.051151562
0.0661939
0.053017523
0.04424234
0.052683055
0.047905307
0.04297905
0.054837782
0.05678829
0.04893283
0.041233763
0.04720345
0.049306512
0.054545157
0.056097668
0.059466325
0.05070069
0.053192675
0.052129418
0.031355962
0.053281195
0.046796016
0.047565125
0.05586945
0.05550737
0.053848624
0.051178366
0.046778128
0.047384333
0.046718314
0.052963734
0.0588856
0.04722561
0.057149112
0.039818007
0.06930229
0.04702472
0.05091933
0.05407641
0.05503298
0.05260907
0.048609786
0.04836866
0.040498514
0.048658293
0.03985691
0.040913243
0.046840664
0.05405704
0.047987938
0.054169543
0.056819923
0.04970138
0.050268836
0.046970315
0.056104254
0.03989781
0.04436085
0.05294359
0.032831218
0.0502475
0.0457713
0.05351522
0.053319998
0.05606609
0.054438014
0.05729711
0.04539728
0.053960025
0.0522322
0.043389432
0.047483955
0.046147976
0.038797982
0.039960273
0.048482805
0.05769768
0.054259796
0.042421952
0.053270496
0.045480672
0.047580536
0.0489772
0.054156166
0.06994736
0.048546813
0.04282212
0.053201117
0.04719563
0.04323467
0.04051382
0.051668137
0.06191466
0.03856611
0.043755427
0.051172588
0.052721415
0.050788455
0.055753455
0.037633464
0.04731793
0.057613246
0.044554997
0.046404704
0.04703216
0.03405447
0.051505085
0.053252917
0.04779788
0.055937476
0.05341339
0.040910937
0.058809873
0.04207873
0.047877483
0.048222974
0.039424717
0.04882411
0.053012356
0.05295933
0.037347846
0.045804627
0.048780274
0.06052689
0.053542234
0.061514422
0.047981378
0.044399034
0.05866432
0.041754287
0.056806076
0.046074484
0.05215249
0.04739714
0.042736694
0.046932373
0.05051788
0.06285268
0.042444523
0.046261102
0.0437347
0.052068595
0.055828482
0.05418679
0.052109327
0.06341435
0.052137285
0.045027066
0.039511707
0.05712148
0.05515154
0.051458463
0.049468827
0.047862787
0.056523293
0.041280728
0.05131427
0.052648176
0.04177048
0.051091686
0.045852866
0.04967878
0.049748354
0.05083242
0.053393967
0.058891337
0.044325624
0.041176707
0.053628407
0.047789983
0.05881524
0.05495884
0.045912497
0.055943947
0.04743708
0.05750378
0.051118236
0.049181197
0.038880147
0.03850345
0.049045857
0.05433445
0.06465057
0.06018345
0.047679875
0.051143788
0.03904584
0.050927375
0.057167854
0.04890717
0.044296388
0.052092467
0.048601147
0.050056204
0.03806803
0.045942944
0.048201036
0.053416558
0.060775403
0.034891345
0.05458799
0.055786002
0.05093688
0.054198418
0.04852935
0.045800142
0.04390371
0.036748875
0.065229416
0.03444502
0.050983302
0.055578966
0.05544701
0.04740481
0.0439082
0.042402565
0.051830202
0.05236114
0.04956433
0.06061183
0.05305805
0.05355187
0.049694516
0.05229742
0.04768126
0.06319898
0.05411611
0.045534004
0.043236945
0.060949665
0.040934235
0.045372378
0.044362348
0.05358817
0.058135983
0.04701579
0.045979336
0.05338342
0.057491668
0.057107404
0.043331772
0.0457721
0.06253881
0.05016539
0.04292722
0.040060565
0.03529085
0.058375735
0.037847556
0.05896649
0.042730328
0.049619038
0.05242366
0.034381818
0.0533078
0.047295325
0.037269015
0.053672805
0.05536599
0.059362877
0.048449427
0.037634004
0.046389047
0.045603644
0.05880371
0.046117518
0.04580053
0.052727737
0.040802497
0.066835456
0.057983432
0.055212747
0.055565085
0.050984148
0.05051861
0.04741123
0.057722565
0.05061899
0.03521152
0.04456489
0.052553754
0.060952596
0.055702664
0.05294536
0.052821793
0.056610852
0.041399676
0.03619045
0.05249868
0.042072143
0.048707124
0.047079813
0.04914359
0.03980851
0.04645343
0.0572364
0.050077617
0.048738737
0.0431146
0.040964585
0.046910696
0.04885502
0.047694907
0.0450818
0.045607895
0.052303918
0.04666124
0.05695661
0.038873546
0.050284043
0.058869593
0.05077466
0.05114554
0.042312186
0.04804079
0.053521957
0.046301324
0.049822327
0.047121577
0.048011646
0.053600032
0.053571366
0.051362924
0.056237046
0.046873298
0.03912292
0.04997372
0.05428476
0.04735873
0.04784432
0.04834935
0.041449286
0.0585612
0.051174715
0.0545055
0.049903695
0.04463036
0.05356658
0.05556369
0.05084405
0.06017717
0.038631547
0.06072744
0.053790845
0.04814349
0.052768987
0.04912479
0.04894297
0.048361793
0.046089005
0.038025256
0.053852133
0.039121214
0.052725032
0.060579315
0.05909707
0.0485493
0.048914526
0.0536732
0.04090363
0.059737753
0.040894292
0.039313864
0.03818929
0.047362965
0.06552124
0.059504766
0.04802588
0.040761072
0.04916641
0.0519461
0.058313757
0.047423203
0.049219474
0.048779964
0.041186593
0.055375293
0.044181082
0.043375466
0.04488819
0.053486176
0.04692138
0.05370209
0.052497845
0.053682156
0.063593775
0.040955033
0.038971886
0.047792472
0.054335855
0.036640722
0.04307422
0.04475517
0.032187615
0.055901572
0.044963486
0.049552683
0.048216492
0.054632507
0.03890168
0.048211068
0.036614075
0.039192487
0.05137096
0.056509808
0.0456028
0.036033344
0.04431631
0.048857633
0.052813984
0.042201463
0.04578109
0.06259926
0.044021036
0.047723435
0.03832626
0.05898786
0.04792049
0.04702185
0.06339538
0.05960063
0.02978314
0.05337437
0.065199256
0.053888768
0.037232738
0.04378819
0.05182895
0.04975933
0.047418233
0.053396124
0.04666701
0.046839666
0.038655777
0.04987357
0.049811628
0.049589522
0.060106922
0.047973648
0.05985353
0.038829703
0.05317303
0.046159554
0.043668024
0.057909396
0.04732396
0.050366033
0.035054225
0.05410307
0.03934419
0.051819522
0.04523383
0.06357932
0.047526103
0.052956913
0.043078914
0.042489942
0.03811703
0.029512495
0.050544776
0.063253544
0.04482303
0.046595436
0.054848596
0.05102957
0.038369354
0.05299372
0.045760695
0.04958123
0.060424075
0.053791888
0.049327515
0.044085864
0.053399023
0.0523139
0.047224864
0.040809046
0.04352346
0.042968154
0.054999333
0.047546078
0.05226421
0.05784351
0.038271874
0.038235392
0.053627074
0.061119463
0.045064677
0.052152663
0.047760114
0.04595906
0.051431958
0.04935762
0.048873845
0.04494449
0.052250884
0.046721485
0.040663276
0.05414851
0.055195987
0.06158583
0.04563523
0.044633236
0.055029433
0.049885176
0.04811606
0.039836053
0.052286565
0.057297837
0.04923966
0.043058336
0.04170123
0.06353051
0.056645114
0.045876585
0.05569115
0.047875166
0.047839105
0.051238794
0.043761127
0.052586347
0.055472326
0.050435077
0.038309745
0.04638411
0.04814862
0.052151434
0.04368656
0.051209018
0.05111801
0.046916682
0.050810333
0.05347716
0.039222986
0.04906459
0.051628068
0.051277462
0.042216137
0.04508945
0.05706924
0.048837863
0.050218657
0.05418465
0.050866738
0.03827653
0.041874766
0.054248367
0.04627508
0.041304994
0.035331473
0.039437313
0.050800942
0.053658843
0.046513453
0.060196307
0.04940755
0.046802703
0.051133607
0.059828084
0.041705646
0.040773094
0.052004028
0.051551197
0.054143704
0.053186797
0.038632605
0.05166318
0.04731501
0.035970047
0.040443696
0.050574537
0.05921029
0.05009183
0.043502454
0.043888956
0.04851358
0.034074545
0.049063016
0.05006152
0.047142785
0.03780592
0.04945087
0.040653545
0.042912275
0.047433786
0.05651428
0.047900844
0.046805963
0.047742106
0.044759475
0.045261115
0.050295524
0.05367826
0.047204245
0.041838575
0.039726056
0.039500333
0.043345165
0.05004925
0.06500552
0.055570144
0.04713808
0.04356916
0.05554666
0.04949227
0.055716988
0.05903753
0.044626765
0.04329846
0.049040064
0.04835705
0.051093813
0.046697456
0.04777813
0.05035871
0.062602535
0.03843499
0.046059627
0.04893887
0.030178582
0.036174215
0.043675117
0.0657359
0.04508452
0.056565974
0.053958315
0.056945648
0.047102094
0.06015162
0.05104872
0.06336016
0.052987747
0.06827008
0.05103826
0.04873399
0.056918375
0.05024561
0.049183194
0.053148896
0.04515468
0.0600701
0.04956801
0.047932927
0.05708041
0.041924257
0.042822946
0.06531706
0.034959838
0.044197828
0.0496635
0.057003863
0.052158765
0.052341256
0.049915634
0.055103175
0.04959592
0.04780167
0.058142487
0.04957747
0.04193412
0.032472104
0.04593256
0.04686657
0.048649244
0.061339468
0.052480478
0.042261183
0.04219681
0.041031376
0.053711835
0.048117973
0.04579813
0.053005986
0.0521158
0.040190972
0.057612617
0.03832441
0.053135104
0.039203085
0.050504074
0.052969214
0.04306901
0.05248982
0.052364916
0.055653848
0.045710582
0.05278058
0.047581993
0.035162166
0.03940419
0.050069243
0.060443256
0.048380267
0.04540434
0.052693617
0.06270905
0.051540468
0.046293188
0.057755817
0.043011483
0.034506634
0.047803376
0.051709097
0.039053652
0.045463253
0.04541972
0.048141297
0.053822275
0.055361617
0.052393407
0.0528669
0.05269189
0.038774777
0.03186488
0.044902258
0.050993
0.06640874
0.04748
0.046550162
0.048826527
0.053944327
0.04289626
0.046458803
0.03374795
0.05028426
0.04350562
0.05159825
0.04353663
0.042160347
0.045079444
0.046386924
0.04331295
0.05027349
0.04215859
0.048038177
0.051213015
0.04088076
0.045465704
0.047862582
0.046604156
0.051584024
0.046508987
0.047381293
0.038268205
0.04864897
0.035992987
0.057279218
0.045921456
0.043908894
0.054726258
0.055937883
0.043383714
0.042146385
0.054245945
0.052891206
0.05980208
0.054032043
0.053276878
0.050290864
0.032725777
0.046100117
0.038573075
0.0372904
0.041907113
0.06039918
0.05024607
0.054647855
0.05024927
0.053569693
0.054540202
0.046691783
0.035592142
0.039099015
0.046450946
0.048399165
0.046424016
0.045033388
0.040961068
0.04620433
0.04800727
0.039330695
0.051714446
0.053845126
0.054587435
0.046593662
0.044472776
0.04989853
0.043206606
0.053296868
0.03970486
0.04673661
0.038542565
0.039452225
0.04152901
0.041713983
0.032887433
0.050895166
0.0599122
0.04453585
0.048215173
0.04948529
0.05268858
0.033975042
0.040687926
0.04388421
0.045556948
0.046421807
0.040814623
0.04320741
0.0392121
0.048280492
0.04543872
0.049164034
0.041658122
0.043699622
0.04931547
0.042458866
0.046928253
0.057046283
0.0428664
0.057097632
0.044713337
0.0417977
0.048412994
0.03270042
0.05008073
0.044525493
0.061322704
0.037877902
0.04382669
0.03850782
0.05337006
0.04342412
0.054888375
0.049457584
0.048630103
0.045237593
0.054554775
0.045339845
0.05516351
0.051058885
0.04141355
0.04573269
0.044460103
0.048437137
0.046171382
0.04223026
0.03781793
0.04994454
0.055717368
0.05872965
0.05615288
0.041067727
0.040366877
0.051060826
0.046010803
0.05627799
0.056542907
0.04731358
0.051016703
0.060210228
0.053246144
0.049751777
0.033647683
0.052725013
0.04414416
0.049409214
0.052144017
0.041127723
0.042505633
0.029334702
0.050087996
0.049276203
0.045805454
0.054808028
0.04440929
0.047204774
0.047228314
0.048877805
0.038836185
0.057911783
0.064110056
0.053432785
0.04087786
0.047037464
0.049086478
0.038187563
0.04963521
0.04749585
0.048915002
0.050119463
0.053528585
0.05098567
0.05005362
0.055064585
0.05756546
0.044069223
0.04090925
0.042141013
0.048201818
0.06329926
0.043171164
0.04631214
0.048862297
0.053321425
0.04760106
0.04326552
0.037687957
0.06436619
0.055465978
0.047513504
0.049310617
0.035147224
0.045155305
0.050846133
0.043605216
0.047418565
0.04162991
0.044749133
0.048548445
0.04027379
0.050323404
0.047561266
0.043246347
0.051948607
0.05198892
0.04330012
0.04777331
0.062716596
0.047980037
0.052222043
0.05332431
0.05813511
0.045192976
0.048197027
0.037979253
0.035865385
0.047341418
0.050328266
0.04631508
0.046362057
0.03619324
0.064820595
0.043366168
0.045035135
0.04654301
0.047361787
0.04576741
0.041381683
0.04799832
0.050116565
0.042357355
0.048132956
0.058712374
0.04390917
0.051254317
0.042409685
0.045911327
0.04950159
0.045841776
0.04309517
0.049684376
0.047892865
0.054215305
0.045994647
0.047846533
0.045733918
0.045059007
0.04756996
0.03913944
0.046157137
0.04348905
0.043885108
0.04613862
0.054237075
0.046337854
0.044777576
0.060804553
0.042134084
0.048220214
0.05774023
0.041073445
0.04551804
0.03736638
0.046152942
0.054822706
0.036953956
0.0542078
0.04672402
0.042596284
0.03881788
0.055001248
0.045129262
0.050799143
0.049381588
0.044201158
0.04330264
0.026265284
0.04937275
0.047517464
0.03765459
0.040384974
0.04766421
0.059787944
0.04817466
0.03593832
0.039973054
0.050799508
0.0510837
0.055370204
0.04141378
0.044275623
0.045518387
0.047905356
0.044128913
0.039743006
0.049661417
0.040461186
0.046571784
0.04601152
0.04263923
0.0494805
0.053122807
0.052578818
0.05140021
0.0600492
0.041233454
0.044036
0.043254644
0.05542567
0.04991918
0.053625476
0.048026174
0.05297424
0.04128148
0.034042638
0.047811702
0.0509599
0.039696142
0.046874568
0.041375834
0.052928783
0.05041872
0.051213514
0.037239388
0.062478703
0.04751112
0.045141913
0.037515055
0.045666106
0.052910067
0.04970187
0.051893808
0.047864735
0.0468733
0.055566635
0.054115113
0.04121561
0.053717073
0.051859483
0.046594348
0.0344422
0.048952796
0.061822932
0.044180408
0.052819908
0.0548247
0.05568299
0.045675248
0.057009757
0.046445504
0.043521706
0.05141637
0.050290104
0.050041083
0.049003165
0.04345599
0.05086221
0.049944334
0.053046357
0.05184114
0.05166874
0.044582088
0.043106608
0.03709925
0.046328846
0.046316702
0.04125793
0.04641966
0.050020304
0.04537159
0.052335873
0.05678021
0.055818215
0.05440558
0.05092216
0.042846408
0.050944857
0.036198076
0.04851357
0.047461852
0.04544426
0.044997066
0.042026483
0.040579364
0.03614325
0.038772713
0.041620333
0.037100684
0.05260629
0.045393616
0.04623016
0.04530872
0.04469947
0.05109831
0.05156264
0.06270067
0.03821721
0.045061905
0.040497527
0.043200057
0.04401786
0.04594967
0.041947782
0.04697527
0.0483854
0.04504823
0.045440037
0.042751282
0.05543715
0.052637838
0.05995924
0.040810335
0.056757692
0.05984225
0.030917305
0.052549813
0.04323403
0.04386648
0.04638726
0.055778913
0.039649267
0.034329165
0.041673638
0.05431077
0.035301358
0.055163346
0.056453027
0.05657725
0.04641796
0.04235577
0.04561832
0.040995948
0.029944649
0.040344976
0.05388017
0.03111383
0.03577958
0.040318303
0.047300983
0.04120596
0.04935223
0.038855713
0.043290045
0.060858358
0.038781162
0.041150853
0.051703416
0.051167782
0.039461676
0.052044302
0.040063847
0.056893922
0.04274279
0.047878746
0.054262403
0.03801215
0.052641556
0.05948992
0.048791513
0.04450654
0.045591477
0.04304994
0.049535606
0.049342692
0.029331619
0.056990664
0.04165759
0.04195259
0.04516753
0.047562715
0.03919107
0.04589345
0.045838866
0.0361475
0.039732274
0.040200956
0.055465993
0.055114035
0.060563866
0.04114138
0.054362673
0.04015377
0.0473088
0.051680777
0.04816393
0.05241436
0.057335187
0.041672528
0.03972415
0.0517215
0.05378732
0.049525563
0.050312813
0.049645577
0.040780157
0.042416733
0.049148045
0.041294493
0.05182583
0.049921166
0.036034472
0.054071084
0.05693896
0.046454195
0.044084825
0.041736953
0.03916188
0.055468816
0.05212131
0.048455305
0.030158043
0.04893356
0.040699996
0.054549236
0.040600218
0.06030243
0.058696177
0.044634026
0.040112108
0.042792186
0.047457386
0.04795089
0.053292166
0.04218977
0.061986543
0.038823552
0.044602465
0.041963376
0.03736181
0.048577864
0.050137736
0.054973926
0.0471916
0.040261284
0.047943294
0.03617579
0.04175145
0.032624684
0.06606963
0.05884369
0.042139716
0.048177015
0.057585057
0.040287945
0.055186465
0.053554624
0.04322354
0.038009748
0.045362324
0.040505927
0.050548624
0.044416156
0.05222158
0.039537106
0.038450643
0.05647785
0.057118844
0.045688827
0.044779878
0.05081179
0.043162405
0.047539722
0.042955894
0.059756007
0.060925588
0.05181244
0.05380604
0.036271397
0.04046227
0.045390125
0.04040678
0.05378558
0.046207614
0.04160747
0.042298745
0.050031822
0.057780743
0.046011366
0.04269823
0.043157205
0.04606576
0.044072803
0.054685302
0.03377593
0.04801679
0.04919306
0.037910685
0.04993059
0.04201575
0.04935331
0.05135042
0.055856764
0.046860613
0.032748815
0.053278353
0.05312193
0.044725608
0.04213519
0.048425723
0.036120504
0.059380095
0.049452305
0.03672257
0.03637472
0.05043886
0.054519434
0.05064114
0.040470105
0.04857223
0.045199133
0.043719634
0.0422709
0.04391055
0.045916103
0.048498973
0.033864085
0.047990456
0.04182618
0.05064606
0.05234091
0.054099496
0.04158282
0.047380336
0.041370273
0.044269513
0.05252881
0.045348793
0.034085102
0.0555358
0.038744006
0.042384755
0.04704007
0.03694959
0.05132743
0.037036378
0.045328528
0.037077688
0.04535269
0.047267217
0.053167403
0.032075554
0.047380853
0.047113847
0.05693301
0.046900585
0.052092195
0.05263542
0.04599203
0.054981805
0.04870936
0.043385614
0.051808573
0.046194997
0.060221672
0.049155075
0.06677921
0.04330072
0.04276765
0.046971258
0.051196113
0.046537895
0.049419414
0.045213696
0.03987182
0.04729086
0.05157422
0.043943547
0.04954358
0.039107572
0.046039965
0.03643923
0.046944547
0.047956914
0.04933497
0.041788522
0.040737305
0.04623921
0.047431357
0.05168625
0.04251273
0.043574307
0.049400933
0.05579647
0.05080447
0.035911214
0.033159908
0.050297122
0.050047137
0.045067698
0.04965589
0.04842528
0.045975346
0.04153826
0.05264051
0.03632419
0.061889563
0.04025027
0.046926424
0.057254862
0.03827563
0.05213185
0.044924352
0.05225691
0.036617856
0.04083122
0.049939968
0.03956218
0.04975539
0.061983477
0.060880486
0.04552093
0.046065826
0.03374957
0.05597767
0.050564766
0.051790617
0.035441265
0.04694784
0.036395557
0.040355846
0.04652902
0.05960098
0.05656216
0.049808502
0.048416257
0.04325933
0.05056048
0.03788309
0.045818485
0.042521868
0.034900602
0.05109733
0.046005912
0.04675172
0.0382716
0.04512955
0.046766076
0.04422086
0.04785596
0.05218052
0.050369382
0.044592813
0.05210719
0.050001267
0.05413826
0.035984408
0.056331508
0.053408287
0.046960883
0.04490077
0.04587966
0.040585045
0.041350182
0.053875264
0.052923456
0.03297203
0.049532235
0.05123633
0.03619783
0.055644367
0.039079502
0.04871908
0.041337874
0.048363082
0.05032778
0.045105904
0.047283534
0.043628946
0.05289386
0.037254583
0.04330708
0.057447486
0.04404128
0.049457278
0.04616026
0.045681104
0.050860588
0.050741587
0.043268293
0.051913433
0.03922725
0.0533729
0.042031154
0.053357188
0.043285888
0.045121867
0.03798204
0.037917778
0.044832606
0.053757757
0.050350234
0.052394614
0.030302709
0.050250106
0.047752276
0.054488767
0.05124551
0.04730519
0.054093998
0.05292901
0.038255997
0.05714006
0.04492674
0.044012256
0.04902713
0.045492146
0.04291718
0.043701407
0.054383773
0.04641606
0.053417843
0.04641432
0.04667784
0.051666386
0.052813463
0.037883103
0.041505244
0.046325967
0.052008085
0.05174497
0.03765263
0.048226852
0.051467467
0.0595679
0.051049855
0.035447232
0.0421521
0.047845036
0.05010653
0.047658853
0.04999584
0.038103733
0.045780443
0.037325446
0.046651576
0.050704077
0.05583897
0.038849052
0.045287017
0.055603042
0.04688806
0.037407983
0.052543227
0.035381388
0.048126083
0.042546462
0.050136477
0.05378077
0.06048459
0.05383451
0.045143716
0.044720512
0.051897652
0.05487092
0.04377479
0.047032777
0.033141118
0.049851324
0.049698416
0.062195215
0.04139617
0.042851433
0.036152173
0.032710806
0.036336385
0.05313316
0.04890951
0.04049474
0.042507574
0.044852607
0.040620476
0.037135933
0.042806122
0.044903196
0.04885013
0.05103014
0.045017727
0.02952475
0.05140209
0.046804644
0.039673958
0.032813117
0.044537958
0.049034722
0.046807937
0.052953456
0.045752577
0.0408463
0.057056174
0.050904844
0.04746428
0.03768193
0.04794559
0.058182348
0.055944838
0.050839953
0.04981756
0.05703008
0.04431751
0.060271494
0.041521113
0.055946853
0.0441255
0.04354546
0.043296855
0.034979757
0.04582959
0.04395959
0.04067507
0.05056743
0.050572436
0.059462763
0.05504634
0.04282181
0.048901115
0.04367011
0.04711497
0.05215795
0.05206968
0.04183279
0.062983096
0.044373635
0.051983804
0.037298247
0.048737418
0.046039637
0.055349104
0.045359652
0.05123205
0.05176727
0.04043567
0.04627386
0.05116448
0.04920112
0.042335555
0.05702731
0.05202181
0.040322255
0.051260028
0.044008326
0.042355362
0.045979742
0.046949774
0.05164816
0.043581035
0.06092056
0.040158764
0.051549334
0.045163497
0.046476614
0.03589042
0.037876036
0.051418472
0.049133632
0.04008065
0.04794903
0.04780542
0.045235615
0.04776859
0.038116544
0.04737226
0.04596891
0.04683292
0.04357682
0.05656757
0.03883665
0.042658724
0.05366576
0.05299524
0.0389736
0.04379556
0.049994826
0.052462447
0.044606235
0.05448173
0.04768018
0.042963747
0.045401413
0.028625788
0.035825208
0.04753262
0.050295103
0.04463009
0.042852085
0.043694124
0.04322894
0.046984013
0.054269463
0.043949753
0.044387843
0.04875963
0.04112779
0.05386476
0.036495365
0.045542605
0.052708905
0.043480914
0.03433349
0.050738674
0.03533922
0.04287019
0.03929559
0.05282789
0.035379462
0.054069865
0.04589489
0.05247087
0.04385176
0.046773612
0.04744345
0.05610721
0.0348416
0.05224439
0.03580513
0.045670014
0.040534813
0.03902164
0.05908821
0.04468736
0.049899798
0.03945149
0.0398213
0.042812005
0.04962742
0.05004751
0.03364046
0.04618397
0.049325343
0.048907
0.05349232
0.050395854
0.045701522
0.042341888
0.043987293
0.04556224
0.055055354
0.044633042
0.045798518
0.046448942
0.043919455
0.044501998
0.045710936
0.035937946
0.035922926
0.040670246
0.050439443
0.05382932
0.03624335
0.039687715
0.044215154
0.04607446
0.04879167
0.037195563
0.040762253
0.04591938
0.0508071
0.043557722
0.054662388
0.04015069
0.056741454
0.0418355
0.045164518
0.053114817
0.036941536
0.044193417
0.04347866
0.04700345
0.057289995
0.041369263
0.042862944
0.043365
0.044523608
0.04281467
0.037127405
0.053562567
0.050403297
0.05392319
0.04651019
0.05820778
0.046175074
0.055013116
0.033075996
0.052017383
0.047884632
0.047933485
0.054268647
0.055505183
0.038494885
0.03938329
0.0440474
0.036068432
0.050816208
0.038537662
0.06029749
0.048637714
0.038568154
0.051681805
0.05287347
0.03878614
0.053727094
0.048161298
0.05680639
0.04549973
0.035408325
0.05675127
0.039617587
0.05058182
0.053008
0.051023677
0.044945817
0.03560082
0.052538402
0.045979008
0.052571446
0.04634992
0.050622102
0.04469644
0.049194116
0.050570324
0.03599423
0.04837465
0.050070897
0.05106374
0.04581773
0.04697873
0.030465234
0.04436383
0.041759938
0.054433983
0.03289339
0.055990055
0.05601414
0.03956153
0.047448717
0.043403145
0.050676603
0.044123583
0.053557537
0.04575802
0.0426234
0.046814043
0.039453004
0.049631983
0.051436536
0.053151436
0.048171494
0.045561522
0.043338437
0.04503889
0.042719357
0.04025165
0.05394394
0.044907533
0.045346387
0.053373586
0.036970843
0.047484674
0.03961604
0.053009816
0.049007263
0.03655003
0.04333834
0.04799688
0.049584407
0.049914405
0.05826804
0.049699225
0.04707705
0.031592034
0.046032753
0.04891263
0.03719623
0.05090231
0.045868285
0.04388364
0.051005404
0.04779091
0.0414099
0.0426575
0.036937766
0.038518336
0.042252675
0.046356782
0.054133918
0.049871564
0.03811426
0.030656405
0.040671058
0.04958105
0.0489556
0.04561711
0.052421656
0.051779635
0.03598043
0.03564667
0.042844746
0.042910434
0.0481625
0.04705371
0.040990774
0.04722342
0.04904622
0.050854016
0.027850673
0.05433653
0.048786234
0.045422524
0.043371197
0.05146245
0.052462958
0.049651973
0.042349264
0.053508107
0.03815381
0.049230773
0.03546046
0.050653506
0.040627256
0.046545096
0.042018216
0.051961843
0.05108433
0.051041644
0.0456492
0.049995925
0.036057733
0.049851075
0.054063644
0.045738716
0.039754428
0.043742206
0.046890035
0.051844824
0.03800725
0.04156533
0.042935237
0.05239767
0.044824883
0.045795277
0.049655937
0.06361434
0.043582976
0.06254073
0.051191248
0.04064958
0.046321157
0.047796506
0.047394335
0.03905724
0.039778844
0.052176278
0.043449935
0.04070633
0.037372407
0.057294708
0.043078296
0.052493464
0.037910644
0.047530524
0.052012026
0.045119204
0.046651497
0.04822306
0.038414862
0.038132347
0.040726364
0.046839163
0.04675031
0.03975567
0.050827608
0.04146799
0.045896176
0.050479162
0.035527255
0.059024114
0.0418964
0.057407342
0.04795336
0.050651506
0.04390295
0.058805544
0.053867914
0.044822957
0.046184655
0.055648997
0.04314866
0.051764756
0.040367495
0.051855303
0.04693401
0.05590687
0.050583594
0.04436895
0.04483917
0.048749935
0.05061891
0.049269125
0.0400485
0.048712127
0.04249364
0.03192001
0.042605482
0.05353826
0.052010704
0.049487457
0.038009454
0.037008736
0.05902056
0.051247697
0.04657119
0.051582262
0.05165975
0.042621385
0.04611186
0.041769072
0.051245786
0.0499327
0.038551413
