0.5134997
0.16905858
0.108360104
0.052620023
0.056752365
0.0497883
0.05121597
0.049091727
0.06490693
0.043691006
0.03957995
0.053692814
0.04849574
0.051782865
0.048996814
0.056922093
0.05506826
0.04414516
0.0398343
0.053575423
0.051727854
0.042310517
0.055679265
0.061398916
0.044557337
0.055445876
0.043589108
0.04577283
0.03451591
0.057444397
0.05701635
0.042066332
0.04880064
0.04872255
0.03990265
0.046220854
0.04586094
0.06273393
0.047715746
0.047955453
0.057675757
0.051504955
0.051482707
0.046049014
0.055310823
0.041717537
0.034737658
0.05863228
0.054848686
0.047453854
0.05617908
0.045922823
0.044768024
0.0581729
0.0627518
0.052273422
0.05429849
0.043993983
0.051789466
0.058147706
0.049500197
0.061472952
0.058049046
0.04287152
0.058923386
0.04631009
0.050379213
0.047620106
0.04980243
0.04107659
0.06390519
0.05829828
0.033675786
0.043946605
0.052101742
0.048949666
0.045813516
0.04459518
0.049667213
0.049342155
0.05576327
0.048046425
0.041646272
0.053580932
0.044661127
0.05124342
0.046651557
0.04270406
0.05357896
0.05578856
0.04761476
0.045063652
0.055123176
0.049720395
0.05625281
0.054421287
0.04157048
0.05593072
0.061872505
0.04959026
0.04396972
0.038789783
0.059362337
0.045522597
0.047448844
0.050470613
0.058044326
0.043579716
0.045442577
0.050324846
0.053543285
0.05016308
0.039402917
0.05155608
0.04537711
0.049096573
0.0450048
0.043053817
0.048628464
0.037654776
0.046296917
0.05138724
0.055531852
0.04597035
0.04281177
0.038189538
0.05757519
0.049055696
0.042747263
0.056140125
0.040798943
0.045229647
0.054557018
0.05227946
0.04845448
0.061189108
0.052599363
0.04439872
0.045047376
0.041260064
0.055273533
0.043825686
0.054704387
0.051579103
0.046461947
0.050036903
0.0554381
0.057891365
0.037768032
0.04986678
0.0522386
0.055462565
0.04636813
0.060504705
0.041347988
0.050672434
0.060553182
0.041367307
0.04482168
0.04596624
0.04207579
0.06300479
0.049644534
0.0479149
0.054207943
0.052041627
0.058667615
0.064294025
0.055808477
0.061570805
0.038506225
0.04755928
0.05050371
0.048385497
0.06311489
0.04788361
0.044431478
0.05137232
0.055108994
0.05537562
0.060144857
0.052718177
0.056035247
0.04093772
0.046483904
0.053881176
0.047981262
0.045141455
0.044140346
0.045318298
0.050326124
0.052734632
0.045403544
0.04521398
0.055030927
0.05429032
0.06398847
0.058511533
0.054334592
0.044395734
0.04886805
0.04518673
0.042491633
0.03915837
0.05382829
0.061497327
0.056926932
0.04362422
0.04959427
0.041453425
0.05337902
0.049086016
0.045893926
0.047849156
0.06344855
0.04521292
0.03896353
0.04570272
0.055217247
0.054041862
0.048015937
0.04216392
0.05100367
0.04299082
0.057143405
0.06579323
0.05386645
0.04044899
0.044164926
0.045056734
0.06850258
0.056535926
0.05272884
0.04323819
0.053728145
0.057743266
0.051476497
0.045482807
0.048358936
0.046735205
0.051370095
0.04518837
0.049219582
0.05608867
0.044466775
0.057461485
0.046712425
0.041088708
0.050174523
0.04764152
0.03465975
0.04765771
0.0462273
0.04420491
0.0486023
0.03754162
0.053261034
0.04720046
0.054593813
0.06108846
0.056571096
0.04465167
0.050470352
0.049654208
0.038141277
0.0492959
0.044753354
0.057188176
0.04868322
0.049188033
0.042468704
0.05524657
0.0527361
0.04727769
0.03263332
0.064134315
0.057162795
0.056856513
0.044313204
0.055961527
0.043437712
0.04403965
0.042540155
0.039537262
0.056512743
0.054181024
0.045082934
0.046215426
0.04278727
0.0348921
0.060904305
0.053886134
0.039804135
0.044637326
0.04262116
0.053182498
0.060982876
0.044017658
0.05137626
0.067847595
0.05252994
0.04142697
0.046280768
0.054117434
0.053585537
0.05060349
0.048946913
0.050263975
0.046850353
0.05316695
0.059434738
0.046687547
0.053677738
0.057630472
0.04850264
0.05257966
0.0567366
0.047580883
0.041490387
0.05809952
0.05461697
0.043213826
0.0524504
0.05099995
0.047566026
0.045932095
0.046439428
0.04124043
0.05576472
0.034688774
0.0520973
0.048779566
0.04702534
0.044439845
0.044991534
0.060560398
0.04761934
0.047738247
0.053671204
0.045353238
0.040321164
0.037291463
0.05958479
0.059751194
0.05767078
0.059159014
0.038835093
0.046936974
0.04520914
0.048071787
0.046684757
0.044688415
0.053416833
0.04455229
0.048008416
0.0394621
0.052898765
0.04469245
0.046506986
0.043865625
0.06302897
0.044362247
0.04988324
0.048530944
0.06030966
0.053341817
0.042544663
0.060708582
0.044731643
0.05009433
0.055773642
0.04964503
0.05713808
0.056843415
0.060355615
0.04388421
0.042611204
0.055063598
0.060636107
0.045830548
0.050920486
0.04789338
0.043434966
0.046769444
0.040087868
0.05273081
0.037080575
0.040653504
0.050664574
0.040804245
0.056167636
0.051592596
0.048114225
0.045666505
0.045493554
0.036844358
0.05346818
0.043923013
0.052724425
0.05421613
0.052471288
0.034644056
0.045799468
0.055759005
0.045249015
0.066508204
0.049359165
0.035774235
0.0591021
0.057430707
0.03327923
0.051517133
0.0353645
0.042916395
0.059941832
0.049189672
0.042833965
0.06335444
0.048214454
0.059618365
0.05923883
0.050632298
0.049388662
0.045260213
0.057989307
0.059555423
0.040594682
0.0618498
0.053810686
0.04360304
0.041860085
0.04639686
0.0514572
0.03567958
0.045935065
0.05724041
0.042922847
0.047967557
0.053744152
0.05248326
0.047931153
0.045398172
0.04015402
0.048516255
0.050176505
0.04011992
0.048048474
0.044209156
0.046727367
0.03736906
0.061369427
0.044045404
0.04429506
0.047819734
0.04530512
0.042949535
0.049987886
0.05853292
0.045430887
0.055836577
0.045298513
0.050239697
0.052031487
0.043831475
0.055835508
0.04864533
0.049026728
0.05500509
0.053490628
0.039774813
0.060058616
0.04040259
0.04303622
0.05056146
0.054472856
0.036363274
0.052986097
0.04957251
0.038442392
0.043411452
0.054214537
0.068616405
0.036429238
0.052660957
0.04608229
0.04689359
0.042075675
0.0451691
0.04101846
0.05611228
0.053560354
0.046349622
0.046734937
0.044662304
0.047787946
0.0623413
0.05383379
0.050038848
0.04180762
0.06425397
0.03895915
0.050809607
0.058119185
0.041418534
0.054223508
0.04734001
0.06307432
0.04428691
0.048097234
0.056079943
0.052019656
0.054063544
0.0476032
0.050115194
0.046974037
0.03796195
0.04313733
0.057293154
0.03995499
0.04496577
0.053687096
0.05125734
0.044283867
0.048974205
0.040213358
0.051515028
0.046850547
0.054989792
0.051890902
0.04535441
0.04517725
0.05411386
0.037871532
0.051636882
0.047033958
0.04439209
0.051827602
0.04126943
0.051067125
0.043239143
0.04627988
0.04525832
0.043353856
0.053648558
0.051087435
0.035670493
0.044261016
0.061935272
0.044929598
0.044452675
0.045286004
0.045134563
0.053658396
0.052207083
0.044868942
0.041098576
0.060251467
0.04885168
0.04352342
0.043080065
0.046443973
0.052073907
0.055317454
0.058284786
0.04826543
0.032979995
0.05836185
0.052881762
0.053600147
0.04098638
0.058464613
0.047292907
0.046925176
0.044728946
0.04777285
0.05130645
0.03753655
0.05019898
0.043525975
0.061231613
0.05820528
0.06352092
0.06258542
0.034500122
0.047269795
0.049940042
0.041168474
0.046781227
0.036060814
0.042439394
0.05623042
0.05508652
0.043684572
0.043207034
0.046401717
0.058753587
0.051778287
0.048484158
0.04510677
0.05115612
0.044788983
0.043005954
0.051837042
0.04554923
0.042490993
0.047950756
0.042594306
0.043504495
0.03828567
0.040142782
0.03650304
0.05662998
0.050833132
0.04151741
0.04308909
0.046536468
0.053427145
0.051405407
0.054765485
0.045842275
0.04013049
0.057131764
0.038450234
0.05291774
0.03647788
0.053010505
0.035770226
0.04954463
0.05399172
0.041203137
0.045057736
0.047054373
0.04719241
0.04942138
0.04557087
0.05573538
0.04796337
0.048397884
0.05215703
0.043882534
0.04504462
0.05762144
0.051694576
0.06562474
0.05733336
0.05433165
0.043705065
0.05948046
0.050644528
0.035428543
0.043682203
0.051222757
0.051804233
0.0471553
0.04655274
0.054832384
0.04535907
0.056525506
0.045921426
0.045519542
0.055644386
0.054055814
0.05521332
0.04571328
0.036702383
0.057484537
0.041757323
0.050138406
0.05400582
0.051840737
0.046175383
0.06719873
0.04959226
0.04051949
0.03421715
0.051488686
0.03398035
0.05446808
0.0427788
0.059321772
0.050469454
0.057315562
0.039344568
0.04770806
0.053262275
0.0537145
0.050761715
0.05280697
0.044146247
0.05916177
0.038472455
0.062572464
0.044850472
0.054431364
0.05665349
0.04744599
0.04265791
0.046619497
0.04844041
0.04472619
0.05307905
0.040452566
0.04999956
0.046426985
0.054018747
0.04734944
0.054509073
0.04975115
0.044547744
0.04747327
0.052269652
0.039489526
0.04792965
0.049025584
0.05450684
0.052615147
0.04680602
0.042832542
0.056355365
0.047100898
0.05051554
0.049870364
0.046256714
0.0646021
0.041884433
0.062300313
0.045903005
0.054708965
0.039235458
0.04995848
0.053706232
0.05685907
0.04642837
0.043007586
0.039083447
0.053311672
0.03720162
0.0535048
0.0553358
0.04699544
0.05413595
0.04831801
0.04372422
0.055284914
0.05004772
0.052076034
0.051941372
0.046531502
0.040369295
0.05013503
0.041475225
0.055923287
0.04794368
0.057344742
0.04731505
0.046885032
0.0587802
0.057229258
0.048374824
0.035741493
0.04856779
0.05018012
0.046160825
0.05212925
0.051883217
0.059316535
0.036269274
0.046066094
0.05766952
0.053933106
0.046207707
0.06038922
0.053202134
0.0468957
0.042612724
0.04417529
0.04886603
0.042734545
0.041025158
0.054824702
0.042324074
0.046471916
0.05817269
0.04096202
0.06279249
0.042432737
0.040377095
0.04999733
0.043435395
0.040744543
0.050415684
0.0490593
0.048384074
0.04770653
0.06118847
0.06274607
0.0439505
0.0381477
0.051480565
0.047009226
0.042862576
0.051509824
0.042555537
0.03763791
0.05509012
0.039926242
0.038154412
0.050465584
0.044251632
0.04884464
0.04695055
0.049788855
0.047705837
0.047812197
0.046716787
0.044307612
0.051673997
0.05013758
0.05508454
0.056016803
0.044921342
0.05802138
0.043990422
0.04843783
0.04613439
0.041937083
0.04183715
0.044707328
0.049997427
0.059565507
0.049930274
0.0511519
0.042010557
0.04943281
0.04633756
0.04867661
0.045215927
0.046828657
0.055222835
0.04557469
0.044351965
0.052117918
0.044831336
0.04517908
0.03259702
0.06223427
0.044215273
0.055488672
0.042338908
0.048325468
0.037302114
0.050303567
0.056157675
0.051660918
0.060336687
0.045896474
0.048535697
0.056073923
0.04629721
0.05090234
0.050037995
0.04980398
0.04835794
0.050946403
0.051463168
0.049406566
0.049340438
0.05003968
0.044334255
0.04182936
0.04865178
0.05051545
0.05651694
0.041661803
0.05811734
0.0505554
0.051264573
0.0607324
0.046180625
0.0484455
0.03495926
0.040702734
0.052000687
0.040401552
0.04958972
0.05995986
0.04460399
0.05098871
0.04871585
0.047270674
0.055431888
0.06375594
0.054605976
0.05654011
0.040713236
0.04725787
0.043205306
0.053380333
0.04728766
0.029842218
0.051493634
0.044957373
0.046204325
0.043404575
0.054809418
0.04350726
0.042975586
0.047083713
0.05274158
0.057802647
0.05005851
0.05029091
0.049895998
0.034751806
0.043737732
0.058463227
0.05662458
0.048187014
0.048054297
0.04297088
0.049498815
0.04505392
0.039497275
0.044560116
0.044049215
0.056402143
0.04719348
0.054012083
0.054607153
0.043681245
0.041839007
0.058487352
0.034429356
0.046341028
0.045464985
0.051470466
0.04701712
0.032669216
0.04978574
0.040475447
0.05758799
0.049811944
0.047785755
0.052593824
0.054270484
0.043695837
0.045168586
0.048841387
0.050721314
0.04132359
0.052696116
0.04609456
0.058697917
0.057255365
0.055205584
0.036414407
0.046338208
0.055945583
0.060313754
0.054850172
0.05345205
0.05762736
0.039073467
0.047231313
0.04241228
0.0598384
0.044762205
0.055313073
0.052034445
0.056002226
0.047975603
0.0494552
0.056213394
0.051563192
0.06902772
0.03079354
0.04415306
0.0494525
0.05959886
0.04824857
0.068222515
0.04464329
0.039922666
0.03853051
0.045718644
0.055044316
0.053207908
0.045780018
0.05484133
0.045502257
0.054303125
0.047038794
0.052087575
0.0500723
0.05521703
0.047662705
0.048552725
0.04577268
0.04392086
0.055648297
0.05798425
0.05860934
0.03614996
0.045182668
0.06334864
0.03657273
0.048349664
0.04071196
0.05417881
0.05726071
0.052214228
0.05248321
0.03302511
0.03918529
0.063912876
0.045443337
0.038855854
0.06567709
0.05043182
0.055617135
0.047207505
0.042485647
0.050457224
0.059729554
0.037282635
0.04627122
0.046563458
0.043755244
0.05044238
0.04134615
0.05458029
0.052520707
0.041348103
0.052705802
0.055644456
0.041469455
0.048530474
0.052299734
0.05249145
0.047005717
0.045985818
0.046106283
0.04784091
0.03594921
0.04983074
0.041302092
0.052723378
0.03739892
0.055150803
0.05326234
0.05324259
0.05749759
0.054163165
0.046460994
0.04363293
0.056134917
0.062906004
0.049494315
0.0600636
0.03949204
0.04560389
0.054787066
0.049820315
0.05692893
0.057649545
0.0465537
0.041634694
0.047901742
0.046321362
0.054374475
0.044481177
0.04012113
0.0503356
0.045618743
0.04243466
0.053722892
0.04296039
0.046813786
0.04096313
0.06355159
0.0526161
0.05165872
0.05786777
0.049677953
0.047770433
0.053174138
0.03790614
0.044909343
0.0425365
0.069164
0.038972702
0.04366198
0.06727919
0.059603408
0.042181104
0.048204854
0.04888512
0.049323235
0.05813394
0.044260565
0.052915007
0.050175857
0.041339505
0.054040134
0.04834149
0.040739026
0.044398
0.04927447
0.055009857
0.047336575
0.051988725
0.04100147
0.04097725
0.054105252
0.048531864
0.043687847
0.05360783
0.046472244
0.05664548
0.042712644
0.041687574
0.050468806
0.05340255
0.05137761
0.048184328
0.044601936
0.029675532
0.047273763
0.046473097
0.046281595
0.042771228
0.053531196
0.040143866
0.051405318
0.048993893
0.040675145
0.041175704
0.0490219
0.045374766
0.04143803
0.041580368
0.043222956
0.06107894
0.059807517
0.033069484
0.053225797
0.052360952
0.054011315
0.052890558
0.056281783
0.042823557
0.053665034
0.041388996
0.048108857
0.0538852
0.039517093
0.047231484
0.042109184
0.04961011
0.04648904
0.045004535
0.052077487
0.03613392
0.061694387
0.044527367
0.045354903
0.038307067
0.046199813
0.057952184
0.043848064
0.059901994
0.052772824
0.05423738
0.04274365
0.056441773
0.052726924
0.05446569
0.05520005
0.033968683
0.040595423
0.049359113
0.052667104
0.04860526
0.044552583
0.039838314
0.044215944
0.043412913
0.04204808
0.053098
0.044284504
0.04894059
0.055172145
0.061901677
0.05133594
0.055358786
0.04653264
0.04824048
0.053804487
0.05214669
0.05874171
0.0440912
0.051184736
0.046020698
0.042590898
0.044082213
0.041896243
0.053743858
0.04316045
0.0665919
0.055230077
0.048547562
0.050001815
0.04257587
0.046272997
0.042533938
0.04105429
0.05014226
0.035601165
0.04056963
0.04885709
0.043517236
0.057466585
0.040716987
0.042740095
0.042808108
0.0577665
0.07142049
0.049514975
0.03150239
0.057779007
0.051244464
0.052588552
0.04120928
0.04723186
0.045184728
0.049155846
0.042555932
0.041135278
0.045789
0.045711856
0.05150853
0.05161227
0.04092212
0.05890844
0.043748528
0.042375293
0.043287944
0.042390946
0.05131873
0.04331858
0.049604297
0.028187804
0.041443165
0.052125223
0.050567597
0.05245763
0.048131898
0.045119844
0.05335355
0.060841754
0.046623092
0.055480488
0.04600935
0.050917126
0.042674784
0.05637686
0.04385682
0.05818287
0.06023348
0.05075398
0.05546884
0.031409755
0.041092563
0.04792208
0.05093393
0.0467694
0.054977253
0.05741085
0.03670775
0.049373228
0.044910774
0.04193727
0.04737056
0.04696544
0.06430213
0.036121797
0.04362573
0.04678735
0.03640065
0.056588504
0.050943535
0.066473715
0.029809797
0.04746569
0.045837466
0.043353815
0.05053002
0.05316527
0.03542066
0.053877246
0.031593394
0.057159998
0.06574382
0.054267485
0.051746387
0.055654526
0.033158652
0.052589078
0.044233102
0.058150236
0.03392631
0.04609242
0.049157206
0.037944555
0.04433512
0.052726936
0.040264174
0.045600213
0.04870504
0.047963627
0.05723307
0.041672945
0.06224474
0.04752376
0.045733158
0.039329417
0.04393672
0.04425118
0.06502616
0.05850432
0.056982182
0.040668435
0.05272869
0.052646868
0.061493747
0.0458277
0.04884843
0.057153735
0.049608067
0.05651498
0.041809134
0.040143225
0.046234265
0.058286168
0.03800491
0.061106358
0.051141616
0.051601253
0.049121566
0.051327974
0.05709532
0.05354684
0.05052291
0.03549863
0.047666047
0.056630734
0.03865545
0.055124145
0.040405452
0.04661117
0.05178411
0.05013614
0.05122
0.0474823
0.057944793
0.05060517
0.055508893
0.04271069
0.05686927
0.059541162
0.05245939
0.055572372
0.048524458
0.054699592
0.04797169
0.045528505
0.045457307
0.05090017
0.05677418
0.04713076
0.04446331
0.053036075
0.052185684
0.049101427
0.04962769
0.03337554
0.046741527
0.0384637
0.049638916
0.04664002
0.044312365
0.053051583
0.04649313
0.058343302
0.05767076
0.03754067
0.03985571
0.051360097
0.044142507
0.055530347
0.049140677
0.042508475
0.056116797
0.053022496
0.031983282
0.053558502
0.05220739
0.06291809
0.048883457
0.055001564
0.04959117
0.05361828
0.05570576
0.051252965
0.049331196
0.06498146
0.05421615
0.04574976
0.055953346
0.05346619
0.052177787
0.04664493
0.04675611
0.048751727
0.040533006
0.0381548
0.046564974
0.046392836
0.04612697
0.05436403
0.061272897
0.056651015
0.04686017
0.04064094
0.061798185
0.0495478
0.055110693
0.040395178
0.033659194
0.056986373
0.0532749
0.06325929
0.038245838
0.0542909
0.04845675
0.056816727
0.04635657
0.041600842
0.05620752
0.047150977
0.041738275
0.04699489
0.057389934
0.04446126
0.053732898
0.042598814
0.054307442
0.03754936
0.04635717
0.03892147
0.056005325
0.0472947
0.062361497
0.048179615
0.050876684
0.041203167
0.05657187
0.06279973
0.053472966
0.037169326
0.04950814
0.044969328
0.044198927
0.04085359
0.032854266
0.042107362
0.053458255
0.049605604
0.053718477
0.061632857
0.044632245
0.057378937
0.042993218
0.043353513
0.049588405
0.034313053
0.05505516
0.048325475
0.03658838
0.05146273
0.046735175
0.04890969
0.047090087
0.05457135
0.057177175
0.034328323
0.06479079
0.049160697
0.042418946
0.061460257
0.051545862
0.049001936
0.048574116
0.0506994
0.051223088
0.059850484
0.04730855
0.04670849
0.04623324
0.03963007
0.054091595
0.05770316
0.04297025
0.05770542
0.05707924
0.048821934
0.043815214
0.037474964
0.062065076
0.043735858
0.039082535
0.041231245
0.046666898
0.048210014
0.046944726
0.046466734
0.05134659
0.05496894
0.059744157
0.04983871
0.041486707
0.047300734
0.053203948
0.047635876
0.04173698
0.05585743
0.046639286
0.04663686
0.048807986
0.055179585
0.052149322
0.049882103
0.037778877
0.031192018
0.03082905
0.038902257
0.044801753
0.05088836
0.041720234
0.05904435
0.040724944
0.034667313
0.060084276
0.045205913
0.04756804
0.04477653
0.052653734
0.045636088
0.06401867
0.04740468
0.04424588
0.05310035
0.05497375
0.06551878
0.04814363
0.038137913
0.050851103
0.04746995
0.033592507
0.046913724
0.04677901
0.057630427
0.05458989
0.05597496
0.05200962
0.053274136
0.051314145
0.05520142
0.049899057
0.04697049
0.038492117
0.04647037
0.05561742
0.04474691
0.057099357
0.05039451
0.046904866
0.053076655
0.04907893
0.047841948
0.054545924
0.048656244
0.054176033
0.050790053
0.050586823
0.047645044
0.048720833
0.047317415
0.04426069
0.040486723
0.044826824
0.059799794
0.046261635
0.048453312
0.043464866
0.04719314
0.041242227
0.055011
0.053730253
0.057689134
0.051079836
0.04373894
0.050039895
0.04610577
0.044804882
0.04765973
0.04787043
0.052360125
0.042574126
0.04424772
0.04339096
0.049817983
0.04904672
0.038796075
0.048774835
0.063442886
0.045955114
0.06426576
0.037456688
0.050822087
0.03688528
0.054808002
0.047464628
0.052417405
0.056036722
0.04022929
0.052529503
0.059706002
0.057561252
0.040033545
0.044324525
0.049670618
0.043753143
0.05321499
0.054406695
0.04994754
0.04553816
0.038190383
0.048702676
0.055602875
0.06527218
0.04178317
0.056003876
0.04618503
0.06236659
0.059968982
0.03904653
0.044525124
0.053514063
0.05087083
0.032875575
0.03650695
0.04415304
0.05293683
0.051344283
0.04606634
0.04354978
0.053447872
0.050241698
0.052022584
0.05762487
0.042283002
0.044777952
0.045058914
0.05427629
0.046653103
0.05109536
0.051963482
0.040413115
0.048163608
0.05598623
0.049067434
0.059751205
0.036139864
0.049048793
0.049575064
0.053161684
0.034437485
0.044580188
0.041528795
0.046560913
0.050125796
0.04902704
0.04255542
0.048529085
0.047345214
0.047435082
0.05129536
0.04516703
0.048433278
0.04773848
0.03957798
0.05760468
0.051272057
0.052515488
0.04552096
0.05234197
0.048341148
0.04397017
0.055717852
0.04064829
0.049576227
0.04374159
0.042349312
0.05035175
0.053195473
0.03496696
0.05081963
0.04761707
0.038403668
0.048062813
0.052669596
0.045030285
0.036038343
0.04588924
0.057318408
0.055784747
0.038036935
0.033443432
0.05109534
0.0558005
0.05978596
0.053027518
0.043300886
0.052739322
0.04589641
0.045094095
0.047214657
0.05086162
0.05900518
0.044643473
0.054393895
0.048899885
0.049642533
0.051411238
0.060730934
0.056441195
0.063991666
0.039907705
0.0522392
0.051395737
0.046661824
0.049351286
0.045642786
0.055186227
0.0505815
0.03855556
0.047902703
0.053191572
0.053265937
0.055392157
0.04128824
0.051747564
0.04744231
0.046500567
0.04483231
0.05520304
0.05082464
0.0563237
0.04749359
0.0398315
0.03715228
0.040825274
0.041647438
0.04849392
0.045330722
0.047690164
0.05755327
0.056180142
0.04143426
0.039421156
0.06073455
0.051777605
0.04907666
0.041618634
0.06319204
0.048662312
0.04362909
0.053201433
0.059954427
0.04674073
0.045167092
0.041461438
0.041764215
0.05183288
0.040161643
0.038952097
0.062457405
0.04472488
0.044868376
0.04605177
0.052679263
0.053107504
0.04523223
0.06349213
0.051280405
0.042886157
0.04098503
0.03340318
0.043071177
0.05908721
0.05441175
0.04449635
0.042172574
0.053211205
0.060748413
0.0513985
0.052267615
0.049237642
0.06584576
0.04995867
0.06105626
0.056594387
0.047143925
0.041622266
0.055375896
0.053424265
0.050376147
0.046159893
0.050206557
0.049441025
0.051857527
0.06072871
0.049795087
0.05109059
0.042787652
0.043726776
0.04724815
0.03858988
0.040721
0.037502944
0.046222884
0.046223637
0.05183819
0.053062655
0.050152004
0.04456125
0.04516917
0.055895604
0.03710483
0.045477863
0.05523524
0.048024174
0.04580908
0.05043916
0.04852169
0.05048472
0.047231063
0.05934591
0.05540425
0.039383356
0.042194624
0.040911455
0.03947263
0.041544836
0.038745422
0.05296691
0.04274743
0.053338256
0.042362034
0.055070408
0.045918435
0.04834414
0.055291623
0.051725276
0.041369706
0.058639273
0.05310118
0.042324107
0.05529016
0.055214044
0.04146345
0.056832924
0.057770133
0.047336992
0.060469832
0.052843984
0.057097387
0.049534924
0.04856014
0.046322297
0.049524467
0.046785202
0.049192935
0.044672333
0.055088617
0.04321924
0.041997664
0.047883872
0.052926518
0.06432727
0.052143708
0.052106585
0.05512125
0.042843547
0.041337483
0.060382564
0.040839165
0.05708807
0.056511335
0.040174127
0.04406238
0.050723698
0.029241111
0.04434121
0.057574965
0.048994593
0.049841534
0.053197104
0.047122136
0.0457503
0.03650018
0.050015494
0.044778425
0.039481446
0.047648102
0.04931099
0.044634115
0.0427004
0.03572508
0.053104855
0.054059107
0.04990626
0.057234894
0.037918996
0.05079693
0.042720553
0.059540316
0.036121633
0.052878033
0.056487154
0.053630307
0.053585615
0.04563141
0.041853193
0.052899037
0.0490467
0.05504326
0.05500709
0.049879413
0.04957989
0.046378404
0.045444783
0.036354743
0.033673756
0.04102201
0.05232369
0.044346217
0.051495463
0.04508243
0.052495714
0.059359096
0.04791272
0.044889674
0.046306986
0.035525177
0.04727773
0.054476995
0.03992904
0.04196448
0.050784804
0.04285925
0.052497588
0.045361217
0.050118275
0.06216642
0.05400771
0.05126575
0.0640885
0.06112721
0.047101088
0.061408453
0.055980895
0.058799822
0.05117805
0.040847536
0.04272856
0.04921686
0.04826512
0.047295813
0.039804544
0.056376535
0.054723702
0.06414026
0.047538064
0.043807182
0.054027013
0.03392277
0.048725437
0.05389952
0.037770763
0.056646742
0.054130524
0.040902477
0.04953616
0.05609248
0.05277591
0.028336227
0.049004454
0.056082282
0.048555214
0.052889455
0.039141867
0.03963947
0.05266526
0.043678597
0.047890726
0.055091225
0.037480827
0.054405775
0.038664524
0.059451714
0.03785636
0.04662017
0.056582797
0.05486128
0.028844288
0.04139323
0.046648458
0.045646057
0.04930975
0.044530604
0.049797785
0.045837127
0.030569967
0.045623995
0.046867788
0.049535815
0.040552635
0.05649454
0.048712306
0.05499695
0.05100948
0.044232126
0.050049145
0.060700934
0.05781292
0.05775705
0.045810588
0.05823898
0.04052257
0.044199202
0.0472497
0.054270554
0.03900277
0.04309128
0.066625975
0.05505974
0.054907177
0.035327148
0.047251187
0.040499397
0.05216808
0.04390235
0.04300406
0.052804265
0.053049143
0.040791225
0.052011978
0.054962624
0.043475397
0.03884625
0.05385099
0.03927334
0.048715025
0.04396195
0.059413258
0.05320783
0.04365024
0.05757915
0.045718793
0.05364346
0.03899006
0.054406974
0.047777757
0.04325136
0.045925766
0.04925771
0.04944106
0.06293906
0.046468463
0.036016203
0.03690681
0.052868836
0.050961968
0.04373022
0.04886273
0.0561412
0.04575253
0.048664596
0.052348163
0.060190506
0.05492945
0.05434786
0.05484187
0.0482249
0.056229096
0.062436603
0.04000856
0.045469925
0.050621416
0.04311824
0.04836806
0.060645435
0.054212585
0.049692307
0.049227964
0.054027576
0.04638562
0.06175068
0.051967617
0.054182716
0.044050965
0.050908845
0.05216573
0.048420016
0.057537097
0.041622594
0.04269457
0.049122233
0.04094586
0.051764864
0.053570118
0.039375454
0.043154858
0.050565075
0.04973743
0.053812675
0.04509807
0.044222876
0.061170187
0.050897114
0.044629056
0.060174897
0.043526556
0.046281487
0.04779394
0.05154982
0.047093887
0.052529603
0.047506012
0.039542463
0.04552841
0.05283726
0.05419694
0.049005
0.0640778
0.039464157
0.05342865
0.04634076
0.05375602
0.050164815
0.044476077
0.039050568
0.056902073
0.03902758
0.047696583
0.044481095
0.04479129
0.04928433
0.03807637
0.04409486
0.05095374
0.039363254
0.05521039
0.049821787
0.05455006
0.05031226
0.050903816
0.041118566
0.049100686
0.053676657
0.039749075
0.045382164
0.050274406
0.051584587
0.039248843
0.037557162
0.060927086
0.056924026
0.048083976
0.0486373
0.035486475
0.04215613
0.05697861
0.05797304
0.057382636
0.032998383
0.06305338
0.04644611
0.054879114
0.04636369
0.039975703
0.0672555
0.041246917
0.053720213
0.04997983
0.04193871
0.05553048
0.051449087
0.061180983
0.047015052
0.048774216
0.04018942
0.05189453
0.03984772
0.031877615
0.03270505
0.050270572
0.03571895
0.06032132
0.046080112
0.04745509
0.05733578
0.057941623
0.057699785
0.04430632
0.042904064
0.052572228
0.047110867
0.053626124
0.048392333
0.04533916
0.04932071
0.050815348
0.042190418
0.051833637
0.04933008
0.059954923
0.04817774
0.0569839
0.049890127
0.059875034
0.043217354
0.05229447
0.04763318
0.03523956
0.05838063
0.0410943
0.060226403
0.046450373
0.045441844
0.044660043
0.0411611
0.057969317
0.043845374
0.045747735
0.04383884
0.04722577
0.046598975
0.055572968
0.062665366
0.037683986
0.044138562
0.051493425
0.048041016
0.053633425
0.045152575
0.05412762
0.048851702
0.06574326
0.055410538
0.045578543
0.052628793
0.04532168
0.04192449
0.05702812
0.045558386
0.053837452
0.044366103
0.051146533
0.06353903
0.05279765
0.042386677
0.05652138
0.04397457
0.043116987
0.0625866
0.05330528
0.05565419
0.04634335
0.040512517
0.06164018
0.057443228
0.06412067
0.043772228
0.050115045
0.045027245
0.05562721
0.052407663
0.044017553
0.046589985
0.046402298
0.038905226
0.04166228
0.05400069
0.04873915
0.05230741
0.0553894
0.06313861
0.049712352
0.044814017
0.04085283
0.051328123
0.05287138
0.044689413
0.046511553
0.045435444
0.05436888
0.04619711
0.063634925
0.05117853
0.058118537
0.05608843
0.04272349
0.05007538
0.05686587
0.053001966
0.037081733
0.04004938
0.05388866
0.03813018
0.046830337
0.042723585
0.048969775
0.042151056
0.056160737
0.053590585
0.05286697
0.042719614
0.041758273
0.0424625
0.054409113
0.055731807
0.040438473
0.040258743
0.046100777
0.047267478
0.046714853
0.04785777
0.048059363
0.04350547
0.04985337
0.03374204
0.056628533
0.048832133
0.049462862
0.05758451
0.060987603
0.05004058
0.05962869
0.04902069
0.047904704
0.054523725
0.04595124
0.048903327
0.054612137
0.047706414
0.05017508
0.049854938
0.053570565
0.039627388
0.041597556
0.0543145
0.050217636
0.045597557
0.039846912
0.049536612
0.05359421
0.05380436
0.034600772
0.045978572
0.0585737
0.048455596
0.05528844
0.048707698
0.051324245
0.05865855
0.050064642
0.049957547
0.055947714
0.05480346
0.04688317
0.04421612
0.04508721
0.044376615
0.04938139
0.04876018
0.055765834
0.054536108
0.05569499
0.04717125
0.058831166
0.04966414
0.045304097
0.058693495
0.048798945
0.05312415
0.02956981
0.047980584
0.061256062
0.054284483
0.04869701
0.03650979
0.04723092
0.04590993
0.055498023
0.04862115
0.042379964
0.051556
0.055733707
0.05061376
0.038954936
0.046741225
0.039532937
0.061402455
0.036715552
0.03987655
0.04177927
0.049441427
0.050821885
0.058279447
0.057223868
0.043760866
0.05261299
0.05174373
0.054781087
0.047306642
0.04663192
0.048580643
0.05194018
0.051499806
0.031234622
0.055150747
0.0573015
0.05847226
0.03805406
0.050945215
0.054797415
0.06730768
0.04189715
0.05098762
0.054238778
0.044535846
0.032210365
0.0517428
0.041392233
0.048264343
0.051357556
0.042122256
0.049396083
0.04004079
0.04850377
0.04125075
0.039423157
0.040149402
0.050933473
0.059803825
0.050320733
0.05101769
0.053969346
0.049149662
0.04207654
0.03935437
0.048831284
0.045239393
0.0403895
0.053056978
0.057576206
0.03946471
0.041505955
0.04992773
0.056059547
0.050366186
0.057641417
0.048434615
0.047515932
0.04731842
0.057225127
0.045141317
0.04911165
0.049091183
0.04407774
0.050499514
0.035023607
0.05368687
0.050068468
0.045914188
0.04514121
0.034752503
0.0489073
0.053326074
0.04931715
0.05668587
0.049989846
0.032584086
0.048841152
0.03796806
0.042161178
0.047130957
0.047403987
0.04107175
0.043326423
0.04736364
0.04297054
0.057972644
0.052735075
0.061405577
0.0407218
0.054681063
0.057609253
0.04495291
0.0391808
0.055547353
0.042624813
0.044365577
0.03241339
0.056331884
0.04152167
0.041087925
0.043244526
0.052684482
0.058606047
0.037726115
0.044356562
0.04391454
0.059901886
0.043276288
0.051579647
0.054405715
0.045095418
0.056605328
0.054877028
0.04770477
0.04524622
0.045892406
0.05266149
0.05158237
0.050352268
0.051431097
0.05644778
0.05244643
0.045987874
0.052469857
0.04238556
0.047262702
0.04521617
0.049675148
0.051640112
0.042845696
0.05068427
0.052709475
0.053889118
0.055830956
0.0491743
0.04688787
0.048182826
0.05522493
0.056211576
0.044174045
0.05188159
0.044114202
0.040641613
0.048353903
0.047322396
0.04902237
0.055854697
0.06310085
0.054355547
0.049692284
0.049915634
0.057066135
0.051152967
0.046629194
0.055939738
0.04755635
0.054951962
0.049634367
0.042309795
0.050513316
0.04672544
0.039082132
0.035598572
0.040772554
0.051438607
0.04376459
0.04719127
0.044480473
0.05146733
0.040376768
0.058176875
0.052903663
0.047197167
0.043043245
0.04634623
0.04863847
0.04964597
0.05260252
0.0592912
0.044542115
0.05171931
0.050152592
0.059577268
0.046642795
0.045609877
0.052517347
0.047861036
0.048939783
0.05243332
0.053101066
0.04464194
0.052820984
0.066508815
0.046321247
0.049022038
0.0507388
0.033381324
0.045715805
0.06177937
0.047499113
0.042190995
0.047944076
0.043263875
0.050427653
0.054225
0.051008828
0.034898322
0.04976478
0.04892806
0.056212272
0.045783363
0.04831459
0.043656547
0.05392284
0.05391575
0.037713185
0.053756908
0.0600585
0.053092647
0.035602245
0.042516977
0.055246305
0.044282716
0.05799506
0.055807352
0.039401766
0.051092748
0.047119495
0.059164755
0.040041633
0.0540756
0.05489527
0.04130521
0.0482124
0.04641991
0.05657786
0.035756387
0.037781168
0.05724591
0.0528601
0.05333928
0.030023433
0.0521761
0.05459959
0.04715144
0.043867454
0.04952207
0.05188939
0.047709532
0.061950576
0.052062947
0.054462
0.058061983
0.048469797
0.034076232
0.04899789
0.053798027
0.049191423
0.046078637
0.047260284
0.04412654
0.049326155
0.03872936
0.038734682
0.04879381
0.05076317
0.049990375
0.04212591
0.0765125
0.052013353
