43033.344
31480.504
12247.824
7224.5635
5480.95
4467.0254
3724.1348
3139.209
2663.583
2297.7317
2019.3694
1794.9229
1608.7725
1452.7197
1301.9636
1175.82
1060.4482
962.4894
871.4614
792.51447
720.272
656.9296
601.5397
553.3823
511.17923
473.01913
440.35178
410.6695
383.63715
360.11768
336.6847
316.2181
297.65057
280.13843
264.09125
248.82654
234.20914
221.66704
208.2052
196.36728
184.31891
173.95425
163.33295
153.97556
144.39087
135.11594
126.32976
118.32087
110.71135
103.25164
96.00994
89.49403
82.9035
76.83638
71.24346
65.47612
60.35715
55.246094
50.795387
46.107452
41.857994
37.84469
34.00244
30.548634
27.13972
24.252016
21.404522
18.816244
16.551758
14.352055
12.437897
10.887515
9.284551
8.0245
6.8361254
5.824751
4.9169436
4.2051706
3.551629
2.984153
2.4952555
2.092522
1.689351
1.4038317
1.1820729
0.9710964
0.80808854
0.6432196
0.51477736
0.38636535
0.33656508
0.26500663
0.21541518
0.1712888
0.15900742
0.118865736
0.109653324
0.08970329
0.058402725
0.07773398
0.07086306
0.06312964
0.06860659
0.059393786
0.08911103
0.089135215
0.07254696
0.07859567
0.067526504
0.07456606
0.07984961
0.09194066
0.100940965
0.085871674
0.09197278
0.09580611
0.10896413
0.086346775
0.094232276
0.09216324
0.08434226
0.09519247
0.09433366
0.09650659
0.10498537
0.077396885
0.07178411
0.0765595
0.09059591
0.069837965
0.09177741
0.07571462
0.07418579
0.096081525
0.059134502
0.06274779
0.06108187
0.07122703
0.066356756
0.073124535
0.07519427
0.06444338
0.062318183
0.08202252
0.08705231
0.07993643
0.08039371
0.068650655
0.062420383
0.05369905
0.06506075
0.06687944
0.103767015
0.06946659
0.05288243
0.07398324
0.067722514
0.054750487
0.07283207
0.07377137
0.048850834
0.05923372
0.060007535
0.0652819
0.0548285
0.065646954
0.05438284
0.059362218
0.056807518
0.0659156
0.06092415
0.068283506
0.057101272
0.05883867
0.053035863
0.06006827
0.08325951
0.06979445
0.055877388
0.06134264
0.057132185
0.063890114
0.061519057
0.07539445
0.074092835
0.047065556
0.06282501
0.07324971
0.057564836
0.065891676
0.0744733
0.08071164
0.068597086
0.07129171
0.07190936
0.068958856
0.06999206
0.06468676
0.06891019
0.059301347
0.061784897
0.078007944
0.07251438
0.06796219
0.06433761
0.06294341
0.05751531
0.04845352
0.05915297
0.046032812
0.07216887
0.060100418
0.061211105
0.06472821
0.07478386
0.059272148
0.06471714
0.061492264
0.057224143
0.056853306
0.059608683
0.06671934
0.06034799
0.062086172
0.07322812
0.06779667
0.05934896
0.06909401
0.06700828
0.07408687
0.061292738
0.06728865
0.053774267
0.058111586
0.075185895
0.0643782
0.055328865
0.045597468
0.045764472
0.05461659
0.060462438
0.05318371
0.053493094
0.055534203
0.058036488
0.0718197
0.06164742
0.05597426
0.07444683
0.06145053
0.044479363
0.060809236
0.06719095
0.06564695
0.06542036
0.05433452
0.061045144
0.05946382
0.075166635
0.060415827
0.058856476
0.06292742
0.06426619
0.055713702
0.053976953
0.06876004
0.066060394
0.051215682
0.06215609
0.063362405
0.0565422
0.058609623
0.062164582
0.0617379
0.06603078
0.046804607
0.05755907
0.075486235
0.054951854
0.05689955
0.06877549
0.066374585
0.04811479
0.060311235
0.054776005
0.050096795
0.05396678
0.056457203
0.06127135
0.05708233
0.06330051
0.044502832
0.057148993
0.055161703
0.051861078
0.0516085
0.07124522
0.056427848
0.06264853
0.059703864
0.06005076
0.05341459
0.07286941
0.06701681
0.06532949
0.0666035
0.059739076
0.056812607
0.05012465
0.048610575
0.062633455
0.06441815
0.056753583
0.065933526
0.056611076
0.07000148
0.06628734
0.04657128
0.04883422
0.05306248
0.05832499
0.07019684
0.056787208
0.06474607
0.05548744
0.05077444
0.07242463
0.05506928
0.053010717
0.070234574
0.048496164
0.06871744
0.074123144
0.048634738
0.054697916
0.061269674
0.05832222
0.05263069
0.059540715
0.066974744
0.06374739
0.05616314
0.061414517
0.05937122
0.05121978
0.06964722
0.061425228
0.05308985
0.064115115
0.062769964
0.060067464
0.049913634
0.0525908
0.055867966
0.05343795
0.07677411
0.060554013
0.06777473
0.052977674
0.050852817
0.046679594
0.05498698
0.0539513
0.058038168
0.077227026
0.049340315
0.055825073
0.06395292
0.052444804
0.053690005
0.054707248
0.04993338
0.061992623
0.06234492
0.06423386
0.052889094
0.062017813
0.05303406
0.05797757
0.070852116
0.058740366
0.04836144
0.05245292
0.053783607
0.052224647
0.047771532
0.060693983
0.06576099
0.04806292
0.06042056
0.058629982
0.05518305
0.049103066
0.066645525
0.05301733
0.057125136
0.053091336
0.045426447
0.060120467
0.050153267
0.06042874
0.052898966
0.052710306
0.055674803
0.055394016
0.056630526
0.053583987
0.06301584
0.066686004
0.05643863
0.061490428
0.054489706
0.062345907
0.06268395
0.066266246
0.070508935
0.05040188
0.05786771
0.054852463
0.061092988
0.043642268
0.057558127
0.07372558
0.05992376
0.06431036
0.0588393
0.054132074
0.053876113
0.05603301
0.040923268
0.06463598
0.070165835
0.058743287
0.055884384
0.05692498
0.061526157
0.054962553
0.0675832
0.053520788
0.062014636
0.067401
0.05614884
0.0554852
0.057478037
0.068533115
0.042222343
0.06256033
0.050933924
0.062207263
0.050960016
0.068399146
0.05016247
0.053707786
0.05773009
0.04679516
0.041005176
0.06306954
0.05202706
0.045424633
0.050926916
0.07026226
0.04424475
0.064170465
0.072592035
0.06645834
0.05197337
0.06463854
0.062249526
0.066841446
0.05123944
0.0588035
0.05683363
0.050065123
0.053218126
0.03736454
0.046231348
0.06212499
0.05967972
0.047125343
0.048884735
0.057350516
0.059251506
0.050863247
0.066551015
0.061441313
0.057539698
0.060039222
0.06695511
0.057228193
0.058379702
0.06646094
0.05434514
0.0506559
0.06317279
0.05702767
0.05377417
0.057866264
0.06418761
0.05119909
0.056456443
0.057453323
0.05524715
0.056566626
0.054239586
0.05166781
0.049463604
0.06264307
0.059511323
0.07101131
0.049522415
0.06614885
0.05694427
0.064769104
0.068545274
0.046689823
0.065396726
0.05237407
0.05880001
0.047073457
0.05779674
0.06548991
0.045635905
0.04898824
0.053328164
0.061893087
0.050823934
0.056641974
0.06346624
0.06379695
0.0617269
0.052488692
0.05986461
0.066130646
0.07715095
0.05909913
0.052778542
0.04652532
0.058377028
0.04997621
0.06490212
0.049937323
0.050218616
0.054133214
0.058266453
0.053670514
0.052921273
0.05310542
0.054975837
0.061989207
0.056242302
0.053120174
0.06350209
0.06685164
0.060524184
0.05115403
0.050313305
0.06655419
0.058695164
0.050586812
0.060336523
0.057579946
0.058362704
0.056255974
0.06533075
0.055753797
0.061234724
0.041456036
0.05569597
0.05674074
0.048525143
0.06150694
0.056788564
0.049410883
0.04051132
0.04169561
0.058489732
0.063655175
0.052635897
0.041136198
0.060156465
0.064579636
0.05928355
0.05780194
0.063009545
0.048108928
0.050620798
0.054678705
0.05680684
0.050421786
0.059408173
0.05030016
0.05631724
0.05458053
0.06500699
0.0680098
0.050738458
0.062062442
0.060705286
0.054728623
0.054921146
0.051483516
0.053820785
0.06214499
0.048691757
0.05500193
0.0635082
0.06505196
0.04699676
0.042017695
0.052020893
0.056073606
0.058411382
0.06831186
0.048556592
0.0481983
0.05578658
0.0565071
0.052390836
0.05376973
0.05617252
0.05106921
0.048109435
0.06288179
0.047240086
0.059192255
0.04922104
0.060664326
0.06219322
0.05303581
0.058731925
0.0608565
0.04705163
0.051945943
0.062568635
0.044504527
0.051117525
0.064191505
0.06317986
0.05460515
0.069876574
0.05710145
0.05922557
0.05882703
0.06196338
0.055841472
0.061882943
0.05494731
0.052828114
0.0429239
0.058574572
0.070627086
0.053109147
0.06335352
0.0720342
0.05439398
0.053091068
0.052923176
0.057255324
0.054005135
0.0534585
0.059443757
0.0461832
0.057191446
0.054436423
0.04420765
0.051581327
0.044335973
0.056477685
0.04255749
0.05318835
0.04998568
0.05747511
0.055686567
0.052519597
0.05426477
0.04434865
0.050159875
0.05601419
0.04872872
0.061070584
0.060442656
0.0522704
0.048564553
0.05628734
0.051150527
0.050828446
0.049912315
0.044082213
0.04950622
0.061085053
0.040711947
0.049269494
0.056457203
0.039440714
0.04912935
0.050136458
0.048183944
0.05308891
0.04938094
0.045350917
0.057078116
0.050548315
0.046309415
0.048247878
0.06103763
0.04807681
0.049944635
0.060041983
0.050785553
0.0460783
0.05047064
0.063087545
0.043033067
0.05581576
0.06548318
0.05975926
0.043308973
0.049305476
0.05246157
0.0512456
0.042721335
0.056249227
0.056616735
0.055172276
0.061355967
0.052402776
0.06106855
0.054739665
0.047364596
0.054269284
0.055784397
0.0505087
0.06531521
0.05943951
0.04464579
0.052906767
0.056290258
0.052199535
0.04614326
0.054870624
0.060251646
0.0523586
0.045809433
0.04716019
0.046076052
0.05136589
0.0446593
0.05320283
0.04935861
0.045678318
0.045746554
0.04998793
0.059338227
0.05369904
0.059049573
0.05758595
0.045100804
0.042438008
0.059834536
0.06306911
0.05055328
0.05529892
0.03991693
0.05801913
0.047424413
0.050672892
0.05772704
0.055307087
0.046994526
0.059343025
0.062312078
0.03124874
0.051680684
0.05863836
0.049549885
0.055182584
0.044730008
0.05954352
0.04497099
0.050322
0.053005826
0.05467064
0.057819236
0.045696527
0.04998363
0.055932086
0.046985544
0.07231021
0.046082027
0.048304077
0.054020666
0.058313742
0.06466559
0.059192162
0.051020347
0.048283648
0.054181643
0.054906707
0.065092586
0.040282603
0.04703745
0.04806148
0.06640368
0.052777685
0.051680204
0.056712274
0.051785722
0.058440626
0.053051043
0.050252493
0.043665055
0.05458447
0.042437103
0.05285312
0.052589647
0.053920396
0.056137808
0.05279762
0.047079958
0.05602763
0.047780596
0.053343367
0.052275695
0.04634324
0.05599603
0.06684521
0.06308727
0.047993664
0.030844271
0.0506581
0.049511913
0.047421243
0.03996205
0.049947407
0.05690939
0.06207599
0.04205763
0.045282554
0.0570796
0.05268776
0.050131246
0.04764674
0.042321958
0.05103402
0.043098994
0.041590072
0.048515353
0.04977509
0.046913214
0.06066688
0.05861212
0.046895448
0.05752307
0.042179257
0.05907943
0.049181513
0.04836533
0.061895296
0.05505535
0.050211344
0.052731436
0.05094333
0.045818165
0.059073906
0.04906956
0.05746738
0.03853609
0.054084435
0.056714583
0.04285882
0.04664176
0.03847258
0.04490624
0.063852206
0.057906963
0.054498903
0.05021141
0.05274252
0.04740233
0.052722998
0.040424637
0.05063938
0.05333667
0.048335366
0.048198394
0.038488887
0.05314026
0.06515195
0.038430646
0.05687931
0.04446
0.048299257
0.048049238
0.051410552
0.04687061
0.06271699
0.047431055
0.05267772
0.04642674
0.037992068
0.063251756
0.054231472
0.045220334
0.05417246
0.061844707
0.050373815
0.05028354
0.044730593
0.052614175
0.039451297
0.04846159
0.04932919
0.045352824
0.05397416
0.0487467
0.05330099
0.05287086
0.045878682
0.045545988
0.056606505
0.04923422
0.04066825
0.04719241
0.06315509
0.052527145
0.05669825
0.037577484
0.061413366
0.051970825
0.056563172
0.048479367
0.061103806
0.05053313
0.060925625
0.055607177
0.045300588
0.047718834
0.054723784
0.05795131
0.050838843
0.05373395
0.049521893
0.057855435
0.060750168
0.052334048
0.05498411
0.05466337
0.06831502
0.048625637
0.049196362
0.050899297
0.03549209
0.048274025
0.045882493
0.076109365
0.041970015
0.060628533
0.040580053
0.051872008
0.056591958
0.05180556
0.04966041
0.04650962
0.054303948
0.0587484
0.057903826
0.0632344
0.054754384
0.05683327
0.0642041
0.056216866
0.057154324
0.0555769
0.045577154
0.05747325
0.044000376
0.047036413
0.05497506
0.05196507
0.05410111
0.046685826
0.052731335
0.04355156
0.054374065
0.05376268
0.050982222
0.051244102
0.045208756
0.05020106
0.047666896
0.0517543
0.040091116
0.05472753
0.050608136
0.04731675
0.052483696
0.043827258
0.05931547
0.057897057
0.04517425
0.06780989
0.05421157
0.04665694
0.055561934
0.043742463
0.04588756
0.04370188
0.055558633
0.038252532
0.052479137
0.05026649
0.060987704
0.056271166
0.063709185
0.04692172
0.04500814
0.052654088
0.055386335
0.048063807
0.052666713
0.052742485
0.07053331
0.05118903
0.050604057
0.06274009
0.05080459
0.050703995
0.041555136
0.04515594
0.062336594
0.054745726
0.04733535
0.047713548
0.039600633
0.054578416
0.0459565
0.055152647
0.048525035
0.0463065
0.047692332
0.04224522
0.047710475
0.052970044
0.054884605
0.06418099
0.04909875
0.06307902
0.045058478
0.051021654
0.043513693
0.045478545
0.03772705
0.045195136
0.04922726
0.059111845
0.041596904
0.0614774
0.060034607
0.041398067
0.05226232
0.05219973
0.061471302
0.046105206
0.0633776
0.047409754
0.052391183
0.0520807
0.04212033
0.048499975
0.050775748
0.05071269
0.051859926
0.05544527
0.04751445
0.052023225
0.05210285
0.04951758
0.050344232
0.055101722
0.057592597
0.05571646
0.055764858
0.0497201
0.044784367
0.050371855
0.050262365
0.05324099
0.046623938
0.040868584
0.051458426
0.05265951
0.043195993
0.05799076
0.05999379
0.04819426
0.061823417
0.06092553
0.052731093
0.05083795
0.04836092
0.0565079
0.04288022
0.052307107
0.04398129
0.055599857
0.051108766
0.049686953
0.05568291
0.046246372
0.050820146
0.051665347
0.040331423
0.055250954
0.049245376
0.047942214
0.041073527
0.053457163
0.057956237
0.052017868
0.050343
0.050399728
0.052067496
0.04977102
0.045675486
0.05717833
0.047179326
0.044187784
0.051991846
0.044652797
0.047176152
0.051540222
0.05861168
0.0446198
0.058190867
0.05500186
0.041659735
0.055531427
0.053769633
0.05997874
0.047826875
0.05152177
0.05686752
0.049263936
0.06597608
0.04985404
0.053245798
0.06035169
0.062007558
0.054350235
0.051141866
0.0437578
0.043159265
0.049615942
0.051067576
0.04877531
0.045914225
0.04999385
0.04492386
0.04972807
0.04818405
0.04872861
0.046421867
0.06069989
0.055661615
0.04675372
0.052535985
0.05304642
0.042357646
0.051290013
0.045993853
0.048699193
0.05121024
0.052567538
0.043749016
0.048619147
0.05363137
0.048030347
0.042924546
0.046050474
0.05036885
0.044482794
0.04479036
0.054576512
0.050692666
0.043838378
0.046633583
0.048213948
0.03596928
0.05301042
0.04517549
0.057652783
0.04732482
0.05296758
0.05279126
0.043230183
0.05001834
0.061666954
0.042419963
0.060154114
0.05692976
0.043503568
0.052722577
0.060859192
0.047651164
0.0465256
0.047231697
0.041446835
0.045202296
0.049590312
0.051435854
0.055203643
0.043614276
0.0437049
0.04879515
0.037956677
0.05383847
0.0489252
0.053975962
0.053483695
0.0488879
0.05043569
0.05302377
0.061043415
0.05676153
0.067304954
0.038576417
0.044425085
0.053656235
0.053575326
0.049980544
0.044949725
0.050186947
0.051994253
0.045953944
0.054693352
0.05225951
0.045059398
0.055345032
0.058849663
0.057327267
0.045725323
0.042572714
0.05561287
0.04317889
0.04743982
0.035306055
0.060470372
0.047615945
0.051586382
0.045021188
0.048421167
0.04935422
0.066432506
0.035952207
0.0391671
0.058785327
0.04630825
0.04108943
0.05193425
0.054887164
0.057568934
0.040738393
0.057047065
0.043038238
0.042062823
0.047961876
0.041500002
0.048015986
0.050628778
0.058891773
0.04649658
0.041386105
0.05019857
0.051081244
0.041143328
0.03842463
0.051883463
0.04205323
0.054046307
0.04193192
0.061012883
0.04449372
0.052392352
0.05256776
0.040271714
0.05432253
0.049071044
0.049866974
0.046433125
0.04571413
0.0409822
0.055893075
0.05253567
0.043287776
0.049294777
0.059899308
0.057157833
0.051772695
0.047773317
0.04434779
0.044982567
0.06459861
0.042490955
0.048171442
0.057869565
0.044357777
0.035990953
0.044090316
0.044780537
0.042251
0.045095593
0.04711312
0.045282565
0.040217906
0.05699395
0.049983785
0.05000723
0.04753082
0.041858222
0.044962462
0.05092372
0.044784073
0.054533537
0.05144153
0.05011354
0.035986613
0.047693253
0.04455682
0.041443594
0.052878626
0.05911676
0.041089706
0.041503925
0.053246982
0.04832597
0.047831614
0.051436003
0.042012703
0.043067135
0.049303543
0.04016204
0.058606587
0.046512417
0.04190332
0.044690765
0.05720405
0.037881933
0.033214554
0.046370067
0.049627714
0.050386015
0.061761502
0.050361086
0.034305453
0.054918107
0.049626242
0.036909524
0.04304334
0.045395058
0.04413907
0.050065547
0.041700754
0.048199944
0.045162458
0.04890246
0.050047755
0.038051777
0.037042435
0.045476
0.041882
0.035526637
0.039700087
0.048117492
0.046446584
0.04782529
0.045130562
0.0392384
0.049404673
0.05525777
0.05235003
0.038631834
0.050727583
0.05434233
0.05288235
0.043227628
0.043257713
0.044137944
0.038262837
0.039734304
0.05150898
0.04840147
0.04220299
0.037951525
0.047738742
0.05770308
0.055614922
0.04739219
0.057871807
0.045218732
0.040057804
0.04176601
0.038178995
0.035434335
0.040732283
0.058272917
0.047777224
0.050306432
0.05597009
0.05260015
0.050721414
0.06080602
0.046945013
0.049203813
0.043164294
0.059149396
0.046076115
0.043130778
0.0474018
0.051060848
0.04196713
0.052379303
0.05543354
0.04098644
0.04771121
0.030265005
0.04127129
0.048507903
0.05346992
0.0464014
0.028117899
0.04221052
0.03852316
0.04375605
0.046040203
0.03331009
0.03910847
0.043646693
0.051775236
0.037848696
0.04784805
0.038704317
0.029378815
0.048984554
0.03386503
0.04538774
0.056126058
0.03770751
0.045106888
0.03995725
0.03303487
0.03149614
0.043697715
0.041679204
0.039648782
0.03842666
0.05159047
0.047166042
0.039234694
0.041601513
0.041761734
0.03857206
0.038461544
0.040943217
0.04255478
0.044783477
0.03886897
0.038735982
0.036302067
0.039339714
0.04260452
0.037712112
0.032163277
0.039950997
0.019711372
0.03451652
0.047108497
0.040753584
0.03975988
0.04591766
0.037941635
0.047275726
0.047892027
0.027607799
0.045686897
0.029302536
0.034163523
0.038382947
0.030321825
0.045397345
0.04575862
0.022667808
0.039104927
0.047071446
0.041748356
0.031017628
0.020401068
0.04044389
0.04312542
0.051860522
0.024070384
0.05918021
0.03164083
0.031602122
0.03909532
0.038574502
0.024465535
0.04489912
0.047459368
0.044304296
0.05312684
0.041566357
0.042259734
0.062067807
0.049057756
0.04113791
0.06240541
0.027942766
0.032116313
0.036613114
0.04630889
0.04425668
0.035585858
0.062952824
0.040278554
0.036737483
0.04528551
0.041694574
0.02550508
0.059408966
0.031005993
0.061675232
0.031927798
0.037955627
0.03710872
0.032242876
0.044973765
0.0299823
0.031232342
0.018969988
0.024329906
0.036707073
0.026222372
0.03770853
0.04447639
0.038899805
0.014677269
0.024369823
0.03509051
0.033405002
0.046889074
0.038709275
0.025705822
0.018717343
0.043034635
0.028173817
0.026637089
0.049608346
0.037128486
0.013951799
0.028825462
0.031799287
0.03461528
0.01952355
0.026731087
0.03233447
0.064868815
0.038878396
0.05838748
0.040336847
0.06824055
0.013516734
0.030472448
0.048911564
0.029771648
0.03826514
0.0030517958
0.011124398
0.03467018
0.02162621
0.042273514
0.02131637
0.041292135
0.02018089
0.021913089
0.074240245
0.01541514
0.035131417
0.023949344
0.02935799
0.023269234
0.006836527
0.025425736
0.012517238
0.028264955
0.018670363
0.02006362
0.0567537
0.028282113
0.011270419
0.021856317
0.016317194
0.043433752
0.030002357
0.025115158
0.068610325
0.042968012
0.01736494
0.035391577
0.06223264
0.028696554
0.050393056
0.012454896
0.016004868
0.015706789
0.016848255
0.016483858
-0.0036308896
0.06477416
0.0252038
-0.0048505706
0.047157377
0.012652524
0.02142402
0.018914742
0.03723326
0.028884165
0.018720107
0.018986572
-0.0034804118
0.00789002
-0.018656861
0.027565416
0.055193327
0.01671138
0.0073317126
0.017163306
0.035312835
0.054170836
0.033042133
0.036636896
0.036341783
0.068553224
0.030633356
-0.0098675955
-0.0031110984
0.07227065
-0.009137938
0.00398498
0.046298184
0.036450837
-0.016901439
0.039248295
0.0035649154
-0.0071518603
0.01974812
-0.007815301
0.0355816
0.110453844
0.029995505
0.012259709
0.041578688
-0.007896511
-0.0053669997
-0.00680965
0.015701102
0.017215393
0.03572337
-0.0032729066
0.0021059015
-0.011528785
0.029671574
0.0001565916
0.012048654
0.054804537
-0.025066743
-0.020781204
0.09507265
0.038858894
0.019825753
0.060855098
-0.0053034397
-0.02843554
-0.0152081065
0.0063854866
0.040731832
0.01973937
0.014049912
0.073915176
0.054572172
0.0021365336
0.02455694
-0.013030013
-0.02734349
0.009661757
-0.017446583
-0.012577461
0.079292014
-0.025934948
-0.0162262
-0.013449479
-0.023703033
-0.002017926
0.043561824
-0.009525666
0.047092095
-0.019702764
-0.027413381
-0.057355184
-0.00014458643
0.029371206
-0.0046018274
0.061877243
-0.011325171
-0.016731925
0.050687734
0.110171914
-0.038548116
-0.01998345
-0.03004016
0.035108827
0.034063585
-0.04731193
-0.01959494
-0.017819244
0.0057906527
-0.032846726
-0.034102883
0.097637676
0.03772331
-0.012252558
-0.058550775
0.11794961
0.007754832
0.045547217
-0.022869356
-0.036153708
-0.01816289
-0.07076004
0.043216564
0.0108829085
-0.007823984
0.0111783
-0.03094685
-0.073845625
-0.012691482
-0.043206956
-0.05317947
-0.046691597
0.006194297
0.052137043
-0.048036262
-0.027751828
-0.06767952
0.013158089
-0.09146909
0.31789207
0.044989273
0.19606334
0.029573739
-0.048631825
0.03056128
0.024043215
-0.019924589
0.08951862
0.10525142
0.010340411
0.049118344
0.0012385771
0.34075123
0.0013495963
-0.08556471
-0.03540714
-0.048075307
0.042502884
0.0647158
0.06678807
0.0450984
-0.04348647
0.023638822
-0.070911735
-0.057519328
-0.025293078
-0.013715729
-0.048264
-0.07489228
-0.07953761
0.0032457393
0.00847944
-0.01494558
0.0035040127
-0.058025144
0.27022505
0.47607946
-0.049151488
-0.078454055
0.34013188
0.103255354
0.022779457
-0.007312979
-0.009150599
0.0057694167
0.027531534
0.1302011
0.050944082
-0.009817596
0.007720813
-0.069573894
0.012808931
0.013581407
-0.044523437
-0.04250245
-0.0801798
-0.097000204
0.011121731
-0.013321027
-0.013829073
-0.11776446
0.0599608
-0.11798045
-0.081563376
-0.09782334
-0.024611041
-0.101807736
-0.042645108
-0.025165066
-0.08699475
0.15483962
-0.122605555
-0.11217692
0.028749824
0.18336724
0.01329954
-0.053499185
-0.003063891
0.0033285897
-0.002462063
0.015472372
-0.053731788
0.13338584
-0.03741501
-0.019987658
0.05645804
-0.09666767
-0.09364437
-0.08382438
-0.10563808
-0.12229864
-0.0047603473
0.0030512325
-0.10120892
-0.12745406
0.43272227
0.010624075
-0.117611706
-0.0367067
-0.045964032
-0.036285717
-0.033338096
-0.030862367
-0.086994
-0.109230585
-0.09092914
-0.059563838
0.3964117
-0.15578063
-0.1254328
-0.12410046
-0.114720695
-0.075956225
-0.090021074
-0.009846804
-0.019776965
-0.09832042
-0.15620627
0.041139595
-0.060832474
-0.09170691
-0.053642407
-0.062433973
-0.18150637
-0.12992397
-0.12095706
-0.11410731
0.011096053
0.08257152
-0.13395958
-0.12888852
-0.20698804
0.11757831
0.17623118
-0.12767847
-0.057220645
-0.15557492
0.17062956
0.34972566
-0.14287214
-0.1129884
-0.15112936
-0.15852205
-0.16887765
0.1026842
0.14124978
-0.19264854
-0.1747053
0.108305395
-0.1262578
-0.14253409
-0.16486083
-0.15373434
0.03319274
-0.14615104
0.5149448
-0.2056285
-0.06295043
0.0069544055
-0.106419094
0.13129196
0.017752
-0.18983303
-0.106499694
-0.13928981
-0.12421848
-0.16148701
0.77840525
0.47405022
-0.06310799
0.33591437
-0.11877752
0.26283753
-0.06702934
-0.060848646
0.42779022
0.06963892
-0.04909205
-0.046036452
0.18468028
0.16386643
0.046369605
-0.030426204
-0.10901327
-0.089429885
0.12646517
0.1582011
-0.07268359
-0.069787435
-0.051429093
-0.06484758
0.03481912
-0.033443313
-0.084454216
-0.035119336
-0.10838447
-0.12372495
-0.02060128
0.07607658
-0.097853586
-0.023557764
-0.09229775
0.008003052
-0.005880518
-0.14590827
0.16459802
-0.114860885
-0.11658533
-0.09979726
-0.084566705
0.14183769
0.13564576
-0.09311344
-0.037098244
-0.15715623
-0.25248885
-0.07784801
-0.14294744
-0.03498973
-0.17110808
-0.10942212
-0.18101119
-0.24947065
-0.07281929
-0.15257587
-0.06552166
-0.21465696
-0.19598588
-0.1936279
0.019212937
0.24938372
0.064165324
-0.102068305
-0.20453393
-0.10607636
-0.19626221
0.18798631
-0.105283745
-0.09973809
0.118851714
0.15381378
0.0456371
0.3772021
-0.18294172
0.17220947
0.17349784
-0.045260996
-0.12428736
-0.18076795
0.14437921
-0.11595088
-0.0030080527
-0.0096835345
-0.088994056
-0.1092097
-0.0638525
0.01886086
-0.0729538
-0.12729228
-0.21849328
-0.096552305
-0.09680577
-0.11387636
-0.12138796
-0.14810742
-0.20454983
0.26083025
-0.13263617
0.02918937
-0.056193247
0.039927907
-0.18503308
-0.11183295
-0.21005656
-0.16655852
-0.30648017
-0.222352
-0.19980717
0.6578114
-0.16907318
-0.17544724
-0.21283817
-0.0636522
-0.21912853
-0.15831825
-0.19137235
-0.20446675
0.082089625
-0.12561762
-0.27156547
-0.16776711
-0.11084918
-0.30092084
-0.28927574
-0.14467332
-0.19742537
0.15499884
-0.2595023
-0.054622784
-0.2129713
-0.19178925
0.18931684
-0.018443229
-0.027119245
-0.16664986
-0.010542303
0.456086
-0.018750802
-0.2308244
-0.12017832
-0.12709376
0.36286342
0.03896817
-0.18219571
-0.25628826
-0.15135443
0.37979907
0.039430343
-0.20655401
0.040451318
0.34429476
-0.21114028
-0.14271802
-0.12803748
-0.15072015
-0.13283743
-0.18170688
0.2252225
0.19834635
-0.19408266
-0.10981098
-0.22890991
-0.14209764
0.010805031
-0.25087985
-0.061878808
-0.122794576
-0.25292575
-0.07986291
-0.14341557
-0.16742183
-0.16724
-0.2857928
-0.07162688
-0.21801703
-0.16187099
0.02142705
-0.23295814
-0.06106823
-0.022265665
-0.24540001
-0.065770425
-0.2813795
-0.10289016
-0.054157842
-0.095016584
0.002835542
-0.26787025
-0.23110023
0.0023050867
-0.10552585
0.42498362
0.05981885
-0.13334017
0.43793452
-0.14559096
-0.2441231
-0.19890851
0.9938873
0.09664363
-0.03951475
-0.18199414
-0.17152411
0.11373951
0.09062569
0.25758317
0.0873444
0.14788008
0.22775951
0.13279165
0.14782707
0.10107988
0.16525425
0.017562643
0.004456136
-0.01852508
-0.013388766
-0.020861883
-0.0062518003
-0.043928362
0.14124842
-0.05506357
-0.1153112
0.042150646
-0.12635306
-0.051395494
-0.13386953
-0.14243329
0.08098966
-0.15293555
-0.16451503
0.027746972
-0.17182276
-0.058538888
-0.085572995
-0.107115075
-0.16682276
-0.11950475
-0.1150895
-0.19033724
-0.2789219
-0.07028359
-0.16845849
-0.20305738
-0.052240074
-0.27592558
-0.16004081
-0.23875703
-0.18151006
-0.18867825
-0.15240572
-0.28439665
-0.088231035
-0.22479539
0.1617483
-0.3095611
-0.2666722
-0.27068487
-0.26275665
-0.30859882
-0.35670513
-0.1907465
-0.23250192
-0.34599447
-0.1277935
-0.033835992
-0.16661519
-0.08543283
0.016133107
0.4461896
-0.04184565
0.10994069
-0.27611226
0.34199232
-0.038182557
-0.16975226
-0.30921134
-0.26702425
-0.3250292
0.10159125
-0.23152055
-0.19271614
0.04404607
-0.033923388
-0.18797222
-0.15458578
-0.14593597
-0.16041465
0.7481655
-0.24943446
-0.11028788
-0.013298066
-0.128092
-0.20741473
-0.20917045
0.016534895
-0.17260696
-0.08540312
-0.2374199
-0.16665752
-0.22092187
-0.201522
-0.3149958
-0.3185893
-0.12552847
-0.11919564
-0.23475713
-0.2791704
-0.24217837
-0.17899173
-0.26954263
-0.27902243
-0.20405875
-0.2745108
-0.16433421
-0.36272275
-0.2765649
-0.036969706
-0.14864644
-0.08107581
-0.022102075
-0.15091154
-0.12525281
0.043272525
-0.19139265
0.017707195
-0.37072757
-0.27409995
-0.025997452
-0.2910725
-0.18389979
-0.33373857
-0.2946772
-0.15607643
-0.17223041
-0.3190181
-0.16462116
-0.03551483
-0.31130415
-0.08190815
-0.2465402
-0.28473285
0.10902971
0.42878228
-0.27233508
0.017351627
-0.21913995
0.7124847
-0.09987241
-0.0899246
0.20980147
-0.17233981
-0.059753932
-0.19035603
-0.2204345
0.47215983
0.47526926
-0.27421665
-0.040669397
0.006187141
0.22318806
0.033887576
-0.11981095
-0.18878242
0.46147525
-0.052530855
-0.16455987
-0.09434885
-0.19040358
-0.12754463
-0.054895997
-0.18234403
-0.20766585
-0.20424892
-0.061362922
-0.12491168
-0.1977797
-0.10351867
-0.16705416
-0.29420617
-0.12604864
-0.23846698
-0.25075075
-0.1275695
-0.2598965
-0.18822545
-0.21907109
-0.24771972
-0.30434704
-0.32178253
-0.40271902
-0.16628556
-0.2188298
-0.39629036
-0.3305973
-0.2160435
0.22111201
-0.30661082
-0.2171075
0.5106256
0.012156218
-0.25305608
-0.2004101
-0.37104222
-0.3079088
0.054629058
-0.39235255
-0.07799012
-0.33670634
-0.33879215
-0.050179124
-0.010241866
-0.23466092
-0.32103005
-0.028911829
0.10980754
0.48193356
0.12934324
0.2548442
-0.033914316
-0.051230796
-0.21567188
0.20278572
-0.11544976
-0.013665974
-0.23146491
-0.043584883
-0.21537125
-0.262191
-0.20893775
0.221094
0.009091936
-0.16564937
0.28133732
0.014926642
-0.10976784
-0.0683964
-0.10926768
0.17990324
-0.1952062
-0.098305635
-0.26834896
-0.25389034
-0.21591431
0.05043766
0.18098053
-0.17286459
-0.20876075
-0.20111588
-0.13745502
-0.21859172
-0.061619304
-0.20220612
-0.20337595
-0.19244358
-0.2559808
-0.21396136
-0.2615347
-0.33200324
-0.15151682
0.23554939
-0.32167378
-0.25005347
-0.15278463
-0.05275698
0.13888925
-0.1026572
-0.25003156
-0.10900075
-0.35697812
-0.09958112
-0.23566554
-0.14993694
-0.13210307
-0.087898284
-0.27948543
0.09195849
0.046283238
-0.27396426
-0.20306197
-0.3468284
0.10215315
-0.19476996
-0.060925514
-0.26339978
0.08874567
-0.015700689
0.14831805
-0.1785881
-0.20948869
-0.30104107
-0.3027196
-0.06665705
0.07671709
-0.3078049
-0.30875582
-0.19642371
-0.07825787
-0.31169134
-0.21443449
-0.31946614
-0.38170832
-0.3957279
-0.06336287
-0.38766482
-0.33780697
-0.30404222
-0.19113313
-0.29659188
-0.037865788
-0.2781436
-0.17352031
-0.065001145
0.1707317
0.69344485
-0.13661078
-0.174189
-0.07313166
0.25114623
0.107910834
-0.26275766
0.055379793
0.7748587
-0.13541704
-0.17126298
-0.13455963
-0.30483758
-0.12961394
0.056433618
-0.22195199
-0.1874512
-0.20455727
-0.29228634
-0.19239177
-0.13238776
-0.23481056
-0.22326893
-0.16174655
-0.10707305
-0.02981938
-0.23854983
-0.18976182
-0.32061273
-0.17577325
-0.14057316
-0.063700825
-0.15382813
-0.11855837
-0.2494894
0.2005417
-0.2084888
-0.13300559
-0.29018578
-0.2300039
-0.21310782
-0.14839932
-0.21169603
-0.21836653
-0.22231454
-0.13336445
-0.32324886
-0.2324982
0.3552277
-0.35660696
-0.205894
0.036812916
-0.07650915
-0.27802682
-0.11832212
0.105877966
-0.2876169
-0.168436
-0.27688503
-0.24337827
-0.29721922
-0.34568694
-0.24254304
-0.2373586
-0.39332467
-0.37952203
-0.422073
-0.37254965
-0.38365966
-0.2608693
-0.23128712
-0.28276917
0.0034039915
-0.4449221
-0.3470475
-0.38657576
-0.27081308
-0.29668486
-0.18277892
-0.30658573
-0.06877496
0.036305815
-0.4060881
-0.39078408
-0.38893312
-0.3860243
-0.3030002
-0.34350187
-0.31375414
-0.20420873
-0.36238652
-0.42435205
-0.119036496
0.59064054
-0.38486063
-0.2510984
-0.2154791
-0.102174856
-0.024907358
-0.23076391
-0.32026774
-0.2799684
-0.31131512
-0.2962341
-0.21945259
0.2572683
-0.23777628
-0.27293324
0.9307907
-0.07008012
0.25134632
0.02410473
-0.3052173
-0.18541183
-0.30198184
-0.14461157
-0.12354812
-0.29152608
-0.102329195
-0.2098091
-0.24809138
-0.21039326
-0.22259307
-0.28585196
-0.26408666
-0.21348387
-0.34099492
-0.3081444
-0.2292581
-0.17241123
-0.3929248
-0.23898235
-0.29213065
0.7897537
-0.37524214
-0.37526044
-0.21389928
-0.41429314
-0.3046586
-0.16118434
-0.13566692
-0.22959529
-0.40621728
-0.31395805
-0.3367157
0.8507005
-0.35936826
-0.40291283
-0.23699228
-0.33302754
0.004634347
-0.22712299
-0.21504155
-0.36764324
-0.2728624
-0.33152744
-0.35083443
-0.26035193
-0.30387896
-0.059619337
-0.40315384
-0.21273093
-0.3647519
-0.31177628
-0.33275598
-0.3418501
-0.2883847
-0.3669706
-0.29093882
-0.4222468
-0.4340601
0.16987187
-0.3944832
-0.030481301
-0.25129378
-0.05556376
-0.3048819
-0.28798515
-0.4150116
-0.09606248
-0.291812
-0.34858522
-0.4434275
-0.35280362
-0.24458414
-0.29407033
-0.18837397
-0.3331643
-0.17186671
0.088245615
0.070310175
0.3365192
-0.024998724
-0.30546677
-0.09766781
1.0263227
0.054903477
-0.11216718
-0.18722215
-0.1167548
-0.09467751
0.033165395
-0.24989644
-0.066038
-0.15297695
-0.29431078
-0.33057576
-0.15978456
0.25351143
-0.3577718
-0.102111876
-0.3121234
-0.2685006
-0.0635733
-0.37149855
-0.0033295883
-0.011179686
0.07825442
-0.100252904
-0.15864412
-0.18232015
0.17588359
-0.03670834
-0.25635052
-0.2839025
0.20105183
0.12678283
0.11297152
-0.032757632
-0.0737027
-0.35019976
0.05102296
0.5150526
0.30724794
-0.2769336
-0.34831995
-0.37696135
-0.099770464
-0.18991148
-0.16220082
-0.2951703
-0.33738223
-0.16663228
-0.35246158
-0.3728035
-0.2924173
-0.19196194
-0.2955646
-0.3651277
-0.038746078
-0.30700153
-0.24532397
-0.30133763
-0.37848288
-0.27045256
-0.08895123
-0.30899704
0.8145077
-0.1640469
-0.33328247
