15341.998
22870.719
15012.07
10901.067
8649.206
7327.6943
6373.272
5662.9854
5131.893
4613.829
4227.145
3898.886
3565.6973
3278.503
2959.8364
2764.7122
2571.5852
2363.1206
2191.5464
2020.2439
1882.7046
1776.8457
1568.9642
1454.6323
1388.0355
1276.169
1118.7034
1021.2012
915.35126
861.87195
781.27435
687.39246
616.92847
592.98865
486.03146
448.01102
368.4485
353.4696
279.7918
285.67432
231.40773
170.27881
150.18936
83.24066
75.032776
52.030365
70.55975
25.698486
-4.1921387
-26.659485
-67.35428
-44.424103
-51.93573
-59.10028
-94.33725
-93.558624
-110.97998
-119.53812
-137.70947
-31.75821
-127.121124
-122.23828
-115.44266
-134.47751
-122.577515
-113.22403
-94.18878
-123.623566
-83.824066
-94.36563
-93.62399
-103.62634
-105.02902
-95.576965
-60.820923
-91.70389
-31.176422
-73.17139
-72.552185
-41.728577
-42.80963
-62.78311
-23.691895
-22.07367
-11.798035
-19.584137
-42.85913
14.037964
8.244507
35.287903
42.512695
-2.6555786
30.594055
6.850586
32.162476
3.836609
-2.5335999
7.5334167
17.819672
15.524628
12.603638
1.8945618
6.0247498
5.056366
44.413605
25.212524
77.59573
52.057648
17.235413
30.318237
23.58728
19.354492
6.575226
25.94516
18.591095
9.401672
60.752655
40.871155
27.921967
45.79361
29.09671
22.441498
28.707489
31.339539
32.237793
1.357666
25.79248
-10.340607
6.0426636
-10.441254
-4.4427185
18.949524
-15.395111
-10.587158
-14.195496
-10.523285
8.958557
-10.860382
0.8501282
1.1824951
5.0682373
7.863159
20.074188
-11.1597595
20.601685
-15.143646
-2.7823486
33.10437
33.00888
26.890564
73.019104
5.088928
9.700531
9.355591
8.039581
73.22125
25.721191
48.878143
20.114166
50.81781
-16.524231
13.296387
35.852264
38.10666
18.946167
-10.397583
11.319824
29.700562
4.2465515
35.596924
11.543945
16.438354
-3.5309143
12.38266
-15.68927
33.61316
3.7016296
55.367523
23.630737
-0.071502686
18.930878
-5.9028015
67.145935
-12.135284
-11.291931
31.178467
28.510986
3.4352417
7.6901245
-1.2113647
-7.0569763
28.980988
11.789917
32.789917
-14.828705
-13.920929
-9.479828
-10.466827
-8.364624
-10.157623
12.234314
2.3564453
43.88336
11.872955
6.511963
29.653595
9.561859
8.289825
14.536713
0.93533325
12.946655
40.652527
6.8411255
22.676544
-6.91568
12.750763
19.923431
45.643158
-1.677063
33.303528
18.819855
29.8909
3.0913696
7.7357483
30.801117
-1.1105042
-6.1139526
1.7980957
-2.361145
21.431274
-0.6395874
20.299042
16.583008
-1.1947021
-0.77423096
3.4038696
42.416504
1.859314
33.736725
1.7738953
2.1879272
13.14856
17.658112
20.164673
3.7368774
8.612976
8.309937
20.891235
13.411133
4.7711487
11.4973755
-0.77474976
7.880371
1.6313782
12.454987
25.133636
-3.432129
27.818298
-12.485291
-2.0281982
2.4988403
-6.4782715
6.8101196
19.02887
25.679382
2.4570007
14.01474
11.155334
14.193024
-1.6836853
10.851471
37.83893
2.0997925
10.497498
7.2793884
13.072723
17.04184
26.169708
18.156097
45.44159
7.4747925
36.111084
6.6828003
5.4192505
31.38443
-0.50668335
5.402466
2.930359
4.857483
6.548645
1.6508484
52.65625
-9.354736
17.248932
15.679596
38.808624
60.529205
0.39761353
1.7838135
12.099762
-0.316864
-1.0462646
27.58191
70.311646
-9.305908
11.574097
-13.671234
-12.88324
5.3790283
5.746887
6.815277
-11.556183
22.86618
34.388306
-8.579468
6.728485
-5.12146
14.127655
3.3647766
-1.2514648
38.14807
55.418213
12.150055
9.969177
5.611206
31.160522
3.3813782
47.118195
7.695862
14.411682
25.826416
8.154968
12.516571
-4.581543
4.4411926
11.841431
-7.909851
8.119415
22.264526
32.714386
12.552734
3.5505066
-11.288696
-0.48858643
3.5193481
23.420044
10.312653
1.2565002
1.8644714
52.736176
-1.4866943
2.253296
20.677399
19.196869
-1.9368896
7.71875
6.7041626
41.616455
39.612
7.380493
37.65445
14.0121765
8.548309
21.694397
-9.58551
40.866272
12.230194
-10.912415
-11.128204
-0.8834839
30.597534
67.771515
-5.9696045
-6.0476074
3.8294678
16.127197
26.157593
-4.8690796
81.97125
-10.2361145
-10.404663
7.5578613
28.72284
-1.9035339
-6.557892
-7.4038696
-0.6826782
27.76947
11.795563
25.908417
-6.553009
15.01944
-8.125824
-1.2495728
19.00943
0.63775635
0.5247803
10.588501
45.581177
9.852692
-6.16391
-3.3448486
10.649902
55.378754
2.7348328
65.4451
7.4032288
1.000946
26.979797
4.4336853
10.986816
-14.374664
9.307251
24.261871
7.5510254
12.919312
36.499237
51.28235
27.833496
30.192871
-16.302551
66.11426
8.286591
15.8862
-5.8914795
35.09961
13.885712
49.26007
7.0491943
2.2759094
-9.117432
0.25909424
13.912872
2.0441284
3.1820374
38.80313
1.2213135
39.58853
11.6779785
9.766846
1.5068359
36.330444
15.96637
-16.172363
-0.20855713
18.51593
7.7590637
23.379913
9.37616
10.699585
2.1382446
27.147308
19.454132
-11.853973
-8.680176
-10.443695
10.737854
-5.093933
42.016113
-4.363556
51.185333
-2.1602173
-1.1828613
-3.2028198
33.59137
11.194336
-12.58078
17.944122
-9.245728
21.22992
-9.088654
40.67697
4.4055786
33.929688
23.223083
9.209015
25.106506
-1.9129639
11.24054
4.9515076
-2.0392761
14.292694
4.144684
-8.210205
-0.16571045
-8.520203
-0.18133545
0.87713623
25.726868
-7.722046
0.078308105
13.809967
-1.3976746
13.006409
2.890442
-4.486145
29.137085
23.299072
21.431732
2.2684631
2.5562134
31.862366
12.197449
23.633026
-6.6705933
28.897614
-4.229004
32.45584
8.553101
-4.911682
21.775513
11.317627
-6.6519775
-8.605957
8.828217
-4.2895813
7.5386047
5.7295227
-4.338043
-10.106354
12.274353
21.289429
5.57901
28.995728
8.922699
16.986725
-1.6907654
9.935364
-3.8646545
17.968292
-10.131683
15.845703
8.050171
-4.249939
32.338623
-4.4181213
16.062012
54.263153
16.829987
34.85974
6.4626465
-4.8960876
18.775269
1.9963989
0.9519043
-6.865143
-1.2727661
-2.5863647
-7.709015
44.33719
18.929688
-6.7152405
-12.063263
21.254639
26.15802
25.680603
-8.214844
5.1463013
2.9968872
9.550049
14.628387
15.910156
-9.386505
0.39138794
33.065216
3.492096
28.793884
1.637085
10.702087
19.140106
2.7225037
1.632782
-4.9005737
8.644531
15.382874
5.3654175
19.812622
57.210846
3.0707092
26.993988
36.70453
-5.77417
12.289124
-8.095886
3.9255676
12.366425
-4.7776794
19.899963
14.407776
15.030182
-0.66589355
9.300842
25.602722
12.99823
-19.545837
-6.5298157
6.5076294
18.18222
64.10596
43.032715
-8.187134
-0.7872925
7.3576965
17.668121
-9.396851
-6.7992554
-6.574951
15.799774
22.269043
2.5098877
-2.8321838
-3.4945679
-5.155243
22.870667
0.24179077
5.164673
-0.07775879
16.110474
6.196289
19.905457
4.888855
-1.8092651
8.381226
21.522827
3.6256409
3.4821777
10.866425
2.8246155
16.645935
-4.526001
5.72406
13.542664
13.056213
-9.76712
-6.5608215
5.806305
2.56958
17.309418
36.42276
-6.192993
7.8041077
36.988037
3.287323
8.724548
27.459717
-3.4255066
4.881195
-8.113434
45.81308
-4.7781982
-0.89785767
3.9663696
37.083252
-5.1377563
-0.20098877
37.27707
-12.083069
9.975983
44.680054
32.480225
48.05008
5.1698
27.630035
19.4458
-10.629089
23.500366
-8.138153
7.713196
-0.62057495
5.004242
-9.019104
36.838898
3.7374878
8.497925
-2.6077576
44.687042
-0.6112976
-1.3858643
-8.463074
-2.2538452
-4.5849
9.06134
0.6218262
-2.8121643
17.002777
-4.846924
13.930481
38.33197
29.16623
27.703491
12.907257
18.991272
21.91034
12.669495
-1.7298279
0.6260376
0.5476074
-9.727753
38.565796
1.8995972
-1.8717651
36.65915
28.319305
-0.73617554
5.89917
-4.023926
20.824615
-8.908691
57.647034
-3.9090881
0.8179321
12.663208
5.9710083
-8.027985
8.232574
-0.011657715
15.083984
5.3704834
1.3054199
-7.761322
13.88028
18.70636
1.1801758
34.237854
27.233795
-5.562378
14.808197
-0.6655884
33.29895
-7.6661987
1.1897278
37.901825
11.795593
36.22229
38.28064
35.05661
41.627686
9.465271
-6.75119
8.432526
3.5019531
13.817261
-10.727295
18.71637
3.645874
46.786987
6.318115
-16.375824
26.699585
22.350891
-3.992096
5.403534
11.404449
-7.7987976
8.629761
-5.7683716
27.923065
32.318207
14.160858
69.45099
12.370514
-7.1398315
-8.338257
23.492188
55.067505
17.857605
73.6712
10.837311
-0.061798096
49.080566
10.284332
14.147614
11.330322
-3.9821472
3.8329468
20.970642
55.327118
-2.566681
46.25067
4.0556946
8.449707
2.6875
-6.082947
23.160217
19.92096
16.103088
6.2684937
20.279785
22.369263
24.357178
10.750458
27.511993
13.023224
-9.984161
7.4072266
2.5683289
35.204346
6.30011
6.5587463
-3.3181763
-14.907928
14.630005
-5.8921814
9.321136
12.754303
10.084717
-7.913788
-9.245972
5.9887085
-8.591248
-17.993652
20.143799
26.91153
22.513824
0.9360962
10.973145
42.728333
23.953094
0.12036133
0.13729858
10.722656
6.6047363
7.2249756
16.932678
4.6873474
-13.336609
19.133972
9.079407
-0.38323975
4.0460815
-6.410309
4.854706
5.3163757
-13.883545
10.747772
24.426239
4.362671
33.733795
6.1624146
-0.4083557
12.963196
1.3497314
1.9607849
-3.8122253
-0.4451599
4.278473
18.189758
4.889801
0.56759644
11.052429
28.754608
-3.7211304
14.945068
1.4155884
1.2615356
8.907135
1.7617798
-8.69928
13.972351
-3.8000183
-3.5147095
-18.68277
-19.47528
11.497925
-7.904602
-9.576416
-21.753113
21.717346
19.769531
2.1962585
-7.3690796
3.8787842
22.31491
16.332336
16.572876
2.2867432
8.007324
4.445404
5.112915
8.609985
-2.6577148
29.001617
1.9615479
12.865204
17.667084
0.6766052
9.902222
-1.4155884
2.288971
-19.575409
-2.0578613
-15.870178
-4.6104126
-14.691986
9.373138
22.313171
2.230896
8.0095825
17.017181
12.249512
-7.281189
22.845032
-9.796783
15.76416
0.7191467
0.74261475
0.7581482
2.0003662
3.3996582
6.7593384
7.0858154
-15.86145
9.516449
-19.905975
-10.755463
29.156067
5.8494873
-2.0336304
15.560181
-1.6552429
22.815979
14.304199
6.972809
14.3958435
-1.9931335
14.046661
12.346283
1.0149536
1.6123352
-0.5443115
-13.500824
1.3200684
0.8447571
-1.7391052
9.590637
-10.552124
6.3178406
11.364288
5.2276
-3.6466675
20.579895
5.403076
29.890137
31.94629
6.66156
19.866089
-3.1734924
19.187225
3.0634155
6.6012573
17.610199
-18.18161
-15.776978
-18.022858
-26.32492
-6.996399
2.0896301
-6.3542175
21.82367
7.9374084
-0.61117554
-1.8702393
-17.143799
3.491333
-8.416931
3.9845276
-1.8083801
-7.484436
4.119812
8.335205
-17.084137
8.329041
8.987854
26.33844
12.998718
-20.83551
22.8833
-7.663574
13.013611
8.936523
-6.740082
20.067993
-2.5249329
-25.573608
-18.799225
-0.8690796
-6.2097473
-1.5368958
-9.832733
26.161255
14.199554
24.987335
-9.123169
15.440765
5.9047546
-8.096039
5.8027954
-8.003601
-6.3873596
-19.456665
11.336792
-1.9214478
-25.008545
-15.87973
34.407654
-1.1470947
-3.6408386
-18.782623
10.031921
-7.1134033
6.654846
-17.211731
12.16156
-18.11441
-12.119141
3.7009888
22.241669
15.369568
4.173126
-30.074951
-24.455353
-5.825714
-9.6605835
-1.632843
3.5092163
14.452515
-3.7719421
-11.645172
-26.559387
-7.320465
-0.21191406
-18.601288
-6.1071167
-15.56723
38.958405
-13.760712
-11.431519
-9.446472
4.8138123
-9.435303
-17.84259
-23.070984
-1.4996948
12.872803
-25.826233
11.62854
-2.674408
-24.81012
-12.541046
-4.2412415
9.795837
17.698029
-9.747711
33.32141
-20.818329
8.536621
-16.68451
9.961456
20.158417
-20.358093
-24.440948
-37.084106
-8.377563
-12.937927
-26.993042
34.76602
14.360352
-43.514038
-33.77545
-46.331665
-10.381439
-27.072968
2.123993
-7.149414
15.372894
44.000122
8.328918
53.60547
-15.839874
-30.513824
-18.66861
-31.241455
5.380768
-35.077667
-9.419342
-11.058563
-7.778534
14.263672
5.572418
39.77768
26.311462
-6.6343384
-19.861847
-37.048737
-8.437958
-16.498138
-30.604797
-37.951233
-6.8365784
-41.823517
-10.879517
-7.1692505
-21.284363
38.399628
-3.5145264
-26.338287
-6.9281616
-23.868958
-11.562592
11.12207
19.141815
52.805695
-16.23236
-22.290283
-30.203918
-51.81909
10.058838
-11.989014
-0.77456665
-27.733826
-26.645447
-32.382477
11.585266
-5.1351013
16.069427
-27.782349
-7.6210938
12.362061
-10.827026
-3.7483215
-16.408386
10.789398
7.260132
-4.1614685
8.512512
-6.0526733
-21.372162
-32.042847
-26.605743
-33.70337
-4.1875916
-1.1882019
-1.8284302
14.544495
-5.1418457
-19.813904
38.22818
21.42804
-11.017059
-33.608032
-19.12619
-4.215637
-5.710266
-49.042664
37.96588
-8.867004
-51.08197
-6.3305664
-15.260895
-2.6683655
-19.99881
-16.839294
-53.433655
-9.690552
-40.68155
-25.611603
-5.846588
21.637024
15.510071
14.831451
0.09454346
18.19397
-15.698761
-10.473022
-20.67392
-63.220734
-6.889374
-9.628143
23.222565
-23.522247
10.482727
-30.505615
18.190765
-8.488373
-25.09616
-23.79834
-16.025696
26.317017
-12.496338
-26.772705
-31.667236
-44.320465
-19.464966
-12.18692
-43.519684
-22.065063
-16.205444
-17.293182
-23.057983
26.934998
-20.331146
-42.007324
1.7472229
21.19754
28.828735
-9.697418
-21.412415
-49.082336
-44.78299
-24.009735
-23.378693
-5.242798
29.166595
-27.571594
-55.38983
47.494232
10.415222
-9.050873
-15.469635
-21.097168
-26.157593
-11.850281
15.050995
22.424133
14.719849
-28.545135
-28.371826
-25.131042
-13.32431
-5.03656
-19.341034
-12.267914
-15.81897
6.156616
-33.604156
-18.098267
-20.30371
-10.463989
10.278717
-21.236176
-19.528015
0.5629883
-7.8214417
-14.596527
30.296997
11.403168
-6.592926
-11.252167
-44.578064
-18.183472
23.900269
-39.52353
-27.477478
43.61789
-4.381897
-12.354431
5.107025
1.3204346
-39.016052
-6.390991
21.891052
17.661133
-10.724579
-51.408234
-17.121185
-22.919006
-35.812653
-15.149902
-24.0224
8.937805
54.397095
4.3790283
4.829468
-9.046295
-13.334808
-53.055756
-65.09393
-16.282318
-43.385956
31.540985
16.150665
41.576843
4.897522
6.972534
-32.306915
-53.005768
-35.69995
-36.651398
-33.301758
-27.050507
-30.400085
-4.2818604
14.925629
-27.798584
33.274414
48.19626
7.6503296
-21.783813
-38.714203
-50.971466
-8.5672
-26.9263
-30.973053
-36.601654
-17.527252
-14.312622
-2.5997925
-17.584595
9.127472
-5.5498657
10.184692
-20.522522
-12.057037
-27.498749
-9.512146
1.8738098
-53.4281
-53.967773
-20.77246
-35.64386
-38.322205
-2.6912231
-21.934143
10.906891
8.279449
36.605713
-32.838318
-11.065491
-41.194244
-58.502594
-58.172607
-18.355103
-19.63092
-11.059174
12.256836
-16.178284
-14.771179
-14.121155
15.359467
-5.171417
62.166626
-33.449738
-37.832397
10.305969
-51.910034
-64.02359
-4.5542603
-34.572083
-32.65988
-17.452606
0.9863281
-17.090118
2.9216003
33.84494
16.217285
-8.495972
-4.5367126
-1.5941162
-12.523926
-61.13922
-49.552704
-55.519226
-25.338837
-15.202087
-9.964478
-3.9000244
-10.164032
-6.9660034
36.29962
24.505188
-36.799286
-16.403717
26.109741
11.066559
-23.531067
-67.2395
-56.409058
-58.81125
-58.317627
-43.769012
-2.7090454
33.224792
83.95245
-8.656403
-4.8387146
-51.16922
-21.652771
-35.614685
-33.58911
-32.873535
-8.095184
-2.5303955
17.324005
-49.339203
-10.888336
-21.985687
-36.44638
35.4494
-17.87149
-17.981384
-22.639038
-27.48407
-24.970734
-52.382965
-50.6568
-24.885376
-9.861542
21.711975
31.468994
-27.18158
15.883026
-49.936035
-53.89029
14.559784
2.0410156
36.809174
-60.16284
8.462311
-0.6151428
-25.151855
-42.77957
-49.09146
-43.51178
-7.9029236
-20.7211
27.25763
-17.93454
16.275177
-16.614624
34.635803
14.098724
-27.238739
-46.80612
-19.913788
-26.721436
1.3954468
-49.268463
-18.390137
37.167328
10.707367
-4.8809204
-34.653717
-37.533447
-40.464294
-8.7048645
-28.58377
24.649567
-13.398895
13.173279
18.411743
-44.376617
-34.894623
-39.850494
-18.22113
-40.04251
-58.672943
12.548248
19.794098
4.333008
-8.326111
-28.33612
5.590515
-39.34729
-9.9627075
-34.740112
-78.37076
-21.079132
-43.89383
-47.20993
-5.7262573
-43.294586
-7.9779053
11.851257
52.37082
67.67383
30.50232
-22.802948
-47.30774
-65.04056
-66.674225
-56.08841
-41.55298
-60.863037
29.462433
-20.980164
-3.3689575
-18.828796
9.605164
-25.49347
6.035553
0.4202881
16.55719
-36.77646
15.274994
-6.3806458
-58.222412
-22.307526
-28.250214
-33.668335
-36.168976
-2.3798523
-21.109406
38.71765
4.30719
16.191437
-33.003296
-42.07666
-20.801636
-40.404236
0.08483887
-7.3098145
-26.747742
-43.64563
-8.41214
-50.39081
-39.69745
-54.3042
-55.392273
-14.730225
38.29312
10.541351
19.646149
3.1428528
-42.391724
-45.621033
-20.671936
-28.801697
-52.831238
-33.745483
-39.465332
-9.603546
41.461945
-32.367584
-18.890717
-4.0290833
-30.304443
-39.855743
-12.981476
-31.906097
-67.89139
-32.454956
-64.87076
-50.057617
-41.713104
-31.127594
-15.489838
-25.943481
18.221893
-29.295624
-10.084412
-49.954407
17.536438
-28.611877
-19.81186
-36.874786
-11.249786
-34.374634
96.09012
-72.13956
10.254517
-27.77417
5.178406
11.916809
-41.510437
-21.144928
-14.061707
47.34723
-23.7193
-33.989197
-38.04138
-53.3602
-54.910187
-3.7805176
-87.16824
-29.03833
-5.0166626
-9.231506
3.951416
14.114075
-12.228027
10.944824
-18.070557
-43.453644
-40.651825
-62.972137
-39.40567
-78.56061
-8.755676
-30.230682
-35.95749
31.612183
3.1252747
-3.124939
-35.946198
0.29629517
-33.61374
-66.13989
-23.529785
-38.09549
-81.75342
-39.030853
37.674835
-47.8743
-32.31009
41.708252
-5.4237366
-53.65851
-71.210266
-33.743927
-1.3470154
-15.3324585
-13.89389
4.24115
-26.179749
-66.200714
-87.23212
-39.33441
-11.023651
-36.7677
20.82779
-36.274353
-3.1812134
-12.848846
0.8057251
-15.452423
-45.42682
-7.755493
-54.385193
-50.449097
-53.180786
-25.716492
-22.50592
-23.289185
-30.95816
-22.755737
4.1040344
21.07434
-41.540405
13.46347
-43.922516
-31.674957
-27.154358
-67.542114
-30.610382
-37.424652
-43.8739
-36.066284
-9.285187
33.86612
2.1083374
22.191742
-36.844757
-8.401093
-27.350922
-63.05075
-20.178986
-87.28723
-72.614655
-44.52881
-60.754333
-8.02475
22.901428
35.28598
-7.852112
-4.7232666
-10.622864
2.0731506
-25.608093
-38.218445
-79.769806
-85.06152
-56.202576
-71.970184
-29.440948
-28.946442
24.902405
-31.35379
6.110962
32.36676
-4.129608
-5.5043945
-29.60553
-15.616638
-54.31189
-66.377594
-89.0365
-51.278778
-3.7857056
5.7481384
-36.433563
-4.467224
12.241455
-33.34079
-11.868866
-43.62097
-8.924927
-44.099762
-4.94104
-20.866882
-39.16449
-51.21692
-51.130432
1.3272095
-63.44626
-57.570496
-23.858673
13.69754
-7.008301
5.405426
15.831055
-56.628418
-51.179016
-63.196594
-68.63852
-39.514923
-61.96219
-52.05197
-10.428772
-34.55365
-7.911255
-10.988403
-33.901306
-13.601868
-18.327087
-22.464539
-28.601562
-28.327393
-39.569183
-21.868439
-53.007324
-83.73102
-65.835754
-75.08911
-0.8748474
-26.589111
-5.6231995
-18.662018
5.016754
-22.386108
5.0026855
-28.127136
-36.753815
-38.039886
-34.298157
-5.890503
-41.080414
-35.064453
-74.34842
-74.07468
-71.6488
-81.6814
-33.457794
-41.601685
-43.05362
-2.07724
-11.407318
49.298798
-35.495148
-60.18289
-5.7459717
7.385132
-54.234802
-55.717407
-69.78116
-41.924377
-70.427246
-21.290894
-50.606323
-30.11972
30.578918
27.865265
9.256256
-11.921967
-61.46341
-46.549377
-72.066986
-123.61307
-107.10895
-65.91962
-29.698181
-25.13858
3.4519348
19.95874
12.875977
-2.266693
41.98163
1.0387878
-39.830017
-4.004242
-43.271484
-70.88068
-58.27118
-81.03296
-52.637787
-43.41794
-33.018524
-17.441132
8.88974
6.005249
4.2840576
27.940063
20.161407
-5.1967163
-3.1392822
-43.169952
-23.575073
-69.308014
-61.406647
-51.202026
-47.25659
-27.832672
-45.689575
-60.10556
-13.414917
-44.163757
12.115753
-21.153107
-4.5436707
2.2363586
-6.2084045
-20.227448
-27.408386
-10.230408
-35.887085
-42.04669
-6.5767517
-46.932343
-18.146942
-52.348114
-35.9964
-62.58362
-25.627197
-24.078003
-41.737915
13.178833
-37.434937
1.2454834
-2.5627441
-43.396545
6.7683105
-24.602173
-23.62793
-19.969177
-43.674652
-82.30734
-61.645386
-20.670013
-43.77655
2.4396057
-54.639313
-4.845825
-28.255249
-48.12207
-67.73016
-17.389343
-32.025574
-5.855957
-34.039886
-17.723846
-25.526337
-29.580688
-9.942566
-73.24646
-33.950287
-69.74249
-11.116333
-35.176178
-32.818726
-36.42816
-45.416534
-14.213745
-13.924194
-37.63321
-40.60565
4.670685
-59.895203
-54.677643
-23.929688
9.028137
-64.59207
-58.73123
-81.80237
-60.627045
-16.380188
-69.84689
-60.520935
-32.285828
2.6381836
-20.059723
-20.57544
7.053589
3.398346
17.188751
-3.0941162
-42.25531
-40.547974
-42.27545
-81.683136
-51.269287
-60.537354
-27.271973
-54.221405
-46.00537
-8.442261
17.04184
-11.540802
11.194946
-16.062286
-19.20282
-19.437714
-57.250763
-9.308258
-39.663147
-51.08716
-13.450989
-25.996033
13.308441
-42.732452
-43.13321
-31.768066
-40.134583
-15.898071
-34.32193
-32.515533
-35.735565
-19.233856
11.181
-37.830597
-4.9889526
-42.77643
-63.136475
-42.827698
-64.58768
-49.96631
-57.62439
-37.507935
-43.098083
-11.642914
5.0242615
6.4706726
-16.491638
-5.9205017
-45.798706
-52.4787
-38.538513
-49.753845
-23.744232
-12.682953
-61.057404
-0.11953735
-21.113678
-33.902344
-36.707092
-71.87329
-79.61948
-81.59866
-49.439392
-42.474854
-33.911804
-13.858185
-0.31341553
5.662842
-26.727478
-21.792633
-43.956543
-33.04483
-22.22528
-31.187866
-48.188446
-63.511414
-20.973114
-13.071747
-52.00482
-53.202576
-50.637787
-22.827972
-0.20947266
25.34549
-12.030884
-14.883484
-34.414062
-32.472687
-17.244873
-29.003815
-31.672363
-51.430664
-53.19922
-40.737396
-42.779755
-52.569794
-55.227356
-53.63626
7.8790283
-44.78665
8.36264
-20.573578
-14.403717
-30.219116
-37.09851
-59.072296
-84.816895
-54.8526
-48.916656
-43.1185
-19.993835
-5.0614014
-33.63434
15.129486
-9.278076
-31.550964
-34.300568
-28.257324
-24.934174
-52.828094
-75.751526
-66.697845
-54.888977
-28.41336
-14.614746
-22.646149
-2.4222412
-19.374939
-9.739014
-13.313141
-35.373047
4.425537
21.594543
-18.380676
-37.808685
-54.288116
-64.37277
-62.0477
-68.84897
-55.54068
-55.24713
-52.480896
-39.608948
-49.75473
-11.801483
36.92215
-35.239227
-11.244812
-11.679565
-34.20987
-21.32373
-43.976105
9.214905
-14.270447
-42.57547
22.059906
-24.261475
-60.634613
-60.38742
-43.69388
-19.313477
-42.40927
-37.14554
-18.20227
-19.3414
-21.164429
-23.885437
-44.65207
-28.823212
-29.616943
-45.632477
-10.864349
-52.302704
-15.6828
-28.274292
-32.041992
-40.341583
11.007416
-49.38147
-29.416565
-34.275574
-6.967346
-31.449036
-55.883972
-42.528442
-39.733276
-29.614716
-29.680359
-24.601929
-19.768616
-38.36621
33.264984
-38.146423
-10.11554
-48.28296
-67.50433
-70.9259
-69.55304
-39.260925
-50.95993
-46.811157
-6.1653137
-41.75116
-33.144165
-26.880005
-20.292084
19.92163
-0.59573364
-37.28836
-36.960938
-33.841553
-23.85968
-42.623108
-37.011658
-59.0011
-75.4552
-28.717651
-57.010193
-27.105286
-25.893219
-33.05664
0.8392029
-2.4292297
-53.5242
-56.41446
-11.390015
-34.907623
-29.447327
-22.405884
-24.305939
-1.2575989
-26.586792
-20.189636
-22.813446
-4.0289307
-19.511658
-10.711334
10.554138
-33.288605
-33.568726
-16.513916
-46.950806
-64.92111
-41.118195
-31.63327
-67.05817
-46.628265
-21.832703
-63.072205
-42.68576
-7.143524
-1.4870605
-9.06015
-2.1049805
1.8040466
-15.839874
-25.255188
-53.120697
-37.94275
-54.270172
-27.049774
-33.268738
-57.096985
-26.733368
-66.00238
-57.53601
-32.289795
-41.57196
-13.514618
-27.825745
-8.520355
-34.940125
-17.433594
16.028778
-1.6180725
-28.68991
-61.622833
-31.401154
-80.060425
-89.41998
-57.10956
-58.627533
-36.395752
-48.076385
-40.115173
-7.946167
-24.229248
10.652863
-14.184204
-8.7578125
5.9587708
-45.838593
-31.315308
-40.269196
-49.051514
-71.210846
-29.824036
-39.41272
-33.03891
-46.695526
-34.249878
-67.986664
-26.661835
-30.006805
-1.3833923
11.567017
-23.986053
-30.030334
-32.624725
-20.755188
-39.14319
-29.352234
-23.59497
-53.701843
-57.494965
-68.51105
-34.184692
-24.266449
-31.233368
-25.083954
-20.429443
-4.0554504
-30.461395
-29.163635
-32.601868
-22.071716
-36.63507
-36.638824
-43.87372
-30.950165
-31.573792
-38.39218
1.2558289
-46.0141
1.7186584
-61.997864
-64.32938
-60.21408
-28.40915
-53.16461
-44.817535
-33.28482
10.050964
-35.00479
-17.196136
-27.207825
-52.877686
-45.235504
-28.278961
-39.233765
-32.90558
-42.82422
-31.614502
-55.538116
-62.670685
-0.45211792
-34.428345
-13.446075
-24.522156
-8.505005
-36.89456
-44.58069
-55.507812
-36.96399
-55.327454
-25.096893
-22.872162
-28.36084
-26.669434
-60.01642
-1.5104065
-56.233948
-59.563507
-37.306152
-51.71167
-34.20105
-12.461945
-50.129272
-51.565674
-42.437927
-18.404663
-29.959625
-53.402008
-55.20331
-61.17343
-43.1416
-3.3177185
-17.683044
-6.248169
-28.942719
-19.253479
-38.619263
2.1084595
-23.091858
-43.71402
-57.465942
-0.66104126
-42.634827
-33.58539
-84.93979
-26.216309
-84.74365
-76.4234
-60.01361
-25.802368
-15.692352
-20.599518
-26.207275
-44.473877
-18.708069
-38.117615
-22.247559
-18.694916
-23.644562
-44.88684
-17.584778
-35.65042
-35.206116
-43.982788
-52.26706
-67.85571
-31.77185
-53.94159
-48.36743
-46.003418
-48.799957
-26.332275
-14.772217
-21.933624
-27.084412
7.0716553
-50.288513
-56.020172
-47.485565
-61.143433
-21.461578
-39.141266
-39.97101
11.047974
-36.475555
-57.41037
-59.199493
-20.344208
-43.61557
-74.06085
-57.5029
-43.84253
-42.574615
-44.992523
-45.679688
-29.561188
-68.54501
-82.86264
-48.434326
-70.15289
-45.8295
-48.830048
-29.349823
-5.342407
-30.566956
-22.66626
-34.448364
-10.275696
-49.917694
-33.709656
-23.953918
-60.89035
-41.64154
-56.15793
-29.913757
-17.836365
2.7514343
-10.332153
-33.18579
-38.35199
-67.89139
-26.879059
-51.18451
-39.15219
-42.954132
-30.513397
-45.827484
-38.21997
-61.900116
-44.58264
-45.646423
-19.979889
11.423126
-47.41046
-30.184021
-9.764862
-40.193665
-30.619232
-25.476013
-21.986908
-43.163025
-56.820618
-29.60904
-76.44104
-63.67102
-69.829956
-56.57489
-71.64935
-56.406067
-33.16504
-28.576538
-28.538147
-10.273987
2.3524475
-22.036499
-43.895325
-34.428253
-58.486145
-72.50308
-83.44534
-25.181274
-49.830444
-27.056519
-18.593933
-34.417023
-37.05957
-41.41916
-54.727966
-26.551147
-53.669464
-51.275726
-55.978058
-28.388336
-72.854065
-73.73126
-33.39691
-27.87085
-31.490417
-33.631744
-48.369812
-10.944244
-15.088898
-66.87131
-52.85025
-37.218292
-31.471527
-52.912262
-44.077423
-45.778473
-55.494873
-53.908173
-62.200806
-17.071472
-11.381287
7.79834
-32.701355
-9.120117
-4.0781555
-26.66507
-57.54776
-57.18573
-65.65939
-26.833221
-15.347595
-42.094727
-7.8645325
-26.627625
-9.056152
-70.35559
-61.471863
-47.369965
-22.992157
-18.019043
-34.065216
3.6047058
-22.216644
-1.9402466
-48.123657
-49.692932
-75.82596
-50.868866
-31.214783
-17.552124
-44.703766
-37.6969
-6.3424377
-22.01233
-27.663269
-24.103027
-23.551392
4.4560547
-18.071075
-18.003784
-60.659668
-36.34601
-62.026855
-72.45514
-41.842957
-17.548187
-30.474579
3.4155273
-44.153595
-28.96283
3.556488
-7.549408
-43.856476
-55.933044
-55.8851
-44.861847
-21.874207
-44.42868
-18.639648
-21.592041
-29.808167
-28.822968
11.450714
-26.111023
-46.948853
-44.768127
-22.759949
-41.805298
-54.503143
-68.70657
-6.827484
-40.66867
-21.54956
-19.576752
-25.249023
-15.539703
-38.871277
-24.563873
-28.679901
1.3197021
-62.26587
-43.660828
-31.632874
-45.98987
-58.404114
-37.783295
-11.104462
-62.518982
-62.420868
-70.22647
-30.224213
-43.934113
-15.8619995
2.7793884
-40.11676
-39.20883
-63.671356
-65.90231
-39.377808
-34.308105
-19.148193
-27.368439
2.2934875
-4.291687
-31.880737
-18.815552
-14.007904
-26.948273
-55.7818
-55.96579
-36.892
-14.193909
-35.026184
-13.540649
-8.283203
5.2703857
-0.102142334
-35.399475
-22.893158
-34.601044
2.2631836
-28.202393
-49.70462
-6.7776794
-55.440887
-40.523438
-57.612488
-45.418365
-33.478912
-50.374634
-19.667908
2.1794434
-73.66705
-32.185577
-44.34897
-51.068176
-59.165222
-35.387604
7.6769104
0.31356812
-37.761658
-48.58716
-52.878906
-48.234924
-7.8539734
-35.943817
-26.125153
-36.436646
3.8164978
-17.840973
-10.5
-26.134033
-50.65515
-44.206238
-51.884644
-31.133759
-15.267456
-0.51309204
-37.55789
-59.146698
-51.34424
-71.46823
-66.368774
-68.14426
-48.00534
-12.2682495
29.678802
24.513214
0.10266113
-60.413696
-35.068085
-24.996277
-36.01996
-59.245728
-55.268707
-33.628906
8.810394
-2.783905
-11.30423
-42.822693
-15.9422
-37.994385
-45.7948
-29.166931
-47.480865
-39.19992
-50.578644
-33.982697
-64.10925
-29.449768
-38.592865
-30.977356
9.786163
6.861267
-59.731995
-19.457275
-49.901337
-21.368164
-53.764893
-25.837341
-86.3837
-64.52472
-47.148712
-34.427887
-53.14102
-48.6221
-8.061218
-10.783813
-5.804535
-43.377167
-60.200806
-22.90686
17.147034
-51.969757
-39.488434
-45.074585
-47.928894
-50.854706
-55.034607
-3.7193604
-38.664062
-37.59619
-12.043274
-33.600647
-46.230347
-82.29346
-79.41452
-34.539673
-33.938507
-21.439636
-23.42276
-40.2771
-21.586761
-34.819427
-30.86322
-51.971375
-44.061646
-35.223267
-30.21576
-47.60321
-33.336243
-44.186462
-66.86182
-53.31189
-60.361298
-60.171844
-79.31256
-18.685486
-46.668793
-15.757965
-21.75412
-24.641205
-43.219147
-6.2555237
-45.29599
-36.97879
-48.953186
-12.390045
