15114.297
21534.973
14847.711
10281.631
8336.63
7274.375
6311.536
5674.3555
5074.325
4629.0684
4201.045
3912.3406
3523.6519
3334.5498
3069.9246
2870.5889
2706.7383
2562.3691
2373.9146
2164.6628
2035.7893
1931.9485
1819.8156
1663.3145
1543.9495
1403.8232
1321.6141
1213.8904
1110.3799
1015.57184
956.0536
840.2481
793.82776
734.9645
674.06055
606.9385
539.85236
501.1397
412.7376
351.7904
330.58862
298.62555
267.3128
244.17004
195.47989
192.95163
120.70862
95.96771
95.07086
60.56775
26.229675
16.791382
-1.4713745
-5.5526733
-32.070618
-11.666199
-28.150757
-82.01953
-56.33972
-39.813354
-43.848694
-32.31311
-111.697784
-58.06848
-120.09155
-88.27246
-71.173676
-128.9018
-85.427826
-110.70529
-56.590393
-103.23093
-113.037415
-122.428894
-91.211365
-62.368286
-68.24594
-72.96289
-90.58545
-95.45972
-59.029724
-41.70862
-37.946594
-27.18927
-13.356323
-60.633667
-28.20514
-53.029175
5.918213
-46.365906
-15.027466
-35.632996
-6.8083496
-1.680603
-33.291687
15.450073
-17.648804
-35.636353
-17.54309
-29.804382
40.260742
-12.675354
28.33606
29.845825
60.86609
-11.815552
37.788574
22.800781
16.262146
-11.795532
-3.243164
-4.487854
-9.285828
8.676636
0.3079834
26.886963
51.411255
3.8571167
48.2135
21.83722
-12.383606
38.890015
4.0493774
53.578186
82.24939
31.69806
-4.2996826
19.001465
15.220947
19.218567
50.08667
8.461243
68.49927
80.575806
37.829346
21.309631
-0.95318604
11.596985
-13.341248
29.231018
28.346924
55.144165
-13.635315
-15.205933
-0.6558838
-19.825806
10.966431
-6.234497
-3.203064
34.4989
-0.80340576
39.485657
-39.028503
-10.0807495
21.14441
-21.638245
-10.98291
23.229675
-20.192139
9.4021
10.708313
5.6464844
16.955505
6.7907715
8.02655
-9.878479
-13.773865
-3.4163208
-11.638794
27.833557
11.782532
8.904968
-20.563416
-5.6293335
34.07434
21.798279
3.4313354
30.820007
25.661743
15.440796
24.303162
9.7404785
2.7180176
21.127808
-24.723145
13.943237
34.82013
-13.589722
25.162292
-11.696838
-12.83313
27.003174
21.73291
26.776123
37.126038
51.06671
20.68872
61.692383
-0.5969238
-10.476379
21.551392
35.238037
15.863831
24.548584
-24.078796
25.008606
3.7352905
24.160522
7.2113037
8.389099
46.3396
-6.747986
-7.3306274
46.976257
32.52118
14.558044
-26.017273
57.080322
3.6885986
-8.815552
56.185547
12.731323
21.843689
24.664673
20.17212
-19.149902
16.862854
21.10022
7.3618164
-7.367981
-23.061768
10.326172
0.13323975
9.851074
37.404114
-9.315735
-2.6828613
-28.610962
-7.8273315
14.55304
46.83362
24.432373
29.64746
-17.727356
-19.160706
43.333252
-5.079895
12.480103
1.3487549
-12.069458
-28.903992
-16.635132
1.5822754
-6.207947
14.657776
3.3500366
24.974976
20.095703
6.3568115
36.68091
-5.583191
15.080383
3.3915405
20.591187
5.45874
-5.4729004
12.104065
15.592224
40.136597
5.5578613
5.6644897
72.9563
-1.7026978
29.164734
44.381287
1.4122314
-10.430054
4.2487183
0.5239868
13.925354
2.4541626
11.629578
2.97052
14.687317
-29.185486
38.703796
33.2511
18.368835
19.152893
-10.908142
8.360596
-6.9019165
29.97351
0.51672363
-9.502502
32.124023
14.156128
-8.260132
28.575317
-2.1435547
37.15222
55.615723
3.6723633
32.60431
-18.43518
30.739258
53.60608
-10.864319
40.918457
-7.390442
29.93518
20.547363
-11.059082
-33.994995
51.391846
-27.091309
9.093018
6.244385
-10.319946
15.850403
16.160522
21.555481
30.841248
7.4058228
-7.7351074
8.125732
13.366211
11.056763
12.469421
-2.7818604
13.462463
18.141907
-9.295288
12.5581665
6.8690796
17.23175
36.13849
34.892212
1.9683228
0.73498535
-24.983398
-9.851196
-5.536194
11.373657
10.567505
22.888245
13.759888
-17.689148
28.671814
-11.308228
-4.3164673
27.681763
-3.8999023
16.021606
25.702698
-12.544312
16.006592
-3.9033813
0.637146
6.602661
31.844604
39.30237
28.074097
20.12799
-3.7634277
1.7388916
-7.2733154
5.8464966
-9.064819
-1.4768066
5.562744
30.246643
28.018127
6.693115
25.543274
0.49572754
-15.260071
20.954895
44.40222
-11.684326
32.00659
15.357849
16.88385
6.057251
8.725525
10.537231
-8.959106
17.8833
21.276917
-12.722168
20.478027
12.1026
12.688904
14.104858
-2.5912476
8.46936
14.022888
-10.437378
-10.444214
8.262573
-5.3287354
-0.61657715
-9.870178
8.47467
24.750732
19.62677
-2.18573
2.017395
14.26001
15.021973
14.725708
-1.3328857
-3.3321533
32.97809
-15.310486
-14.726196
16.121338
6.435974
26.326172
37.811096
23.79541
-4.486023
-9.740356
7.8325195
53.37439
17.387695
53.437622
8.977722
51.03949
20.526794
-13.070984
55.112
21.70636
-1.982544
-35.85785
12.503662
-1.3167725
26.037415
-31.108215
-12.63855
9.045227
-5.620056
15.8533325
-9.16217
29.831604
7.8549194
1.6184082
-6.2021484
-7.748047
-0.096191406
-16.596191
8.234009
-4.3950806
-5.116455
28.913757
9.863159
-12.099182
-8.735718
44.0094
18.605042
11.969177
-7.3964844
-6.0994873
0.9564209
33.619995
34.17517
8.467529
54.917297
18.4776
3.1052246
-1.7788086
-1.2807007
30.518188
8.086182
-2.8973389
-12.606812
-0.7576904
9.607178
-21.444763
3.2399292
-0.6791992
-2.1818848
30.9198
-12.246643
1.3987427
-0.36157227
-2.4301758
7.8583984
1.517334
-15.194641
0.66711426
36.41974
5.7105103
-14.94635
18.455261
-18.135376
-4.8757324
2.6745605
16.907837
2.8758545
8.165405
-13.301453
5.9646606
-4.1065674
6.9159546
17.250366
1.262207
-8.469238
-4.0742188
56.961304
8.836365
8.869812
7.659973
-21.384094
18.061646
34.93268
19.417542
10.280701
14.961914
12.317749
6.3966064
22.529419
8.221191
10.684509
6.803528
18.57904
-1.5606079
1.8188477
-1.7741089
2.826355
26.702576
-12.653442
11.367126
21.566528
-14.09613
-6.3511353
4.087158
-14.305298
12.828003
11.503052
-1.5695801
-5.7853394
5.434387
-18.021423
1.9562378
7.3726807
22.207764
10.604004
14.654541
-18.141663
10.645508
3.9769897
0.71881104
-11.778137
28.862915
3.1531982
13.027039
47.277832
29.575806
-2.0042725
20.342773
6.7547607
11.605103
4.5356445
10.582214
-17.923218
-10.847961
-8.014709
-8.266113
-3.4404297
4.7261963
0.13275146
26.080566
-4.299988
-6.0911255
17.848572
17.608643
-24.513733
20.210571
29.724731
26.46637
-1.5175171
27.9422
9.312622
10.149353
-18.89154
-2.255188
-6.126526
1.7910156
-5.251343
-3.4976196
8.864685
-26.808533
-6.9727173
-10.754761
25.341736
19.313599
-31.237793
14.2282715
4.9500732
35.14789
11.646606
-12.411987
1.5668335
3.5354614
-10.2178955
-3.32312
15.622314
10.650391
21.570007
-0.8374634
4.959656
-2.6135864
11.063904
14.092468
20.36145
4.4368896
-0.111083984
8.740234
5.006653
-11.215088
-8.042847
-4.708252
-3.3620605
8.940247
18.962585
13.43103
16.58606
-10.325806
-11.887085
-1.5992432
-2.0054932
-10.249817
-22.714844
11.052429
4.0496826
0.22363281
14.432617
4.3131714
30.137695
31.502686
-6.156433
-19.545532
4.149414
-9.488403
-17.25824
31.823181
2.8585815
0.009887695
4.581787
-0.23742676
-5.572754
-25.012207
3.5861816
0.31817627
-1.8450928
-1.2255249
-15.805481
-4.2665405
-16.780212
-12.787598
-5.2956543
-19.583252
-4.435608
-12.579163
16.572876
32.640686
16.479004
14.47644
13.119141
0.37420654
-7.175354
13.2751465
37.1864
4.9399414
6.861389
14.741882
-20.092957
-12.154968
-10.040649
20.634583
7.35083
1.4976807
7.961548
-4.38208
-4.3547363
11.500671
-12.279724
-19.315613
4.6679688
-26.685486
-1.8029785
-8.903748
2.2736816
3.2660522
2.546936
11.520874
-1.9139404
-4.4884033
10.805176
-5.394104
8.335205
6.197876
13.473328
-7.356201
22.567444
6.6307373
1.052124
-12.762268
-4.4591064
-2.7946777
-25.066956
9.305969
-5.9658813
-18.360718
9.1935425
11.205811
-22.184814
10.569092
6.5130615
11.080994
6.3825684
10.255249
-6.3675537
7.237793
1.3276978
9.118103
5.6375732
-2.6116943
-14.259644
-16.640015
1.3225708
-10.129578
-4.501465
5.0320435
-17.603638
-7.3704834
-25.88855
2.949829
11.566406
-0.9581909
2.1032104
10.524231
3.7614746
0.46905518
23.468933
16.747375
5.6708984
-5.642334
-1.2937622
13.899597
-4.511841
-11.911499
-34.607178
-11.508667
3.484497
10.086487
-4.914673
-0.50787354
-13.47406
3.1466064
-6.046997
1.611023
-2.3848877
24.013245
-17.3656
-22.085022
-19.28003
-23.411499
-4.7698975
7.2371216
14.030762
16.984253
0.9266968
-8.195557
6.701782
16.350403
-21.021484
0.2616577
-4.939209
-23.879456
3.7961426
32.187073
1.4179688
-24.94989
4.296875
4.2841797
-2.4273071
-23.17871
-5.627075
-1.5714722
0.89697266
-11.380859
-10.106384
-16.221802
17.024658
-11.582275
-13.379089
19.290405
-7.68396
13.194763
-8.757446
-17.953186
-19.085144
14.37384
2.7072754
-3.8554077
3.932495
-20.030762
16.69806
-19.283386
-6.6992188
-12.695435
-10.127197
-26.773682
-3.1524048
-6.831543
7.0617065
-24.789673
26.676575
7.2963257
-14.416626
-13.555786
-22.95343
-13.346252
3.331482
26.07257
18.255676
13.851318
-13.887451
-1.3705444
8.823364
-5.848877
2.769287
-33.504517
-16.509338
-31.156311
-38.851746
6.1538696
-5.9648438
-9.357483
-23.023987
-4.3737183
-17.89862
-11.083923
-15.194824
1.0490723
4.9674683
-24.014465
-3.2354126
5.399597
-3.4972534
-2.3930054
18.255737
-21.64154
-9.440796
9.349365
-24.351746
-6.9543457
7.5490723
-27.383362
6.9920044
-8.004517
-27.121216
-20.819763
5.989868
-8.6828
28.899658
4.666565
-28.279602
-7.987671
14.3688965
5.361328
10.9991455
-8.315735
-29.385803
-20.794495
-54.514526
-12.628601
-12.502563
-34.072144
-14.736755
-0.59228516
-24.042542
-7.708679
-35.116577
-28.688843
7.7177124
-39.226868
14.040649
-10.302246
-0.25946045
30.144836
7.4039917
13.42749
1.2889404
-18.052063
-1.5634766
-15.406555
-11.360901
-14.655029
19.959045
-10.284851
-22.415955
-0.057128906
-23.24939
-12.026978
-9.017639
8.432129
-27.421204
9.133545
-50.877686
-3.3215942
-3.3097534
22.134521
-46.542664
-13.300598
-5.298401
-13.870483
-27.593445
-12.595703
-3.1677246
-0.45220947
5.857971
18.598022
25.019226
25.52185
34.475586
-11.003784
-15.866272
20.108215
8.432983
-13.976074
2.6739502
-20.798096
-19.64032
-52.424744
-26.098389
-29.860474
-10.972046
4.4193115
-33.19055
-18.25476
-31.22644
-5.0947266
-11.581726
1.1739502
-33.62201
-2.861023
-15.482239
-5.2731934
4.39209
-15.414124
15.411865
14.065186
-17.185974
-29.510681
-24.719788
-35.23639
-46.937256
-49.45099
-18.890198
8.797913
-9.976196
-15.896912
-8.490662
-13.80603
-10.9088745
-1.3796387
-16.221497
-3.7476196
-0.45074463
-5.161316
9.599365
-31.888672
-6.4334717
-59.8479
-31.919495
-12.517761
14.10022
-3.0373535
-21.594788
-26.565857
-32.484253
-17.089294
6.831848
6.5183716
-15.011414
-9.062561
-3.079834
-4.0026855
4.345459
5.0721436
4.798889
-25.279968
-40.401733
-3.5576782
-17.414001
30.282837
-32.090393
-8.931152
10.405212
-30.631653
-36.102966
-33.026306
-4.7197266
-30.75
-15.729065
-13.459045
27.999634
-0.7229004
6.67395
8.907776
-16.421326
-31.454529
-47.188904
11.97998
-34.44879
-21.770264
-49.043457
-39.710022
-12.237183
-29.93573
4.352722
-36.914917
-20.205017
-39.72638
-24.944702
7.033081
43.06964
-25.038513
-33.62378
-22.424011
-19.657166
30.082031
7.845215
-16.023376
-38.684998
-24.934937
8.982544
-31.847717
17.565186
-26.80835
2.56781
-48.500366
-10.43927
11.092712
-24.607239
-37.28882
7.7664185
-2.567505
-8.2282715
-16.99884
-19.99884
5.555176
-23.635925
-9.685425
-14.845215
3.647583
-18.906311
-6.8566284
-22.626953
-14.644531
-15.681702
-1.0843506
-4.6905518
11.670593
-26.409973
-17.943176
-14.234863
1.3284302
6.3688965
4.868225
-12.10022
12.88916
-10.828735
-46.681396
-49.632202
-17.455078
-27.9328
-45.03833
-25.107422
7.6083374
-38.044006
-18.654968
-4.2471924
-7.808716
-16.798462
15.784546
-0.16912842
9.041321
-15.06665
-18.095947
-2.0999146
-28.232239
17.901062
-19.055054
-11.029724
-42.203857
-59.156494
-14.274353
-43.47339
-70.10199
-19.990723
-35.11841
-53.151367
-28.944946
-32.239258
27.879395
10.164673
-37.17212
-23.468994
-1.0245361
-18.200623
-24.619019
-16.543274
-39.549927
-25.349304
-41.997375
-13.115601
-37.72809
-68.82074
-24.606323
-59.85028
-9.141602
-11.038818
-8.50238
-1.5959473
-8.155334
-15.69928
-7.460144
-8.005371
-22.673828
-12.599976
-41.93048
-35.758972
41.695984
-30.381226
-56.449646
-53.39673
-68.11252
24.859375
-34.554626
-16.052917
-14.64447
5.745117
-1.9783325
-18.847351
-35.143738
-34.936768
-51.841614
-48.211975
-4.5462646
-29.353516
-2.2365112
-25.679749
-27.436157
-35.25824
35.58252
8.446228
-2.3927002
-24.974854
-21.42926
-14.62085
-33.784546
-51.15381
-39.256348
-38.270874
-27.96576
-10.852356
-91.97946
-16.61499
-7.3132324
22.594482
-5.355713
-55.544495
4.3512573
8.9938965
-15.28363
-36.14923
-16.36792
-35.99713
-44.014282
-14.146606
-13.566895
-33.71881
-68.303406
-50.753113
-35.18567
-13.442139
-21.214111
-22.456299
-25.529724
-41.299316
-5.591736
19.741943
-4.7682495
-2.809143
-49.092957
-19.644531
-47.717407
-33.475037
14.04187
-20.4245
-45.83606
16.412842
-26.790405
-50.096313
-15.10498
-38.213745
-29.770142
3.263855
-34.02948
-15.403564
-13.531372
-24.583008
-39.105713
0.31958008
-62.91101
-17.349365
-4.63501
1.7331543
-41.247803
59.21521
-36.74402
-57.700745
-3.5197144
-50.07367
-60.777527
-42.926147
-17.33014
-2.5930176
-16.953003
-8.148315
6.616516
-39.099
41.53882
-23.102844
-12.80481
-1.3016357
-34.148315
-52.99475
30.641296
-19.50238
0.5482788
-46.917908
-19.009155
-23.390686
-10.5095215
-18.873596
-27.471924
-15.326965
-10.362305
-32.4516
-10.133545
2.0395508
-5.04834
-42.08258
-51.687927
-67.43622
-31.128967
-37.743835
18.375427
-35.30902
-7.1104126
-36.146362
-55.33667
-23.25653
-47.13861
8.681824
-66.80087
-21.171509
-52.04315
-47.053955
-43.875793
-3.020813
-34.842163
-12.881836
4.3048706
-3.9561157
13.999451
-42.92639
5.6948853
-23.245483
-17.283936
-61.357605
-35.533386
-14.095032
-42.47809
-43.801514
9.585144
-14.488647
-35.935364
-36.048645
-7.03833
-22.968018
-16.25299
-24.387268
-43.61316
-60.25067
-44.06073
-13.667114
11.459839
-12.09082
0.86834717
-40.62195
-9.36853
-55.48517
-31.514465
-21.659607
-21.521545
-41.75
-50.60669
-47.52948
-8.569702
-24.563782
-13.94165
-6.9882812
2.0666504
10.7438965
-14.067505
-5.1034546
-32.600647
-14.196411
-22.216736
-38.555725
-45.805664
-39.774597
-55.278687
-20.10846
-46.21997
-23.930481
-17.404663
-17.206116
-9.34906
4.4623413
-40.394104
-33.31903
-33.53418
-41.259094
-9.622864
-0.64642334
-7.357361
-55.040405
-9.306335
11.153442
-39.896973
2.9800415
-20.026917
-28.592651
-47.5141
-20.263916
-50.895752
-81.328156
-22.072449
-35.548462
-28.62085
-15.825317
3.46167
-44.93091
-39.266663
-13.305786
-24.120422
-39.61139
-25.243591
-16.075684
-36.379944
-56.031067
-41.845398
-37.919678
-2.3632812
-10.731812
-32.997925
-16.042175
-30.936646
-31.186157
-33.25055
-4.2683105
-53.68152
-5.0060425
0.69329834
-63.43335
-24.767578
-55.126648
-30.734314
-22.620972
-56.262207
-6.42334
-19.043823
-40.344482
-31.901062
-6.281616
-13.83783
-43.30664
-28.054749
-48.95227
-48.388794
-48.001587
-65.69876
-47.13147
-8.942688
-32.782043
-45.659912
49.182312
17.216187
7.557495
-29.534973
-68.561035
-71.129395
-46.171448
-42.250366
-63.488403
-41.41864
-17.654297
-16.338196
-15.111389
13.060059
-44.301025
-11.352356
-37.527405
-16.939148
-5.5561523
-13.955383
-11.582214
-9.80835
-43.88513
-22.788513
-12.962036
-49.194702
-31.288269
-55.91693
-10.19397
-27.030396
-46.470825
-23.498413
-8.311584
2.1013794
-30.727783
-22.355408
-46.6922
-31.611816
-28.43396
-43.42682
-24.738281
-72.48917
-69.51056
4.9641113
-38.57007
-36.16278
-63.93167
-39.401733
-35.668335
-8.367554
-12.31958
-19.248901
-27.317871
-43.6781
-28.757568
-71.3609
-38.330627
-42.398438
-29.460693
15.7323
-14.496033
-4.154114
-3.9359741
-50.952576
-35.18329
-89.71118
-58.4989
-26.793335
-62.040863
-45.87329
-17.17871
-19.197449
17.56018
6.1088867
-24.027405
-15.970947
-20.4245
-55.52826
-41.993347
-64.752045
-71.17273
-69.26416
-34.46393
-63.791565
-56.108215
22.399902
3.2120972
-0.08526611
13.144531
6.3428345
8.405823
-32.14801
-38.3244
-53.018707
-34.66754
-68.25006
-76.84564
-32.359924
-44.869263
-47.588013
-53.445496
28.875488
31.715332
-26.389587
4.071167
-16.737793
-2.5541382
-1.5348511
-44.01239
-30.439148
-51.611267
-21.332947
-4.1481934
-56.33615
-37.233032
-37.29773
-32.69226
-41.05432
-39.47229
-35.716553
-20.992432
-21.873413
-1.4205933
-37.22522
-8.048645
-3.5531006
-18.51892
-10.399353
11.786438
-12.678833
-12.005432
-14.7942505
-40.238647
-48.224792
-49.533875
-40.79651
-27.76233
-22.000061
-26.179077
-32.41278
-45.866394
14.547119
-27.533081
-63.223816
-22.096558
-17.61615
-27.578491
-16.265991
-10.941772
-44.173035
-47.932373
-27.32074
-35.645325
0.10736084
-48.508118
-36.675232
-40.081055
-12.99176
-53.167847
-50.73993
-27.90625
-32.413635
-24.949036
-24.44043
-46.00232
-35.11682
-30.38861
-20.377869
-41.70685
-72.45853
-52.776
-15.00238
-72.175446
-33.327515
-20.778992
-19.373413
-64.751495
-41.375793
-75.08688
-19.43341
-43.319458
-34.185547
-62.29892
-42.809937
-43.50592
-12.02832
-37.647705
-65.53787
-37.36139
-30.582336
-48.658936
-6.8657227
-41.13629
-40.52722
-53.22046
-51.65979
-40.407654
-26.283081
-53.353943
-49.95349
-12.493469
0.7303467
-38.768616
-56.329865
-35.079773
-49.258667
13.589233
5.091919
-28.657776
-28.393005
-23.00647
-64.68359
-54.80298
-44.2088
-63.365997
-57.22397
-1.015686
-41.888367
-39.04309
-3.526062
-15.106873
3.434204
-29.084839
-61.464233
-49.588318
-63.918213
7.5151978
-29.410034
-47.34082
-14.5095215
-44.376038
-10.140747
-13.357422
-50.646606
-25.319153
-59.4469
-33.689453
-31.575378
16.89386
-26.944214
-47.048096
-11.499756
-19.190796
-46.402344
-43.509705
-43.819458
-31.500366
-45.869385
-29.44281
-67.47168
-56.569336
-42.835144
-40.432312
-46.890686
-59.89731
-35.02008
-1.0536499
-24.16211
-48.605835
-24.164917
5.8082275
-75.483765
-46.419678
-25.219116
-69.31903
-27.821167
-23.697998
-44.987366
-26.031921
-36.65338
-44.70508
-25.965149
-21.471924
-37.396667
-7.506958
-27.072876
-23.660889
-32.007324
-41.215393
-85.709625
-53.599792
-38.069458
-10.32019
-44.763184
-7.2991333
-21.26654
-28.170593
-39.643555
-25.487427
-17.29181
-32.012817
-48.966797
-25.077087
-35.093323
-53.076843
-68.6163
-50.567078
-64.35693
-75.838196
-64.891846
-25.470642
-79.565765
-47.567932
-12.446899
-44.395264
12.352051
-10.019775
-58.046753
-55.444
-46.204773
-42.617798
-18.32904
-48.054626
-33.787415
-41.474243
-23.541626
-14.989258
-81.591156
-38.42987
-24.199036
-33.18512
11.53833
-83.51749
-75.38342
-14.732605
-73.38721
-35.52484
-79.84149
-43.64435
-55.91147
7.368042
-10.424011
-1.6378784
-58.20398
-18.91626
-43.033386
-58.247314
-28.125488
-48.91736
-64.55658
-49.393494
-41.300415
-11.272827
-63.17447
-7.974121
-23.98993
-26.458435
-12.667419
-31.796326
-56.720825
-61.955017
-44.03247
-22.33844
-13.702637
-59.0354
-10.405762
0.817749
-21.500793
-14.484619
-83.34564
-29.475159
-64.833374
-39.84839
-27.995178
-57.945618
-76.81592
-57.463226
-20.434204
-25.628662
-32.741394
-30.28357
-14.614929
-40.207275
-39.791138
-54.021362
-23.179993
-41.781128
-56.875763
-9.334351
-51.274902
-51.298218
-73.216644
-39.78595
-7.246887
-15.562378
-19.604065
-52.457886
-26.848755
-51.842285
9.560547
-64.381226
-32.12439
-21.316711
-41.976868
-30.431213
-31.230896
-67.17822
-70.81036
-26.085144
-34.122253
-31.000122
-16.743958
-28.61853
-60.05957
-50.146606
-24.433533
-30.867126
-59.911804
-35.026794
-61.95331
-38.58905
-20.556702
-71.09442
-44.881775
-23.99237
-43.299133
-54.434265
-68.35736
-40.685486
-72.83362
-77.63196
-9.843384
-77.44165
-22.457031
-48.09607
-40.85486
9.067932
-8.016602
-30.800415
-53.432495
-43.41101
-78.59802
-14.394653
-46.80658
-55.83908
-45.78888
-36.47943
-65.17401
-60.933014
-31.992493
-63.187378
-28.263428
-7.602722
-30.744324
24.594421
-25.669556
-32.39911
-54.651245
-48.36914
-19.10675
-72.56186
-56.588562
-44.01764
-24.954773
-47.29077
-90.487976
-50.034363
-39.963257
-31.371704
1.9069824
-8.946411
7.14209
11.693665
-51.50836
-28.698425
-45.375
-52.351135
-68.72003
-50.4635
-48.47168
-46.39508
-56.04016
-21.300232
-26.32843
-53.006897
-16.733826
1.6660767
-51.647278
-19.86676
-7.201782
-49.39453
-6.491455
-25.748535
-47.57898
-63.292084
-62.93457
-52.578247
-49.542175
-42.1438
-54.80713
-56.432434
3.4753418
-27.169434
4.1795044
-36.902344
-28.472656
-15.927612
-38.144897
5.8635254
-54.571472
-32.0506
-45.686584
-58.923584
-41.306763
-10.853577
-36.126465
-34.888367
-49.108887
-39.65924
2.265503
-34.842407
-9.178406
-50.30841
-27.135925
-20.536255
-28.825073
-73.05017
-61.015137
-19.122314
-47.360046
-48.265076
-78.32843
-24.303345
-45.51288
-17.025574
-16.68451
24.58905
-60.73352
-21.495972
-47.83075
-87.14783
-45.021606
-75.39978
-86.21094
-46.054688
-36.600525
-41.613403
-17.317688
-26.600525
-68.81311
-62.989258
-30.854797
-16.26941
-1.1782837
-31.931885
-60.195435
-39.09912
-29.362732
-0.05291748
-22.460693
-52.642212
-38.693665
-35.106567
-60.7619
-31.32544
-58.548584
-37.20935
-51.99591
-31.240784
-11.198853
-46.19983
-70.379395
-31.741394
-40.29004
-26.430786
-29.15625
-42.3844
-50.839844
-32.23584
-33.333374
-27.850403
-43.381042
-42.789978
-31.538086
-29.951416
-51.423096
-24.582825
-40.998413
-41.774536
-45.256348
-34.509094
-67.77411
-43.93689
-59.16617
-26.559998
-31.270203
-36.963867
-12.590576
-27.200317
-75.51874
-57.060364
-46.55536
-36.529724
-69.674255
-18.444153
-39.558533
-46.32422
-8.023132
-25.299988
-41.585938
-49.925476
-68.908264
-59.90802
-73.900055
-41.038513
-34.59601
-25.66272
1.0739136
-42.501648
-46.503906
-47.614685
-13.519714
-48.975098
-19.903625
-36.018127
-47.703064
-53.868896
-15.488892
-53.01648
-30.899597
-47.032104
-57.510406
-10.491882
-50.875854
12.834595
-5.2720947
-29.092773
-20.391663
-44.485474
-67.28238
-48.417175
-68.637085
-44.226807
-83.21268
-59.361755
-39.629272
-13.003967
-14.254211
23.872864
-39.551514
-45.803345
-46.729614
-64.9501
-71.64868
-60.25061
-94.58679
-87.16882
-36.332275
-35.194946
-17.474731
-27.199707
-23.025574
-21.241821
-15.987488
-36.044556
-56.101624
-4.4055176
-33.105774
-34.846985
-48.916504
-45.07727
-52.846375
-29.024658
-23.651611
-56.26587
-20.913208
-29.9469
-9.72113
3.1831665
-39.8938
-35.182983
-48.481262
-28.99939
-64.01941
-51.221558
-45.819946
-33.064026
3.3235474
-62.428345
-28.90741
-14.704712
-61.822327
-82.49957
-35.27716
-70.97705
-73.75583
-40.99713
-2.9840088
-11.768799
1.0343018
16.865112
5.588257
-11.422546
-39.64746
-54.234924
-58.3909
-41.96045
-67.40735
-55.124268
-42.3869
-35.180237
-14.044739
-19.179321
-28.807434
-52.19287
-62.873352
-36.062195
-32.021667
-55.35022
-47.281677
-38.195618
-45.45874
-48.59265
-17.064087
-47.781128
-7.8429565
-24.678589
-53.93347
-19.140625
-52.63202
-58.710754
-34.105225
-61.71466
-66.609314
-14.293274
-27.881104
-51.75354
-12.378357
-22.544617
10.741211
-20.542725
-2.432434
-54.70685
-44.569702
-37.978394
-53.86969
-72.14731
-36.12323
-44.834717
-59.034424
-44.93219
-5.161377
-21.288696
13.68634
-27.133118
-47.797974
-62.69919
-68.1582
-55.80957
-49.8255
-64.61792
-50.266052
-28.4516
-29.449524
-14.503418
-0.22692871
8.938049
-20.978882
-38.65265
-47.592712
-74.48291
-59.91925
-70.40802
-54.987976
-63.760834
-47.77466
-23.696167
-27.111633
-11.986877
6.9646606
-27.336609
-1.5811157
-22.182556
-52.181946
-71.68613
-37.037598
-9.856384
-32.809875
4.9664917
-7.7506714
-55.52771
-44.997986
-81.86401
-69.42792
-55.18518
-43.662964
-18.764282
-26.732605
-20.398926
-23.277283
-32.993042
-57.29126
-19.192688
-10.41748
-16.089783
-66.24097
-34.647583
-33.77472
-14.99292
-44.89978
-41.070312
-49.800903
-8.623047
-66.72247
-64.452515
-48.19934
-48.198303
-8.357971
-38.07904
-39.92688
-58.632202
-53.748474
-52.563232
-50.256653
-41.641907
-31.761414
-55.209778
-78.66669
-49.823242
-27.50476
-51.165955
-48.392456
-26.775879
-18.991455
-50.785217
-36.544983
-49.67035
-37.085022
-23.899597
-59.637756
-50.554077
-63.889465
-57.075317
-71.71155
-41.121216
-11.892395
-37.93506
-19.908936
-21.569885
-38.694458
-59.594727
-77.298096
-68.72485
-32.244812
-26.761047
-27.914734
-49.793213
-30.853882
-39.095276
-56.87921
-30.971802
-46.151184
-31.947144
-61.251953
-36.88031
-55.593872
-54.92151
-12.719666
-20.46405
-16.695557
-41.05597
-36.656372
-73.53375
-17.103943
-39.441895
-57.029602
-37.307373
-23.056763
-51.180847
-40.256104
-61.465637
-38.12921
-13.720459
-41.223755
-28.750793
-45.411743
-56.77478
-79.234985
-66.87268
-11.802673
-50.920227
-40.17572
-45.00287
-40.286926
-30.046936
-57.304688
-55.117126
-53.573853
-38.047913
-66.39734
0.0095825195
-38.075012
-45.169983
-36.041626
-31.098145
-46.8479
-99.26117
-42.924377
-57.702667
-55.060913
-57.01996
-61.95352
-43.67102
-31.368774
5.4709473
-0.39056396
-33.896545
-52.579895
-34.799133
-59.13382
-83.58392
-74.13159
-47.929993
-58.658325
-48.284973
-31.06427
-33.39868
-34.00952
-17.265564
-25.302795
-49.5636
-56.750244
-42.05182
-44.779724
-57.54712
-19.404663
-55.52661
-46.012817
-13.795532
-46.68109
-46.25586
-46.352173
-69.03125
-43.494507
-25.620056
-39.69922
-29.963562
-50.17627
-36.610962
5.9206543
-20.963562
-19.987915
-52.960144
-54.29242
-47.81195
-38.977417
-73.69687
-53.535156
-40.643433
-42.139465
-39.04364
-19.637024
-63.04077
-52.053772
-49.035156
-43.154724
-38.31299
-47.755432
-31.721558
-45.265198
-47.19995
-44.82788
-51.68811
-61.15686
-29.39618
-38.655823
-48.5614
-21.43396
-29.241821
-45.47235
-49.58972
-73.85965
-42.54431
-35.97827
-22.970764
-33.189392
-62.679993
-57.42749
-36.06897
-49.332336
-36.997498
-68.17963
-29.907715
-23.195679
-42.09961
-59.938232
-23.159424
-24.089294
-18.396301
-28.385498
-27.645996
-77.700714
-49.202576
-38.067383
-69.46777
-40.53363
-59.72113
-67.76837
-19.177917
-46.019714
-20.57483
0.095458984
-44.653748
-52.10016
-50.473816
-46.979187
-47.950867
-46.70746
-72.35437
-39.5459
-47.412415
-63.76056
-33.675537
-46.84369
-12.33313
-27.813477
-49.627136
-37.507874
-45.57611
-87.325134
-71.2023
-62.310944
-5.633362
-64.7991
-32.476196
-55.74817
-19.299377
5.4867554
11.27594
-4.367859
-22.148743
-49.76709
-51.2323
-34.477417
-83.86743
-47.441345
-61.250183
-28.651855
-58.57672
-3.9093628
-26.810059
-18.281982
-10.220093
-2.6654053
-21.622253
-22.429688
-24.79602
-58.85919
-62.268738
-26.12268
-52.09601
-50.684753
-46.979126
-39.055725
-57.032593
-44.10144
-39.210693
-52.72699
3.9020386
-48.689148
-49.66095
-54.168213
-42.398193
-43.86743
-28.582886
-50.12317
-38.822266
-37.83972
-34.85382
-32.309387
-11.1970825
-34.74768
-42.510803
-18.563416
-66.29498
-74.36203
-6.3964233
-8.208069
-37.585754
-61.3349
-68.51434
-40.186584
-32.811157
-50.6698
-49.238525
-31.557251
-80.29657
-44.057434
-47.194153
-71.16412
-70.89899
-15.210022
-39.316284
-29.582397
-45.15692
21.369446
-53.44861
-20.35791
-48.29181
-57.91449
-47.84839
-61.437134
-45.260193
-59.10858
-40.54303
-69.19443
-30.64801
-55.709106
-16.191772
-23.269592
-61.319336
-35.177002
-13.651367
-25.349548
-78.83307
-44.72754
-78.65094
-51.93451
-31.652588
-46.012085
-69.48163
-43.914368
-43.188843
-28.122864
-6.525696
-3.2755127
-12.01947
-24.555603
-47.978027
-21.077332
-56.767822
-60.564697
-34.08142
-36.556763
-46.692444
-80.5762
-54.931274
-71.34741
-29.073364
-65.84833
-23.102112
-56.816956
-55.587463
-32.508545
-39.03119
-31.550903
-52.777466
-11.139648
-53.37372
-49.785828
-54.232056
-47.848633
-63.872925
-29.861511
-39.16992
-51.188843
-33.52893
-39.44745
-47.386414
-44.145447
-30.77008
-23.625854
-32.354797
-37.718872
-65.14728
-50.92206
-27.40393
-25.756042
-41.334595
-45.569458
-53.88611
-62.723267
-59.411743
-50.59601
-66.597595
-39.35724
-49.357544
7.1660767
-18.384033
-16.225525
-23.944153
-38.119568
-63.378235
-85.57562
-58.37909
-48.113037
-72.581055
-45.741394
-50.279053
-47.04773
-4.945923
-1.4828491
17.89038
-24.786133
-37.683044
-40.39972
-46.214172
-55.037415
-70.186646
-50.71515
-53.012146
-51.79474
-36.040283
-64.32599
-35.35559
-20.075195
-19.311584
-14.7404175
-44.069946
-51.8219
-29.776123
-59.267883
-50.154053
-64.53943
-49.210083
-64.46149
-19.157532
-38.569275
-51.058167
-18.25122
-47.0708
-21.010498
-45.345276
-14.013306
-43.823547
-62.958313
-41.84619
-40.31598
-58.551636
-54.849487
-66.32007
-57.125
-71.14099
-36.11017
-26.761475
-25.639587
0.19396973
-33.949707
-56.5979
-74.32822
-49.338013
-79.76666
-52.308167
-56.194336
-48.414734
-51.84674
-42.54767
-39.71167
-41.806396
-49.767517
-44.54303
-29.664429
-35.848267
-29.008606
-40.130554
-34.27008
-45.193542
-52.86847
-58.50299
-27.149658
-68.88342
-52.225586
-34.94635
-43.24164
-49.595703
-54.029358
-45.8963
-45.6026
-32.696655
-23.166992
-20.930481
-43.997253
-61.357788
-53.197327
-28.656372
-18.520142
-46.960327
-72.39722
-61.51117
-43.674377
-63.230408
-38.367798
-54.118347
-49.904358
-24.137146
-43.452515
-27.951538
-52.724976
-26.524048
-27.215088
-55.033447
-36.489685
-15.094116
-39.94641
-18.774231
-53.02539
-59.6037
