675.4629
263.21387
166.05566
79.91406
53.541504
36.097656
33.85254
28.756836
26.75708
26.802734
25.430176
24.073242
18.180664
22.738037
20.345703
19.736572
18.395508
25.614258
16.562988
15.0529785
15.44458
15.122559
11.521362
12.044067
11.787109
13.595459
8.221069
9.650879
6.0716553
6.9537354
6.270752
5.7800293
6.602173
5.098633
5.1188965
4.1101074
3.4910889
5.5183105
6.029541
5.196228
5.0515747
6.843872
5.047241
5.0479736
5.2661743
5.6415405
5.824768
5.63385
5.5238037
7.520935
8.339783
9.393097
10.719513
7.6619263
8.91922
5.9486694
6.7595215
8.318359
6.6820984
5.7819824
5.569809
9.883865
7.4761353
8.9717865
7.8244476
7.2437897
5.8767395
7.5156403
6.6746674
7.5879593
6.9450607
7.7491302
5.235298
4.921791
6.3955193
6.619812
6.1836777
6.6376305
4.9688644
6.135414
4.887665
6.9357414
6.148327
6.612129
4.8475685
6.8332443
5.123829
7.6455917
5.47015
6.5254517
7.0965157
4.6526756
6.4381638
6.483612
4.8729324
4.3005676
6.665451
5.7591553
3.6492348
5.444912
4.6661415
5.4497375
3.77837
6.2281036
5.743824
5.074169
4.8327904
4.669132
6.6928368
6.1983414
10.411503
5.895706
6.957802
5.158066
9.245316
6.3341713
5.90049
6.6699524
4.1119003
4.3621216
4.9416733
5.1199265
4.5859184
5.225666
3.2681847
3.8482437
4.3695526
3.8918571
4.529171
3.609501
5.4456406
4.125801
4.9541054
4.0307274
3.1981544
3.5180206
3.8134155
3.723877
4.447769
3.9097137
6.3490868
3.7162743
2.9248352
2.834114
2.462284
4.440624
2.7523422
3.0087547
2.6234093
3.3098106
3.4906578
3.0672264
6.006809
4.1028824
2.4824104
3.2846336
2.3569603
3.912445
3.2888947
3.1913223
3.6156845
2.5900154
2.5284576
2.8389053
3.3957596
3.4195557
3.2969627
3.9554214
3.5018692
3.3320656
2.8340912
2.502594
5.050503
6.1114044
2.1670341
4.5103035
4.580784
3.200241
3.3292046
3.6021423
3.8087883
3.432598
2.5070534
2.7765045
4.6215096
2.8262901
2.3232384
2.7375603
3.5839424
1.8630104
2.4127426
2.4151382
2.420391
2.7863579
2.0583534
2.9202309
2.8899307
2.741333
3.331112
2.6133232
3.4144974
2.8271523
2.2667847
2.6853333
3.1138115
2.7717056
2.5217018
2.4755821
2.6155624
3.063572
4.352829
3.0963936
2.5521164
4.210415
2.1754913
2.1826096
2.1668282
3.072876
3.3059845
3.7330437
2.489685
2.3180199
3.826355
3.1174278
2.2907524
2.8435135
2.539112
1.9193878
2.733429
3.009369
2.82938
2.2815514
3.8884506
2.2957573
2.4605217
3.2710037
3.0711021
2.0180244
3.2419548
2.6396446
2.0305824
2.8442726
2.8413239
2.1016693
2.5892715
2.835289
3.1817207
2.4335175
1.8272324
2.2258873
2.1904297
1.9510002
2.0484009
2.183361
2.8819656
3.7259827
2.2988281
2.091278
2.4028893
2.3141441
2.2476196
2.885376
2.0426483
2.9176826
2.689228
4.517338
2.758072
3.3755531
2.2293282
2.0232735
3.4215164
2.5421638
2.9875488
1.4473419
2.838997
2.8699036
3.1011963
1.8294144
2.4737282
2.6071243
2.5619392
3.890503
3.0668602
2.5500145
3.6391983
2.0298195
1.4568291
1.9340363
2.3737411
3.8400345
1.7429504
3.2405128
1.6605949
1.8920288
2.0522423
3.937851
2.8037338
1.806076
2.6136208
2.7025032
2.5956764
2.2886314
2.4233856
2.3969193
1.3768654
2.1576462
2.114132
2.6946373
2.1573715
3.513939
1.8235626
1.9589386
2.1986237
1.9057426
1.7588425
2.7875404
1.8235893
2.2488785
2.6509361
2.5566254
1.7565727
2.3384666
1.5974808
1.770874
2.0227203
2.6910172
1.6858253
2.771614
1.2193489
2.0112114
3.0566864
2.6649513
3.2142677
1.6400299
2.509613
1.7579498
2.1114197
2.1592712
1.9202347
2.232933
1.7420235
1.3028221
1.5994606
1.396061
2.0207329
1.6052399
1.6867638
2.3406029
1.8967438
2.7237244
1.4833565
1.8413658
1.5701904
1.0857925
1.7879105
2.0354462
1.3969078
1.7824554
1.5682869
1.3512535
1.652031
1.7292976
1.9996719
2.9513435
1.7257576
1.9014282
1.6375847
1.9566116
2.3721046
2.5809402
1.7064018
1.6448822
1.6166115
2.189743
1.7481766
1.6925278
1.5109978
1.568737
1.5821304
1.2781639
1.5938835
1.4204674
1.6557236
1.3739281
1.7566032
1.52985
1.8352547
2.8102264
1.2590065
1.5145149
1.5980186
1.3287697
1.7380676
2.813549
1.5864105
2.2933388
1.8532944
2.923359
1.5310974
1.689167
2.830021
1.151535
1.9401627
2.7346764
1.6159859
2.083847
2.6171074
2.7228317
1.8683815
1.0353355
1.7048683
2.1029587
1.5748138
1.7013817
1.4009476
1.5870857
3.1802483
2.4132538
1.7795753
1.8895569
2.0554886
2.3036613
1.8930359
1.4510574
1.5263519
1.2109718
1.7920761
1.4751511
1.666481
1.7706604
1.3945999
1.5565758
2.6759071
2.332695
1.40242
2.2228088
2.3213654
0.88301086
1.0921478
0.7226448
1.1751862
1.3071365
1.5624008
0.66225815
2.177002
2.224186
0.867466
1.6098022
1.839859
2.2058144
1.5346107
1.0060959
2.297638
1.3132591
1.2018433
0.8342781
2.080761
1.6946945
1.0543823
0.721817
1.5232277
1.3810577
1.0410843
0.9026413
1.487587
2.5502014
2.0084114
1.3862877
2.2512512
1.6623459
1.7549057
1.3432846
1.4241638
1.4651451
1.0633278
1.3595314
1.3822327
1.3380775
1.6852455
0.82105637
1.4602547
1.5966911
1.0864143
1.7853088
0.936573
0.9985275
1.7677879
1.3847084
1.0588837
1.4174881
0.9846306
1.4205055
1.1182594
1.137867
2.057354
1.8300629
1.4229851
1.9855385
1.5082359
1.2547989
1.9923248
0.95116425
1.1484528
1.4976807
0.8502312
1.4666214
2.7022095
2.2464867
0.63243484
1.3927917
2.4642487
1.2340164
0.8953743
1.1973534
1.4759407
1.2583389
0.89055634
1.5634193
0.68878937
1.0646896
1.6088486
1.4797134
0.9868202
1.4525185
1.2225952
1.9748268
1.0887985
0.9401665
1.4634514
0.8692665
1.0042648
1.3583107
2.0112343
1.0641937
1.5369644
1.7236328
1.2586937
1.8238869
0.67015076
1.7101097
1.3728523
1.0008965
0.49645615
0.7876816
1.3311768
1.1658363
1.4304924
1.3503265
0.96338654
0.6899452
1.5511665
1.0690346
1.2584686
1.4100761
1.2850914
1.5896187
0.91023254
1.7583199
1.1680908
1.1303406
2.1597328
1.3029327
1.1697044
0.79018784
0.6314087
1.9366188
2.2446594
1.483223
1.3148689
0.9943123
1.0508614
1.3387871
0.75216293
1.1812592
0.6443672
1.831646
0.95724106
0.96578217
0.86052704
1.3062973
1.280304
0.89160156
1.1127548
1.1846466
0.9321022
1.666317
1.5914688
1.1383972
1.6964989
1.0908546
0.8256874
0.39933395
0.9246254
0.49776077
1.2018738
1.3174324
0.7819786
1.2085304
1.0286598
1.0698547
0.46357346
0.6379814
0.9484024
0.91989136
0.80334854
0.43335724
1.0317612
0.414196
1.4455681
1.1843681
1.8759766
0.54236984
0.7740135
1.3692589
0.9183655
0.94587326
1.092926
1.1491776
1.2151108
1.0336037
0.7691231
0.7384491
0.96377563
0.6061592
0.74100876
1.2180405
0.7485657
0.5115204
0.42375565
0.5882416
0.61021805
0.80628586
1.5712357
1.1182556
1.6645546
0.8625946
0.9465256
0.97758865
0.7521286
1.1730766
0.7765579
1.0815964
0.6551132
1.1383209
1.7248116
1.0000305
0.44284058
0.63442993
0.9635277
1.1400108
1.222332
0.5933609
1.5428085
0.7287369
0.9892006
1.0214195
0.7022171
1.0016518
0.5434265
0.87583923
1.178112
1.75037
0.99804306
0.21952438
0.58657837
0.72554016
0.80300903
1.0904045
1.4093361
1.1510582
1.2696762
0.6097717
1.4226341
1.3516273
1.1295319
0.7623749
1.0184364
0.95030975
1.054615
1.7854233
1.082943
1.4897537
0.21395493
0.48344803
1.6121178
0.704792
1.111126
0.5156746
1.6491432
1.7224808
1.3708115
0.6024475
1.0618248
0.8899803
0.62553406
1.5936241
0.7149544
0.6972809
0.6484566
0.6693802
1.4568787
1.122612
2.4593582
0.7666092
0.4405098
1.2057724
0.75271225
0.95998764
0.57551193
1.5672531
1.183136
0.8025017
0.33540344
0.80081177
0.7040634
0.9379616
0.60383606
0.7764702
0.89025116
0.43766022
0.379364
0.406147
0.38083267
0.68270874
1.3250237
1.0623436
1.0845299
0.9590759
0.42168808
0.4481163
1.7529945
0.64650345
0.29333496
0.6348152
1.5695305
0.45466232
0.57424927
0.7749748
0.8005562
1.1413383
0.47706604
0.081336975
1.2372513
0.2993965
0.6217575
0.66567993
0.7203331
0.57284164
0.61722946
0.22665024
0.9304352
1.671093
0.6161804
1.0805969
0.45096588
1.0962753
1.0635109
0.49555588
0.40336227
1.1745491
1.2183075
0.643898
0.030910492
0.39089584
0.80174255
0.37950134
0.9304848
0.38773727
0.5826645
-0.091300964
1.4928474
1.1423035
0.7069397
0.6431961
1.0946045
0.48369217
1.1847496
0.90359116
0.58703613
1.0227203
0.73869705
0.67699814
1.593193
0.4236908
0.24396896
1.5184288
0.4529724
0.50818634
0.6101837
0.7487793
0.12553406
0.36262894
1.3872604
1.0518951
0.5842438
0.5081291
0.31989288
1.3652115
0.57894135
0.60513306
1.2572594
0.46926117
0.5580101
0.69965744
0.8360443
0.54626465
0.5374489
0.94903946
2.1034164
0.10352707
0.2530136
1.2885704
0.710701
1.1143684
0.425354
0.8807831
0.95224
0.85933304
0.59638214
0.8514061
0.15969849
0.7727852
0.8498688
1.4042778
0.85292435
0.47919083
0.40364456
1.3904076
1.4413834
0.48427582
-0.23592377
0.5250206
0.36159134
0.09466553
0.37100983
0.2610855
0.7296486
0.78491974
0.5086365
-0.049022675
0.61733246
0.8325577
0.6619644
1.0208015
0.048503876
0.35167694
0.15847778
0.83211136
0.64873123
0.87654114
0.34075165
0.4888916
0.6871643
0.09972763
0.42033386
0.4284134
1.4356537
0.32704544
0.45925522
1.0545044
1.2677345
0.38560867
0.83647156
0.17417526
0.16426086
0.42287064
0.17321777
0.64120865
0.1822319
1.0694962
0.5147629
0.492424
0.68907547
0.38881302
0.9170532
0.73960495
0.4864006
0.15799332
0.2660637
1.0495605
0.44844055
0.44339752
0.44504166
0.8365669
1.3126488
0.34238434
0.3704567
0.45464706
1.0008698
0.4027748
0.15110397
0.7735443
0.8313675
0.8798523
0.80901337
0.28468323
0.6695442
0.11569977
0.3414688
0.26511002
0.515522
0.4725151
0.5427704
0.074157715
0.21897125
0.7060051
0.39612198
0.61792755
-0.06266785
0.9337349
-0.09992218
0.8360939
0.13590622
0.08722687
0.9607277
-0.351429
0.62693405
0.47723007
0.9490242
0.44337082
0.36447906
0.011234283
0.09641266
-0.1498642
0.19525528
0.5897026
0.4476967
-0.35582352
0.14538193
0.97493744
0.28681183
0.722702
0.35141373
1.1289864
-0.19750214
1.1254311
0.4269066
0.6276474
0.7902756
0.77477264
1.2343216
0.45755386
0.22245026
0.07092285
0.6023369
0.5613327
0.4050026
-0.18637848
0.4325714
0.7486839
1.2512932
0.77316284
0.7390671
0.7024498
1.4851875
-0.09757614
0.3245163
0.99715805
-0.12814713
1.6499939
0.9286499
0.055568695
1.0923347
0.38006973
0.91031647
0.7395706
0.8846245
0.11610794
0.15534973
-0.32850647
0.35163116
0.29345322
-0.1427803
0.5100899
0.81399155
1.5051537
0.33662415
0.5528412
-0.19028473
-0.064144135
0.3100891
0.5774002
0.57543945
0.7257614
1.0709572
1.7602081
0.49430847
0.37594223
-0.09750366
0.65716934
1.1675148
0.33151245
0.92445374
0.120269775
0.536705
0.40665817
1.4878883
0.31158447
0.02109909
0.54416275
0.30923843
1.2552528
-0.25967407
0.40407562
0.35887527
1.455368
0.8470917
0.08808899
0.19298553
0.12726593
-0.14019394
0.9426689
-0.0111961365
0.071632385
0.29021835
0.37398148
0.60440445
0.2015686
-0.16754913
0.41621017
0.6022873
0.48374557
-0.09179306
0.44392395
0.19226074
0.3115654
0.02021408
0.90888214
0.5029831
0.5343628
0.7426796
0.38306046
0.72514725
0.69272614
-0.0025405884
-0.14513779
0.5853424
0.37176132
0.20715332
0.15307236
-0.09030151
-0.32450104
1.4581261
0.8622093
0.3029709
-0.1853981
0.2887497
0.6368942
0.9223175
0.70975876
0.27755356
0.18220901
-0.10905075
1.2620163
0.21399689
-0.2591629
0.23451614
0.2117691
-0.01304245
0.16431427
-0.2655754
0.13796997
0.7978058
0.0560112
1.0615845
0.38004684
-0.27952957
0.33662033
0.12076187
-0.14770508
-0.21835327
-0.51948166
0.42967606
0.5075302
0.78744125
0.040836334
-0.16007233
0.51251984
0.20350266
0.14379883
-0.041820526
-0.32445908
0.85007095
0.6314583
-0.077301025
0.4169426
1.0934105
0.43003082
0.5923195
0.17785645
-0.05380249
0.02936554
0.4623413
-0.123119354
-0.62968826
-0.23018265
0.041770935
0.18009186
0.96920013
-0.019672394
0.3177414
-0.13784409
0.18497086
0.47132874
-0.67562485
0.4141121
1.4077454
0.16452026
-0.2916031
0.44817734
0.22530365
0.27070236
-0.24187851
0.41067886
0.49267197
0.7850189
0.7661667
1.3781929
0.5868912
0.04492569
-0.55926514
0.33044434
-0.6357002
0.15462494
0.12181473
0.17941284
0.26406097
-0.344738
0.5295296
-0.28084946
-0.08338928
-0.60694885
-0.17535782
0.41235352
0.1421051
-0.4189911
0.5380707
-0.22428513
-0.69542694
0.13726044
0.11905289
1.9603577
0.5126343
0.8522148
0.5879059
0.033843994
0.4022827
0.42413712
0.08374405
0.7353554
-0.70302963
-0.35799408
0.15167236
-0.029914856
-0.12833023
-0.9019165
0.22551346
0.014453888
0.21593857
0.3894806
0.97042847
-0.5572014
1.1876106
-0.1426239
0.9376793
-0.19394684
0.13113785
1.0657883
1.565712
1.17593
-0.17129898
0.7540512
0.20656967
0.033477783
-0.34318924
-0.3677864
-0.060337067
0.20412827
0.3594017
0.1471672
-0.26651
-0.98168945
-0.60202026
-0.36270523
0.25334167
-0.05506897
0.2347641
-0.30316162
0.141922
-0.35139084
0.82221985
-0.04569626
-0.12006378
-0.3890953
0.36678314
0.46682358
-0.14128876
-0.29651642
0.63648224
0.46588516
-0.23976135
1.2462502
-0.33989716
-0.736248
0.5717201
0.16920853
-0.45470428
-0.42118073
-0.2972374
0.0847702
0.17850113
-1.022232
-0.18948746
0.3254776
-1.0236549
0.4152794
0.27770996
-0.64593506
-0.122032166
-0.22812653
-1.1919708
1.7142639
0.24750519
0.5575142
0.091529846
1.0454483
-0.13051987
-0.12863159
-0.11141968
-0.6220093
0.31560135
-0.14991379
0.05519104
0.3074112
-0.57811356
-0.43701935
-0.17594147
-0.39297485
-0.8543701
0.5063591
-0.8081436
0.1704979
1.2205925
0.27103424
-0.5676613
-0.0066566467
-0.030078888
0.634964
-0.15060425
0.3259735
0.22101212
-0.32375336
0.048721313
-1.3154793
-0.04128647
-0.41614914
-0.30602264
-1.5064278
-0.82317734
0.33976364
-1.0782356
-1.1477852
-0.81023407
0.25421143
-0.39310455
0.39924622
-0.47257996
1.2266235
-0.4115448
0.16506195
0.90698624
2.1892776
-0.76958084
-0.93920517
-0.39424896
0.11279678
-0.1465149
0.25185013
0.29536057
-1.0594025
0.6668167
-1.0670738
0.5640526
-0.55582047
-0.3325119
-1.1763
1.6090736
0.4557457
-1.2087326
0.05608368
-0.2072792
-0.92807007
0.047405243
0.4571724
0.13570404
1.0058556
0.1003418
-0.8422241
0.2687111
0.8871231
-0.63173294
0.6095619
0.895874
-0.7727852
-1.465107
-0.45711136
0.49822617
-0.19112015
-0.56147003
-1.0797386
0.14200974
-0.35814285
-0.43032837
-0.79697037
-1.4290581
-0.6264076
-0.62744904
-0.062088013
-1.6640854
-0.2091217
1.6520195
-0.64099884
-0.41628265
-1.8212128
-1.1593933
-0.25339127
-0.48907852
-1.1888542
-0.6836128
0.776989
0.54839706
-1.3727646
-0.21837997
-0.872921
-0.23705673
-1.5882568
1.3890533
-0.5695381
-0.89383316
-0.57440567
0.63729095
0.03410721
-0.041610718
-0.6263771
-0.55345535
-0.026371002
0.52959824
-0.8368912
-0.45768738
-1.3349152
-0.8036461
1.8836174
-0.8266258
-0.00019073486
-0.45326233
2.836853
-1.2948647
-1.4272804
-0.98218155
-0.869133
1.1888885
-1.1276855
-0.55730057
-0.2902794
-0.1391182
-0.31302643
-1.8361778
0.0436821
-1.2516708
0.75730133
0.54159546
1.7115746
0.49950027
-0.9766846
-1.1512833
-2.059803
0.20872879
-0.11592102
-1.4004517
-0.61219025
-0.7086754
0.06702423
-1.5350304
-0.21109009
-0.5051842
0.032035828
0.8810692
0.29711914
-2.0405426
-1.6337967
-0.3470459
-1.9291801
0.7980499
-1.5283852
0.014865875
-0.941864
2.6186638
0.62628174
1.6523972
-1.3273354
-1.6161461
-1.9877243
-1.8010483
-2.4018517
0.52381134
0.41275787
-0.87231064
-1.4044266
-1.8628998
1.3147774
2.3959045
-1.8203964
-0.566452
0.03968811
-0.8220749
-2.5166626
-1.5721092
-0.010852814
-0.7736206
-1.5059509
-1.4967575
-0.6462059
-2.664547
-1.6530914
-3.071209
0.49134827
0.737484
-1.07798
0.55890274
-1.526329
-2.409378
-0.6411209
-1.4269714
-2.8270607
0.8860054
-1.4293022
-4.1292534
0.90935516
0.3697281
-1.0369835
-2.4062805
1.259388
0.5095787
-1.9063492
-0.113723755
0.15438843
-0.9092865
-0.0134010315
1.9642334
-3.1094437
-1.6320343
0.4500656
4.9522705
-3.2616425
3.4946175
-3.5660324
0.5730438
-4.475666
-1.4662781
-0.3733101
1.8998795
-1.3764458
-0.2819519
-1.1857338
-0.6435852
-0.71074677
-1.0629616
-1.0701828
-4.759819
2.1516228
-2.249298
-2.9902
-0.021022797
0.5119896
-2.3889656
-1.1314659
-3.20792
-2.93742
0.63936615
-2.0776634
-0.7697487
-1.5355644
0.34918594
-1.7613907
-1.0128021
-2.8910408
1.3849258
-2.6744537
1.8182068
-3.5299072
1.4798317
-1.7856827
-4.6648445
0.10419083
-2.0798454
-0.45880127
-2.2939339
-5.6619835
-3.0204468
-3.2763824
3.103283
0.11634445
-4.440365
-4.65057
-4.4463806
0.07619476
-0.063819885
-4.6255417
-0.39746475
-1.3034668
-2.5092468
5.0060387
-2.217392
-5.4648895
1.5105095
2.8168411
1.3677559
-1.3723755
-3.3773499
0.40547562
3.0241585
-1.5973167
-0.96250534
-2.8219986
-1.9795723
-1.8532524
-2.8361206
-0.047039032
-0.7261543
-2.801937
-1.7847176
-3.3454514
-3.2245827
-1.4559135
-4.7438354
-1.3894615
-2.228569
-1.371006
-0.7059784
-2.6534996
-2.6978722
-2.2743454
-7.7230988
-3.1524925
-3.1294441
1.7521553
-2.7934341
-2.5142403
0.0982399
-5.1490784
-2.9279518
-7.4017563
-8.012943
-7.834488
-5.5802155
-0.30721664
-2.6715317
-2.343071
0.3510399
-3.9885712
-0.8909416
-2.2814064
-4.5947037
-2.7845345
-1.0866089
-3.9870605
-1.0283318
-2.5733643
-1.7394791
-9.702229
1.554802
-2.8434563
-3.4632034
-0.24097061
-6.831665
-7.2054405
-0.85647964
-5.1237335
-4.5243416
1.875412
-4.421158
-7.6123047
-0.92733
-7.2834587
-8.711037
-2.980816
-2.447998
-1.0726509
0.650589
-3.8901634
-1.1191711
-8.359348
-0.43261337
0.076789856
-10.868431
-9.520981
-1.6965637
-7.8629494
-1.5814095
-3.7993546
4.122452
2.2074814
-1.1215553
-3.8525963
-0.4550476
-0.75870514
3.800438
-4.093807
-6.908657
-1.2202415
-4.6714134
-2.927353
-2.768013
0.16105652
3.009468
-3.265808
-0.7283859
-4.4298897
-5.9492493
-0.9123192
-3.8906746
-3.586338
-0.50143814
4.6841354
2.1801643
-6.240898
1.9035034
-5.7233276
-7.667347
-2.0147362
-2.8549232
-7.9630585
-7.8507233
-3.57024
-4.9708138
-2.5126686
-13.825954
-12.823296
2.7969704
-15.457809
-10.419842
0.46912766
2.9706688
-6.6131477
-8.792149
-2.1995506
-5.0951576
-5.2950172
-9.1092
-4.743561
-5.53022
-1.6780167
-2.8950043
7.014721
1.5129395
-2.9103966
-4.293747
-12.552059
-0.19820786
6.3452377
-6.2624283
-11.083309
0.024749756
-5.13937
-3.1645355
-3.7818413
-4.6220207
-5.5057907
-5.886669
-4.974079
-8.859219
-4.070923
-8.605373
-13.534508
8.681072
-10.586796
-2.2417603
-8.460522
-10.798111
-8.235008
-9.157448
-11.809319
-21.714725
-9.789471
-6.8846245
1.8382225
-0.3434677
-14.948929
-12.180916
-8.644413
-10.494682
-8.881084
-12.281212
-8.869171
-8.281124
-14.148258
-2.2046204
-5.343006
-15.422356
-11.557571
-10.105728
-18.106659
0.9077797
1.2600327
-8.466343
-8.008476
-13.221851
-2.8654022
3.092144
-4.0593834
-2.8958054
-2.277256
-9.227642
-10.388691
0.74972916
-17.025616
-4.4626274
2.9945793
-10.848251
-14.102463
-9.539925
-0.28736115
2.515339
-7.705662
-4.7372055
-14.68848
-0.12989044
-13.519081
-8.855293
-13.934044
-4.9817963
-13.098808
3.3967285
-17.072132
0.58597183
-15.184734
-5.201687
-3.2578506
-10.692818
-12.755444
7.4944077
-8.8374405
-8.638954
-22.727741
-10.20734
0.359787
-10.475918
-15.481789
-3.9906158
1.0820351
-12.069931
-13.574547
8.183796
-9.148083
-17.547508
-10.007904
-9.510712
-5.169842
-13.51865
-6.5056763
-15.8792
-16.774536
1.6112099
-20.644348
-4.474209
-10.284008
-21.203045
-18.013092
-0.21396255
-5.605732
-5.5460434
9.001083
-8.992878
-5.7751694
-3.8961525
-18.40158
-17.653404
3.1024132
-3.365078
0.7326622
-22.67495
-21.13052
-11.854397
-5.362583
8.372997
-5.4239845
-4.6821136
-13.311806
-13.757744
-9.984325
-13.251656
-8.893814
-6.939556
-9.069588
-22.979126
-3.0920792
-18.141888
-32.255753
-14.64875
-2.3000107
-22.657528
-11.419685
-6.5829277
-4.488888
-12.998959
-8.957222
0.21166801
-6.5319195
-5.9799385
7.0923653
-13.73473
-4.3604393
-11.141876
2.10672
-4.2966537
-7.1968307
-9.01796
-7.424881
-7.8584213
-7.4143677
-12.673336
-19.363197
-7.6270714
-12.199059
-16.416077
-3.5501938
-17.617828
-11.673058
-0.17147064
-17.367764
-22.500961
-12.559895
-18.834923
-27.614193
-8.522175
-13.285072
-18.342144
-23.67083
-15.249943
-10.979813
-6.6904564
-24.031456
-12.513691
-6.41
-24.52546
3.4490776
-23.140781
-19.97245
-22.961285
-18.738407
-30.266754
-17.798107
-45.89417
-25.125164
-12.006439
-11.873783
-3.817791
-9.321926
-22.939072
-9.38303
-19.572319
-21.402683
-15.994541
-6.022167
-14.665939
-21.345665
-29.95932
-15.693031
-6.8421593
-20.966614
-13.612473
-3.5523872
-28.500381
-11.644814
-7.5920486
-12.171242
-0.16588211
-18.520288
-8.052422
3.9216843
-22.688934
-5.6576157
-13.35804
-17.285374
-20.009178
-8.113934
-18.53838
-17.20066
-23.372723
-8.083031
-17.212936
-23.316307
-14.845936
-5.454254
-21.077133
-33.427547
-25.414776
-35.59876
-4.6724243
-17.49
-16.901302
-26.538017
-16.759985
-13.168869
-1.8218956
-27.506826
-11.93432
-4.3400726
-3.064148
-11.999619
-4.802788
-5.2434998
-4.4639816
-8.952248
7.398239
0.9392319
2.2684631
-1.1255798
-2.484047
1.9729004
-3.1018677
4.843071
-0.1173172
-1.9818039
-4.567459
2.4757996
0.1370163
-0.5652695
-3.6820145
-2.6302948
-2.14917
-6.511589
-11.069801
-13.268578
-9.885025
-5.412056
1.9737549
-8.772701
-1.0521469
-12.894062
1.1419868
-11.320976
-12.436642
-9.803097
-12.194698
-8.614616
-11.733044
-11.139248
-18.116692
-19.706772
-16.660892
-24.883587
-20.143028
-29.445396
-8.364059
-14.604237
-21.575806
-19.721577
-26.538471
-20.049042
-15.196638
-20.074703
-22.474495
-24.944805
1.3751984
-22.853405
-29.767986
-25.557503
-13.143475
-30.599495
-22.403267
-33.290497
-41.248554
-28.85918
-14.584042
-18.477398
-14.203407
-17.059875
-18.450844
-16.782837
-17.465073
-22.504215
-23.102951
-27.877434
-24.65263
-31.99784
-17.503437
-4.232418
-15.651947
3.2880135
-16.566742
-25.067293
-28.436157
-37.182045
-22.164944
-35.02103
10.550407
-16.564548
-33.421844
-27.012493
-8.965515
-21.594536
-41.46689
-46.356762
-35.972435
-16.192902
-39.440556
-33.137352
-35.874058
-32.89661
-28.366322
-40.07796
-33.571266
-51.59794
-41.89225
-15.237354
-44.029877
-17.263824
-11.067299
-45.045467
-39.69645
-29.404194
-18.603703
-45.357437
-31.88348
-32.483826
-41.260773
-19.23246
-26.166618
-10.255371
-39.11378
-34.984158
-30.41536
-17.557854
-6.621422
-35.239452
-31.976635
-42.935154
-14.84243
-53.133644
-29.682846
-30.409218
-13.08971
-22.084175
-20.233383
-30.40364
-30.161633
-9.890865
-18.518673
-38.397636
-27.967205
-10.275585
-14.164501
-33.813168
-45.06023
-14.868561
-24.9281
-32.070732
-25.985828
-36.88993
-24.599785
-16.051262
-16.781513
-33.920303
-32.74125
-33.56729
-36.279808
-33.654472
-29.81427
-24.868145
-38.423325
-12.026287
-49.796627
-37.082874
-60.041813
-22.631264
-38.381794
-30.403381
-28.461731
-47.97668
-49.293552
-50.79708
-38.239723
-38.568645
-21.205528
-14.4308815
-38.64463
-15.278992
-37.923874
-51.36917
-6.586296
-32.31963
-38.662003
-25.07933
-36.54415
-29.135254
-25.347797
-18.054382
-40.719296
-20.995209
-21.274834
-22.798897
-17.107826
-12.639458
-25.057552
-26.302414
-28.93711
-20.033573
-28.479286
-34.871254
-48.653816
-26.24308
-19.97131
-55.040047
-50.303986
-34.446968
-27.57972
-19.071842
-23.42685
-31.797573
-16.459461
-32.072502
-11.992489
-36.144028
-35.14132
-52.713593
-73.9212
-33.751137
-25.677704
-26.426105
-32.951096
-11.145027
1.2677612
-40.20535
-18.323349
-40.250675
-57.373108
-52.4422
-31.20823
-48.363182
-20.66642
-29.092453
-17.183945
-41.499714
-38.83415
-46.596745
-31.895222
-30.637497
-31.720592
-43.14645
-36.814304
-14.604458
-40.882076
-27.578262
-45.101
-60.63662
-50.815063
-36.996677
-19.089619
-37.258167
-40.58367
-33.35666
-68.0413
-30.998615
-26.499004
-29.982075
-58.099895
-38.12008
-19.365486
-21.937542
-30.467575
-47.90441
-28.00418
-35.057686
-40.55179
-33.072773
-39.78503
-20.86081
-41.553314
-46.15275
-41.090546
-43.827435
-52.575798
-58.72277
-45.630936
-48.635597
-43.011497
-56.198833
-31.15017
-53.878067
-32.999077
-34.322124
-8.98455
-18.489761
-36.040394
-44.725132
-57.77771
-43.999687
-47.298744
-29.648129
-26.769188
-52.168407
-44.93919
-34.518684
-57.881367
-28.755592
-64.54031
-45.95805
-26.448334
-45.596397
-44.803463
-61.731373
-53.104958
-21.088112
-29.95
-37.359272
-50.017097
-41.874825
-33.19303
-52.292572
-12.568962
-24.58548
-38.867832
-27.241306
-40.487823
-52.75184
-34.78494
-51.02063
-49.940243
-12.475822
-45.700935
-25.451622
-13.896038
-43.664192
-34.66602
-33.305305
-44.293438
-38.21706
-28.193409
-43.375557
-36.040943
-48.320854
-38.91209
-34.04771
-26.689243
-40.09612
-41.529938
-36.65785
-28.877476
-36.4867
-58.33483
-13.23867
-61.998783
-41.30439
-43.83616
-35.78508
-40.674385
-32.78869
-40.42743
-34.66259
-37.104042
-31.871437
-66.45422
-46.257202
-38.431683
-58.29245
-17.300308
-51.156445
-29.549416
-18.028467
-53.32569
-32.75535
-38.15854
-74.54429
-61.433388
-29.184757
-41.07389
-34.656155
-22.75719
-48.943134
-18.693466
-42.503487
-16.224045
-70.07163
-59.37181
-36.317234
-18.327454
-60.891163
-37.191315
-40.638096
-19.80579
-53.599983
-45.069843
-50.6788
-50.89285
-30.228832
-54.503586
-48.939217
-62.75923
-29.035913
-50.349785
-46.349392
-65.33966
-46.059162
-46.248333
-33.534996
-35.69403
-35.576706
-72.53296
-32.154007
-39.026688
-25.47593
-41.048748
-26.619316
-46.770397
-40.931522
-73.33148
-39.902634
-54.329826
-36.710396
-53.119698
-48.55116
-31.818438
-25.047958
-34.194427
-28.789787
-43.381866
-44.87509
-49.21632
-16.916992
-29.015957
-45.813614
-45.270157
-43.297577
-25.733698
-57.771103
-41.341026
-44.8264
-45.452194
-42.81386
-42.18793
-33.598457
-52.54306
-23.090897
-49.68353
-30.936539
-46.32647
-58.136215
-65.41315
-33.396362
-42.32571
-38.1385
-37.398968
-23.407478
-47.227657
-66.3757
-33.93446
-50.365692
-54.56015
-44.877254
-45.89046
-45.281723
-56.587692
-44.8984
-43.333443
-15.148613
-28.948761
-33.314682
-33.225746
-63.5809
-53.418232
-38.18051
-55.25125
-37.697216
-29.953672
-57.197495
-38.688747
-39.88542
-45.656105
-32.556274
-23.185738
-44.062717
-29.7584
-50.055855
-68.65168
-60.516792
-46.04297
-73.76905
-25.408367
-49.018787
-61.18693
-46.69072
-40.60044
-44.50974
-62.808964
-34.42597
-50.65375
-33.376022
-45.18952
-39.894817
-51.282097
-22.090017
-54.365364
-35.556202
-51.85774
-56.658
-61.608574
-65.47204
-50.46073
-42.21557
-45.48179
-52.03784
-36.708755
-48.28518
-46.60688
-51.01577
-48.567764
-19.124374
-18.598923
-47.859116
-53.764526
-55.989277
-64.22965
-17.160286
-40.241535
-52.79398
-51.076893
-57.670757
-60.776783
-45.657173
-63.27258
-69.558685
-50.421494
-37.651306
-68.20453
-64.49248
-25.930716
-63.582306
-53.14337
-47.87717
-44.844307
-68.35748
-65.83975
-58.45923
-45.667038
-55.00603
-31.961569
-29.90335
-58.09774
-35.334915
-26.010712
-64.80951
-59.537125
-62.976788
-33.173424
-65.04671
-36.74656
-32.301292
-34.764275
-58.59986
-45.77703
-80.14532
-58.28932
-72.52414
-26.181156
-46.216442
-51.88916
-37.56153
-66.03401
-57.307354
-30.488518
-36.32902
-78.776505
-53.080303
-69.73474
-39.54377
-49.644505
-34.359074
-39.519203
-41.949615
-51.30536
-43.313072
-55.679356
-50.597282
-52.870167
-66.63161
-57.85374
-61.16522
-42.020096
-33.361816
-68.51692
-36.680862
-58.15745
-52.43541
-30.016026
-29.18302
-25.220724
-35.66558
-39.479504
-30.495537
-51.950542
-49.499516
-39.236755
-96.62312
-49.50605
-34.401085
-50.876633
-60.071762
-42.65201
-50.358917
-37.08082
-43.93253
-32.882416
-27.955637
-49.47857
-57.48085
-52.336864
-40.12534
-47.458202
-47.787186
-25.646255
-34.191414
-43.500896
-27.217604
-61.686516
-43.453506
-33.01104
-32.91044
-43.067062
-61.154556
-49.955635
-44.98603
-59.89532
-28.929619
-59.751472
-49.766354
-32.84053
-22.149769
-49.4438
-28.048603
-41.02603
-38.550102
-38.69732
-49.942753
-36.58261
-31.737701
-30.79775
-33.429123
-53.682224
-48.570396
-25.8121
-49.221443
-42.946365
-51.136135
-56.265354
-45.376106
-42.572147
-58.99868
-52.508217
-56.12947
-64.47515
-71.9826
-70.56037
-57.289284
-63.239017
-77.38347
-39.892437
-54.895493
-56.468185
-74.13504
-59.846375
-38.365627
-49.223003
-66.901634
-79.25922
-70.962204
-85.1764
-60.53838
-57.615696
-58.581722
-57.73991
-91.48848
-72.66037
-69.630295
-78.13484
-86.658
-41.577713
-58.22162
-26.52034
-50.66394
-60.765182
-44.72734
-81.271454
-80.92787
-43.199783
-51.50608
-48.258804
-71.9452
-79.02397
-29.45335
-47.57584
-66.10127
-44.678474
-59.6666
-60.944496
-67.02675
-56.148113
-58.590378
-47.901
-94.23747
-44.760124
-55.95746
-25.24456
-36.530396
-50.620697
-39.1961
-42.2594
-48.303993
-53.694405
-57.80495
-53.78858
-43.729397
-64.96434
-63.82103
-48.697277
-61.081696
-56.826817
-47.32791
-50.12328
-42.568676
-50.55816
-67.81928
-45.65072
-49.909973
-38.80935
-22.669378
-60.28588
-55.599575
-52.932297
-30.229298
-55.11159
-39.694168
-44.04395
-50.245415
-54.559807
-52.55999
-58.751938
-52.60902
-66.056885
-45.108906
-37.75895
-67.49577
-44.106815
-71.85147
-23.157438
-64.0393
-51.81765
-46.144737
-78.04613
-69.06757
-54.416874
-36.31787
-58.47892
-54.51257
-60.35909
-48.31392
-49.608692
-42.31464
-67.83093
-37.310703
-60.490223
-61.704597
-56.921112
-73.632866
-50.384544
-67.35953
-47.473343
-39.80592
-42.56124
-34.34174
-52.986874
-57.536743
-67.02572
-47.754036
-56.346664
-50.483875
-47.31079
-43.490677
-47.578304
-35.834328
-24.998201
-53.21154
-25.463442
-66.84964
-52.277794
-72.076485
-61.721367
-43.628048
-68.718704
-60.194935
-87.3497
-52.989834
-37.84761
-39.118156
-50.949623
-54.826828
-44.101852
-33.46403
-42.65589
-65.18811
-51.26838
-45.658554
-84.90546
-46.34907
-73.047165
-49.516415
-64.72914
-35.166023
-38.89049
-44.300594
-55.303658
-41.55706
-35.1499
-46.47383
-45.085136
-46.933647
-62.55085
-40.341152
-47.03072
-52.35719
-50.874187
-35.72495
-50.229412
-68.3684
-60.79375
-62.175232
-73.119125
-107.20034
-82.392624
-67.737076
-77.19299
-34.57609
-50.90207
-48.019966
-66.232056
-76.228836
-69.38324
-62.280174
-98.15635
-66.193085
-70.26491
-47.7133
-46.761124
-83.48172
-63.59989
-57.65709
-64.30701
-60.34861
-27.971497
-42.389137
-48.14418
-29.87229
-39.377678
-40.038902
-33.081383
-34.726727
-42.124043
-48.39364
-35.97319
-41.298077
-30.919731
-39.601303
-28.626892
-28.49249
-42.04613
-46.562096
-62.32023
-78.32022
-78.04542
-47.19644
-59.256256
-59.486397
-66.49775
-44.5234
-39.357098
-60.770187
-34.651314
-53.57401
-48.095467
-73.63557
-49.039444
-36.156113
-47.398193
-65.7381
-75.90437
-51.577545
-41.54579
-88.15907
-43.20643
-48.992184
-63.787853
-83.834885
-56.32337
-48.231133
-84.197365
-53.420708
-25.136642
-28.849335
-48.749077
-48.167473
-45.92605
-58.361046
-69.42464
-92.56474
-56.21515
-69.68648
-55.066162
-48.14827
-65.152664
-51.093285
-38.67843
-43.401188
-60.977547
-50.72273
-55.85386
-60.903255
-35.762756
-33.123756
-55.311817
-43.260643
-51.634693
-76.81404
-47.401024
-43.196
-54.011795
-45.45944
-67.08679
-57.333294
-58.91099
-38.85659
-55.67903
-39.894257
-70.88159
-11.11693
-48.647736
-57.1189
-68.21161
-41.9795
-54.441593
-49.394646
-53.626247
-39.766624
-55.08253
-23.166695
-56.034866
-71.7958
-51.503006
-54.890446
-51.570843
-50.349384
-49.26471
-79.32854
-41.54902
-49.814877
-51.125023
-43.37714
-65.780914
-71.28122
-60.504272
-63.148666
-54.5375
-65.32545
-47.549427
-81.15407
-88.653206
-72.37182
-75.2818
-51.041756
-76.39506
-65.390526
-77.54683
-46.81684
-70.17123
-50.250763
-53.30128
-66.714035
-76.69317
-60.0123
-54.67868
-74.08833
-68.006775
-39.275295
-55.291626
-65.77568
-48.98054
-44.78725
-87.15313
-86.23262
-101.20947
-58.06735
-78.26851
-40.452827
-69.111374
-68.18361
-52.001293
-38.863007
-17.612068
-45.20559
-44.93729
-64.48104
-77.975136
-60.301144
-56.783394
-77.115295
-64.98949
-62.20258
-59.624798
-64.71124
-82.96271
-54.719635
-52.04707
-37.85467
-52.9065
-51.44874
-53.715057
-46.28347
-56.17793
-44.317547
-41.901993
-44.877068
-50.430706
-59.412148
-42.941105
-41.69202
-44.071968
-46.59469
-49.534332
-47.157406
-43.533714
-79.13381
-47.43347
-37.109756
-45.975677
-35.208878
-62.308968
-73.17481
-53.781498
-55.10443
-52.223785
-88.50459
-68.87048
-48.69825
-38.67736
-50.151566
-72.93269
-59.2195
-67.47844
-47.482338
-81.184845
-50.576523
-66.19623
-94.80853
-72.94287
-62.67327
-81.1212
-93.52873
-43.57769
-71.63429
-48.07085
-50.980553
-41.59547
-70.721176
-74.878044
-64.50785
-52.986675
-87.115364
-65.356575
-66.350784
-49.723465
-32.19496
-52.30715
-52.103012
-93.38184
-62.923386
-50.721626
-70.82731
-74.40169
-41.88195
-79.396255
-57.2048
-48.142014
-71.531906
-65.35979
-34.888844
-93.61456
-69.023895
-44.160553
-60.112885
-58.614555
-40.128387
-38.716583
-65.50032
-73.52831
-63.96312
-60.379036
-69.4948
-89.02393
-86.06569
-72.178955
-50.00964
-90.1272
-52.85033
-86.355545
-70.94029
-33.269325
-39.199303
-69.53517
-52.047115
-68.62436
-96.081024
-62.224106
-67.29701
-41.994255
-56.845734
-81.07939
-61.208244
-59.619675
-102.2744
-73.9735
-80.77113
-102.493
-83.50235
-46.47215
-56.76827
-102.64957
-69.926674
-110.9738
-84.404785
-75.64115
-53.20578
-84.92216
-60.642906
-64.00844
-58.963356
-54.354305
-66.359535
-81.52289
-75.679054
-60.7704
-61.362213
-63.641098
-56.56009
-44.40851
-66.4227
-79.63467
-59.88079
-65.22827
-51.423836
-78.45735
-17.926392
-71.23662
-74.81818
-71.14795
-66.25797
-42.77855
-63.96197
-63.89557
-74.13304
-74.17866
-62.43011
-66.63588
-39.52249
-78.96203
-40.860332
-25.432964
-37.681507
-48.604515
-33.0298
-43.98623
-77.370316
-64.068665
-51.696297
-57.382046
-51.50421
-42.860947
-49.606445
-47.795116
-67.08033
-47.645496
-44.692978
-68.6174
-57.45108
-27.32268
-85.229126
-75.31143
-60.745045
-77.37464
-49.74182
-80.60533
-61.118504
-70.326805
-62.464634
-65.56678
-62.174522
-88.20476
-50.172638
-74.83604
-58.43421
-69.86232
-77.25612
-63.520782
-55.13797
-43.747818
-49.838417
-67.779625
-56.249878
-72.51674
-92.64299
-84.89122
-69.01033
-62.86173
-103.64787
-78.899506
-62.934628
-61.245167
-69.51663
-73.382965
-91.05495
-74.10196
-78.469475
-128.5364
-95.46358
-84.71713
-77.89491
-42.697166
-77.11598
-66.22615
-80.37987
-61.200153
-62.737648
-50.648045
-86.08496
-64.6315
-74.47296
-85.74039
-48.520184
-71.39699
-57.564583
-85.650444
-44.71926
-44.499584
-70.03319
-38.691696
-65.8455
-75.574326
-66.44787
-34.43306
-67.335
-63.04094
-44.028324
-42.88264
-57.17449
-69.7119
-88.551865
-65.129814
-63.57028
-74.21635
-46.724922
-40.676258
-61.802185
-67.94974
-55.43367
-57.93628
-42.94392
-67.44751
-60.47249
-43.528538
-65.34786
-54.645798
-72.957825
-99.10661
-62.31636
-88.135925
-75.30941
-64.41106
-67.0681
-60.830986
-57.10482
-76.10536
-83.631775
-104.655304
-97.20892
-58.29572
-90.245255
-61.121746
-89.544205
-56.047817
-80.52249
-72.689
-71.91613
-67.627304
-82.23121
-81.04256
-81.11154
-62.176743
-23.282066
-65.74521
-47.20284
-92.48246
-71.988815
-79.348
-67.22733
-115.83612
-25.885204
-45.152794
-50.720066
-54.677658
-65.05
-69.940025
-79.955925
-64.63608
-102.796936
-66.50929
-47.795155
-66.94412
-69.229294
-43.279263
-55.61643
-43.52108
-64.01549
-69.800415
-47.464485
-82.49409
-68.965866
-74.11595
-68.368484
-63.8284
-73.59184
-86.76872
-99.75598
-99.37787
-82.19138
-88.39755
-71.29571
-48.75936
-75.766106
-26.47805
-95.33133
-55.308716
-66.70769
-70.18364
-95.157425
-53.065342
-43.047607
-86.085754
-91.93353
-64.60295
-42.793087
-79.43262
-58.078342
-49.88919
-58.4016
-68.2995
-49.283104
-91.87425
-66.88417
-63.266777
-77.39079
-48.493065
-57.05273
-80.32156
-90.625175
-68.19496
-62.60759
-51.776646
-81.92841
-41.20843
-30.602814
-40.352093
-57.508614
-39.060566
-61.50358
-102.432816
-113.90201
-50.170338
-70.67697
-80.39031
-65.27101
-59.209984
-52.686874
-73.560074
-58.839783
-63.005833
-84.55343
-77.80861
-54.76682
-88.476906
-103.38872
-107.53448
-77.81977
-63.826088
-69.73248
-61.223644
-82.39078
-33.85117
-56.52543
-66.5078
-65.76575
-86.2885
-90.358055
-78.40469
-100.98213
-85.1313
-76.44618
-36.845413
-91.58949
-59.02501
-67.63058
-80.91787
-43.633015
-73.805466
-90.37535
-70.0956
-87.15303
-69.38811
-61.72754
-50.174328
-76.93411
-56.330654
-78.66817
-48.591312
-64.87181
-76.38403
-101.627815
-91.331505
-76.9729
-84.28556
-47.179527
-59.06211
-77.40677
-73.42159
-46.917553
-74.69841
-83.69844
-79.76149
-91.59159
-73.32338
-54.92186
-50.4153
-39.175102
-48.497936
-55.408665
-55.057693
-96.32936
-88.47892
-92.84556
-73.31343
-56.68916
-65.239075
-51.3232
-72.58427
-113.1375
-58.40718
-46.325428
-59.356613
-73.030426
-108.52864
-54.752106
-45.779427
-84.30959
-65.543274
-49.542896
-73.65703
-39.77681
-48.927216
-78.36312
-91.239586
-59.453938
-88.228714
-108.575806
-102.17073
-101.26102
-78.27898
-101.47567
-60.034153
-80.1698
-96.93648
-81.128784
-75.422485
-69.211945
-73.53247
-51.979427
-72.29728
-77.85388
-76.192986
-66.07573
-25.902927
-65.28292
-54.217552
-72.69519
-84.576744
-44.92143
-95.407364
-80.106575
-51.042168
-62.116714
-57.32602
-74.25545
-26.853245
-98.71127
-48.89129
-64.12835
-45.029205
-47.160095
-62.803642
-50.85216
-41.90558
-56.362892
-41.71924
-60.142548
-81.81004
-95.92924
-66.29591
-80.055115
-45.188133
-40.154682
-75.75587
-81.196915
-78.57358
-55.147923
-77.70221
-50.195366
-47.323715
-52.400223
-57.212402
-77.96567
-75.77767
-70.52588
-62.13841
-73.507355
-27.301086
-54.778637
-88.11687
-70.81795
-41.137424
-57.573376
-70.17871
-107.172424
-43.149326
-75.77474
-42.299862
-70.336945
-68.18118
-61.297123
-52.113266
-49.39591
-40.581898
-59.21282
-55.980515
-41.188103
-70.1694
-40.80063
-68.53854
-89.79055
-55.950333
-89.44087
-89.91806
-72.98819
-61.31175
-85.459305
-81.61886
-51.05171
-54.008602
-100.749374
-67.04
-70.04372
-95.38638
-53.189903
-57.76778
-56.202343
-44.6808
-53.55166
-102.71767
-94.138626
-85.82519
-76.60574
-90.98961
-78.77763
-55.106483
-69.752464
-70.22851
-41.22221
-56.68045
-68.965485
-98.47922
-47.089516
-93.868774
-61.256233
-79.71181
-48.933453
-38.74102
-62.78972
-43.68984
-98.36075
-79.40937
-66.8029
-70.64836
-53.587658
-28.474659
-52.58125
-31.681164
-54.819935
-65.829544
-48.92601
-67.99086
-57.6222
-63.894886
-58.18698
-74.47863
-79.47517
-65.691795
-62.296238
-77.938805
-77.655266
-69.1826
-48.315434
-91.75109
-75.8965
-82.482635
-81.9141
-106.961685
-79.98888
-93.20944
-93.19027
-19.363117
-61.089455
-51.293793
-57.44109
-84.59196
-93.935135
-76.25144
-84.319466
-75.97664
-137.6583
-87.07179
-62.532814
-98.68779
-108.27158
-65.5408
-92.10063
-90.893295
-85.46239
-77.92477
-64.684845
-65.88748
-90.92993
-80.523865
-117.5868
-107.118645
-32.923347
-103.94855
-56.939476
-120.427704
-97.23681
-48.952465
-56.659225
-59.5881
-66.19765
-79.78733
-67.56355
-55.182117
-57.304367
-67.368835
-97.770706
-82.42409
-61.03752
-75.399704
-93.26366
-79.05336
-82.29613
-70.8194
-82.22113
-63.467365
-81.72087
-32.957855
-50.155132
-62.798477
-74.95007
-47.27636
-47.372185
-56.49548
-67.41247
-76.16101
-85.85111
-100.022156
-78.0202
-67.81708
-81.136826
-22.295525
-123.48175
-98.29687
-77.5261
-81.00561
-97.92133
-65.63277
-74.59471
-107.43498
-48.312035
-45.80885
-49.44943
-62.615303
-46.130283
-47.927917
-58.9767
-54.913223
-73.59357
-84.19025
-97.98485
-86.49521
-61.620865
-80.68579
-102.16176
-90.870964
-76.88007
-69.84551
-102.915245
-68.30981
-60.5625
-113.46509
-95.42244
-82.65856
-82.30766
-81.73634
-120.527176
-85.76772
-89.09654
-77.82127
-90.9404
-77.908264
-67.322525
-80.50072
-91.76631
-98.83093
-60.235867
-89.356094
-64.97772
-71.92532
-96.6519
-63.599567
-83.649414
-35.935757
-44.365997
-89.20051
-55.301777
-45.741043
-56.258892
-84.19197
-73.60252
-86.08003
-77.22328
-59.053467
-63.09346
-52.73075
-37.074818
-59.058884
-73.20868
-56.75069
-68.38528
-110.933304
-57.353996
-31.713486
-72.442764
-79.46323
-74.842575
-80.77726
-51.274014
-44.30789
-105.83109
-111.336395
-109.56071
-42.51995
-62.25269
-83.676414
-36.963417
-29.409676
-32.306934
-33.672447
-27.701775
-50.676567
-36.88765
-47.726517
-32.208908
-39.515205
-49.88356
-45.076134
-53.39685
-46.881927
-41.67206
-57.27514
-55.309128
-67.29875
-79.813484
-62.837585
-78.7608
-42.773224
-65.8966
-72.62382
-63.79235
-90.84769
-49.83127
-25.195862
-84.14772
-47.368126
-70.53245
-85.92791
-78.66052
-87.481094
-94.489296
-65.51089
-77.520386
-74.77571
-42.82237
-52.642414
-54.564453
-69.57704
-57.125385
-80.7466
-100.12234
-69.77022
-83.21576
-79.38314
-64.44525
-69.833305
-65.90423
-47.15708
-59.960766
-44.53618
-53.736656
-46.050495
-57.385242
-45.664207
-54.335625
-38.97113
-69.31581
-77.58434
-86.286835
-51.9869
-74.800766
-56.264732
-86.21855
-49.630512
-56.105175
-63.37239
-80.211914
-97.75508
-128.24527
-83.62238
-86.42197
-58.861908
-69.8897
-95.31125
-100.460526
-88.33038
-74.23626
-49.93755
-50.636795
-124.86166
-63.232697
-81.74002
-86.9612
-60.936005
-86.90744
-71.624344
-79.54587
-117.87001
-58.824677
-109.794304
-65.69153
-74.37516
-85.15642
-59.157936
-66.814095
-71.72422
-54.802345
-88.088356
-54.72032
-78.70358
-46.63308
-64.96283
-73.968506
-69.6201
-86.64929
-72.54871
-58.280197
-89.29702
-79.61395
-71.93372
-74.69125
-59.06533
-103.50914
-63.659008
-104.50472
-84.61057
-79.40982
-51.226944
-66.91093
-63.246433
-88.86487
-86.862335
-69.2569
-56.809727
-51.237614
-62.25061
-73.626854
-103.814964
-80.74214
-53.36175
-115.343056
-80.55917
-78.77042
-92.63875
-62.13319
-80.46172
-108.095535
-72.67929
-75.55154
-64.579384
-108.901405
-87.99118
-83.02275
-60.138107
-80.70277
-68.19757
-74.462105
-51.13962
-42.16928
-39.657154
-97.92322
-83.4082
-62.345367
-82.65313
-61.43802
-94.758194
-68.0468
-54.546677
-42.664356
-54.758286
-60.589455
-62.485382
-65.51303
-69.69762
-96.76432
-72.1844
-70.22986
-49.342937
-55.39565
-56.024067
-61.126812
-69.377
-43.914257
-49.201233
-84.25168
-62.090313
-37.09472
-59.662033
-66.27354
-50.020374
-80.68136
-76.73581
-95.527405
-64.536606
-96.21651
-52.2686
-100.37951
-78.67777
-58.32238
-107.58009
-58.88294
-100.65897
-110.13466
-65.37996
-67.53297
-59.318226
-47.719215
-76.87505
-75.46829
-54.164932
-69.73058
-55.126892
-84.8938
-104.57194
-54.20956
-62.41061
-75.39691
-91.99019
-92.40644
-72.22337
-61.324894
-72.01399
-43.44297
-96.54149
-81.17128
-176.81284
-97.48088
-134.37418
-85.35997
-61.522873
-75.117325
-95.14491
-70.34903
-81.013855
-38.311115
-88.58395
-58.63881
-46.86008
-90.74898
-94.70075
-53.096428
-79.750534
-103.40503
-67.09712
-113.50476
-57.330975
-79.3302
-76.87485
-75.333305
-79.142105
-70.45283
-61.539124
-72.858826
-92.013954
-55.51677
-95.17669
-108.70503
-112.7201
-50.81664
-73.37343
-52.717136
-69.61859
-67.80293
-24.87376
-94.84829
-103.1732
-65.180115
-55.32588
-63.37574
-60.191154
-73.90161
-43.343304
-27.709885
-82.985504
-65.971436
-80.09296
-73.41175
-71.74702
-49.63289
-53.022266
-47.258873
-54.519043
-39.66473
-75.129486
-63.486122
-83.64651
-75.167274
-113.97775
-83.12395
-55.778576
-81.196884
-79.49676
-81.78828
-46.488075
-75.37104
-102.80682
-44.481087
-95.07636
-111.77625
-69.35048
-93.410385
-80.56741
-68.55633
-79.851944
-98.38397
-96.88395
-64.401535
-54.140255
-55.65396
-83.35008
-105.35303
-106.152
-55.59667
-61.61655
-56.294785
-84.48953
-62.297295
-57.8062
-57.277733
-75.372604
-87.03999
-56.80866
-82.59285
-74.24018
-87.34662
-67.95145
-61.82047
-39.011833
-97.746124
-49.03035
-94.29283
-66.40481
-40.4396
-78.946396
-98.53291
-109.271416
-54.4572
-53.10234
-112.444
-89.93825
-70.99187
-50.43275
-69.55951
-42.519173
-60.85997
-53.634785
-91.24454
-32.348675
-89.088806
-72.934616
-55.345043
-64.74056
-46.510223
-69.53697
-78.07561
-72.869194
-118.19386
-95.92517
-104.26392
-91.808395
-44.294983
-70.6273
-59.002804
-68.2318
-81.39907
-76.42669
-83.13709
-67.3551
-92.97211
-115.2477
-79.4559
-46.002563
-78.64565
-97.597244
-46.341885
-86.75614
-58.334854
-45.782444
-75.12858
-70.846725
-52.202908
-71.21602
-46.888935
-66.65531
-51.206593
-96.92993
-77.60666
-91.08609
-108.590416
-81.349106
-80.328445
-56.350445
-91.86751
-97.07161
-84.42653
-80.94928
-82.10668
-67.495514
-44.313736
-36.16593
-83.67659
-63.301895
-111.42043
-78.2863
-90.759964
-78.65858
-42.747086
-56.41263
-69.83101
-77.85769
-74.15007
-26.073177
-103.97757
-67.944214
-70.0403
-70.19943
-53.33596
-56.541122
-80.82638
-76.56679
-119.23003
-90.37363
-57.451473
-73.63048
-70.07708
-79.71675
-79.06137
-73.51049
-85.36558
-62.154526
-89.20257
-94.76594
-90.322426
-99.49729
-101.3851
-95.97907
-95.52144
-92.21388
-43.83892
-68.76378
-73.2771
-75.730194
-65.52852
-45.796432
-79.64111
-76.9108
-41.680763
-61.097794
-92.671326
-84.402405
-92.78714
-54.544964
-67.971054
-94.02072
-67.20363
-101.83389
-75.78784
-82.68315
-99.068436
-89.586945
-56.36149
-53.75454
-84.117004
-89.71779
-100.631516
-66.41037
-66.04547
-56.908268
-72.15759
-86.58858
-66.44694
-67.42679
-102.43463
-66.569016
-63.062943
-66.0107
-67.16458
-67.61267
-67.39778
-85.151825
-65.053955
-97.5424
-111.65831
-32.08544
-82.45387
-60.48674
-54.22767
-95.622925
-81.69969
-95.14489
-89.26791
-125.48004
-80.24828
-58.42958
-74.37886
-74.42586
-37.272263
-89.3667
-77.57757
-114.075134
-86.01764
-110.12585
-98.475815
-92.695175
-91.61781
-69.167694
-76.57258
-57.715233
-68.201614
-74.997574
-54.37189
-71.755295
-70.358154
-54.025917
-111.017235
-62.822044
-58.24632
-67.737625
-111.106705
-96.068924
-112.23901
-70.918076
-110.609055
-80.8289
-70.32324
-73.04529
-88.946045
-76.57883
-79.70332
-60.326725
-98.71954
-72.55939
-70.666916
-95.69706
-79.62756
-79.017654
-50.645313
-57.955284
-85.36328
-101.86419
-60.293545
-60.497036
-106.98534
-105.06072
-96.22335
-109.504
-61.04435
-127.82878
-66.75846
-70.523834
-102.40791
-135.45819
-103.26417
-93.39946
-43.200478
-37.82297
-41.24791
-28.648674
-62.62982
-67.13736
-45.371986
-54.5719
-66.430786
-47.2155
-38.367332
-35.860794
-47.63784
-45.95601
-40.235455
-44.63123
-63.837364
-70.60932
-54.829964
-59.379093
-83.095795
-83.6546
-69.02668
-41.125114
-53.215652
-87.40333
-48.31179
-69.676544
-46.954453
-63.553665
-107.33219
-80.55945
-103.458405
-102.58179
-101.45342
-72.776474
-101.69586
-62.95601
-77.029945
-84.93317
-111.826385
-109.05792
-50.03797
-68.8531
-102.5538
-91.51843
-65.00845
-69.64948
-75.82775
-90.77979
-47.41387
-90.25399
-101.004
-104.00398
-86.88211
-92.49103
-55.35201
-72.92393
-74.0095
-92.33861
-131.77002
-80.69867
-101.39659
-115.99989
-63.485146
-53.680027
-117.11935
-116.83378
-101.997116
-129.72232
-111.213104
-100.693085
-68.57983
-109.64657
-66.70552
-69.75445
-81.94462
-90.2592
-45.71842
-88.65271
-83.74205
-73.90555
-112.93866
-94.848785
-102.76802
-62.21701
-74.82055
-77.401764
-72.179634
-93.33542
-74.69128
-74.4659
-68.897484
-84.52104
-91.69708
-57.25072
-66.93196
-66.90511
-93.86371
-82.86918
-104.84626
-84.98384
-52.792137
-90.758606
-76.49176
-97.512245
-56.595856
-82.08998
-60.589066
-128.1376
-83.921555
-70.63821
-116.053696
-96.690765
-67.02739
-18.229488
-89.0182
-40.56552
-83.43267
-70.157135
-74.093124
-72.14653
-89.470535
-91.30372
-83.607056
-51.212143
-31.663628
-98.66632
-87.182526
-88.70584
-80.31192
-89.13782
-95.378654
-80.86446
-67.59943
-93.97046
-68.631584
-102.894485
-86.25183
-132.57014
-77.0167
-111.40355
-58.68628
-20.62405
-67.77709
-27.595253
-38.035995
-54.465782
-51.397934
-56.93959
-96.82394
-89.1062
-63.059093
-82.6048
-82.61331
-87.72728
-68.45419
-69.908615
-89.532936
-79.44466
-68.62959
-134.95497
-115.508934
-105.62215
-145.01096
-58.678753
-101.617714
-47.359398
-69.110886
-93.12012
-73.25887
-53.327297
-77.55371
-103.058464
-99.35893
-110.883835
-39.118023
-79.63636
-80.831566
-64.52942
-112.919464
-74.380005
-123.470795
-91.1754
-48.72574
-75.27647
-41.558365
-96.73646
-101.76578
-67.076385
-108.74961
-83.99607
-94.73086
-83.21485
-77.994
-141.6486
-80.26782
-81.83795
-67.53872
-87.75658
-108.06366
-97.51106
-122.74747
-74.41237
-92.01324
-75.20194
-64.1256
-97.23674
-63.935974
-64.54787
-54.12119
-99.34488
-78.8555
-53.93596
-52.01519
-70.88396
-79.60278
-83.971405
-75.94886
-98.28112
-108.3879
-77.135056
-60.022644
-78.92406
-74.3543
-81.221924
-94.37169
-101.74692
-71.71178
-110.36959
-36.774784
-112.07503
-54.12501
-81.54932
-90.16577
-56.655106
-64.21115
-69.408844
-86.012375
-32.337997
-103.72912
-93.3537
-86.94889
-73.28935
-80.82057
-75.43274
-101.69647
-78.16576
-116.22382
-84.16929
-77.02347
-86.6091
-86.14851
-64.445145
-64.15913
-83.76479
-88.26355
-87.005646
-87.63094
-89.77144
-51.24761
-93.09575
-102.51004
-109.689606
-106.2715
-68.26022
-84.88382
-116.97632
-109.605644
-108.69821
-72.82754
-75.52917
-121.37833
-56.428364
-47.637344
-92.008064
-62.710598
-72.30294
-71.195526
-55.765156
-45.793377
-63.342712
-70.29597
-54.12507
-60.910156
-100.12612
-91.11599
-59.723778
-89.15886
-96.52249
-86.73529
-118.53776
-46.152485
-78.85028
-47.117195
-70.88516
-88.89291
-99.27249
-63.072144
-90.121155
-92.67246
-64.73791
-67.015594
-65.80736
-61.722008
-84.4888
-115.163605
-87.77139
-93.72139
-118.51979
-87.52037
-126.72985
-89.659775
-85.35779
-88.75122
-43.7468
-74.592545
-84.68865
-59.470406
-48.46822
-47.72329
-70.78906
-68.6839
-61.6742
-42.7037
-67.196915
-62.55474
-35.42312
-120.969406
-50.78402
-91.38838
-76.80611
-60.024216
-48.778694
-73.66756
-33.815754
-42.00732
-50.88368
-43.939728
-70.39083
-87.3064
-102.476456
-65.26367
-91.60228
-51.636646
-83.11183
-74.11603
-56.842278
-71.247055
-69.46375
-93.5874
-65.40752
-124.286674
-82.213486
-117.46369
-98.78571
-84.30802
-35.821854
-49.957985
-92.93768
-123.83928
-87.95151
-61.826813
-45.10841
-68.906654
-68.05064
-53.78841
-86.82425
-56.93621
-68.51457
-80.48016
-72.71677
-56.875557
-76.11652
-101.48361
-74.70935
-66.877914
-78.48587
-84.01227
-82.686806
-94.16379
-80.62099
-108.33946
-106.65881
-100.66031
-82.523384
-41.930347
-63.35334
-64.44345
-79.728165
-113.93542
-80.07821
-103.608864
-46.614414
-85.87886
-134.67242
-93.44745
-109.65014
-84.570755
-71.08388
-94.463486
-74.79912
-97.93097
-93.60156
-86.477356
-88.261696
-134.22862
-91.8432
-109.490005
-81.09271
-79.42581
-107.60269
-88.58798
-48.945442
-58.04514
-34.565838
-73.43684
-56.589695
-70.70222
-99.413216
-41.966923
-35.90159
-101.51415
-62.669735
-78.570145
-54.30112
-90.51516
-67.714485
-73.69558
-88.0107
-96.938446
-71.194756
-97.818634
-59.723076
-72.66589
-83.80234
-31.858166
-72.16353
-87.50586
-36.35257
-82.62026
-78.034454
-78.07313
-72.991776
-88.11536
-59.565617
-75.19189
-61.302597
-78.15918
-68.96095
-54.52157
-107.07695
-113.5563
-66.59299
-88.038635
-60.06414
-114.96564
-76.56778
-110.05475
-44.84314
-78.582016
-112.416534
-65.78264
-62.910736
-80.21764
-106.734985
-85.57906
-97.32703
-87.41751
-56.347176
-42.814857
-61.769764
-78.74457
-76.72562
-76.733604
-93.43978
-111.98638
-72.07471
-65.15732
-92.24977
-117.00629
-46.844555
-55.506153
-72.55429
-82.71742
-45.498783
-67.72774
-96.06459
-109.36323
-76.662476
-104.29871
-78.03865
-131.17163
-66.64099
-64.08298
-87.53872
-99.71732
-78.05039
-61.7584
-81.17383
-81.03459
-78.30463
-118.86559
-73.56528
-102.28191
-95.7244
-50.643505
-80.40796
-69.07998
-29.315765
-22.085114
-76.40527
-54.95867
-74.092064
-96.350655
-92.229805
-100.602455
-45.78103
-60.829144
-52.246887
-42.501175
-49.021732
-59.137463
-97.66231
-69.586716
-81.57762
-68.586395
-72.95449
-129.61275
-59.109783
-59.643333
-57.73759
-89.09015
-113.27598
-79.39394
-66.0605
-70.85929
-64.82118
-91.28164
-55.667534
-42.183178
-69.030106
-51.24275
-68.83232
-65.99005
-95.9254
-82.425964
-119.92081
-103.99164
-81.19353
-46.513687
-98.18603
-61.311665
-68.122734
-70.45287
-84.07669
-111.36855
-63.704517
-83.25882
-123.03444
-84.206314
-40.084747
-93.104095
-45.211357
-69.28436
-94.261215
-97.57861
-79.32037
-87.434654
-113.18206
-97.69942
-64.64692
-117.621216
-97.460846
-57.412674
-114.00735
-60.042133
-120.13091
-56.401134
-136.47015
-110.653145
-112.140816
-123.15044
-72.89806
-72.513916
-92.44574
-81.449234
-67.78865
-63.299053
-60.001816
-76.8139
-55.134613
-97.26581
-77.54572
-91.970856
-76.885574
-79.89384
-90.74098
-101.96305
-76.92363
-93.691284
-35.78141
-97.136444
-66.98753
-113.7466
-71.07868
-84.346
-85.75978
-87.851395
-86.78752
-79.53283
-36.83316
-61.02977
-96.39927
-85.81152
-84.8511
-80.13706
-75.423004
-98.342606
-66.04536
-87.147705
-53.775043
-98.15053
-63.09231
-111.78337
-127.089066
-88.51383
-105.53868
-105.49054
-90.09026
-57.28626
-99.12842
-54.53659
-60.3002
-76.98952
-55.545113
-94.80109
-56.58999
-87.30034
-54.808456
-47.405952
-74.908424
-71.08748
-68.53421
-86.97441
-40.018456
-84.8001
-59.867035
-33.578537
-78.91459
-103.73248
-85.7207
-73.71689
-64.03602
-34.533722
-115.59103
-74.00426
-87.37235
-98.20563
-96.64751
-89.74237
-76.68849
-92.97102
-113.30431
-111.43242
-80.56374
-81.39644
-80.992035
-65.02159
-69.78436
-70.15399
-116.49701
-84.90518
-79.295975
-86.58433
-82.89162
-116.89274
-92.71344
-101.87311
-63.615864
-94.03322
-85.408066
-57.404
-92.139404
-105.68254
-71.74288
-86.196625
-89.20203
-83.076454
-145.23993
-84.08328
-68.79708
-54.114822
-78.340096
-85.30855
-60.58869
-85.022224
-101.46148
-88.68413
-83.71924
-74.57344
-99.06102
-79.69353
-52.979275
-72.630424
-97.49179
-89.11123
-48.84548
-68.33382
-70.70784
-67.64374
-89.755844
-118.2263
-101.39001
-39.44743
-79.56001
-121.87425
-58.79508
-82.30742
-86.774506
-62.675205
-59.77704
-120.71338
-105.1841
-60.571716
-62.85638
-147.13795
-55.20608
-84.99671
-76.35173
-62.872272
-88.53424
-101.438095
-62.23681
-105.559784
-128.47676
-108.42397
-76.672424
-89.77995
-91.872116
-78.38551
-84.34259
-67.98394
-56.155697
-93.57249
-105.53894
-97.18645
-104.23415
-120.07765
-116.19057
-84.2664
-44.615616
-78.43855
-63.01577
-65.07117
-100.304
-136.7953
-70.659805
-54.586594
-69.68887
-102.20102
-109.082634
-69.78378
-48.395832
-68.62468
-60.889805
-72.27789
-68.68606
-95.56935
-73.50211
-112.8153
-62.660564
-74.70373
-37.182766
-51.710335
-39.645157
-57.869045
-91.74855
-85.65695
-112.318054
-69.46448
-68.58961
-38.29064
-104.629196
-55.581665
-95.265045
-80.50407
-75.702835
-94.10859
-55.019035
-47.823166
-43.152393
-47.472153
-27.740368
-93.27534
-80.531845
-77.25569
-75.14795
-76.34018
-33.59591
-49.593956
-55.72707
-99.50681
-99.542984
-93.31993
-133.54956
-97.88432
-113.41812
-114.46513
-87.36816
-73.765884
-65.23687
-67.68237
-59.76474
-90.61604
-92.17811
-112.36714
-83.61685
-90.88727
-117.19416
-105.86581
-100.74983
-67.49158
-92.22246
-135.92029
-81.70628
-113.94954
-154.44016
-85.65022
-64.63762
-84.57458
-73.417786
-62.429123
-65.22603
-60.642548
-70.5466
-67.319595
-82.31454
-70.66629
-89.09345
-60.13063
-42.691856
-91.18482
-65.706635
-46.61621
-57.71875
-98.169586
-72.88835
-43.500862
-81.868286
-94.11689
-107.80454
-92.996895
-45.85869
-74.45227
-117.12336
-62.2709
-122.69011
-71.09996
-110.39572
-67.86208
-65.402176
-29.271225
-74.96741
-103.50152
-95.34353
-68.47476
-54.851204
-72.33114
-92.14075
-55.075718
-57.216976
-75.95313
-79.46965
-82.44171
-69.873184
-79.79747
-53.09169
-45.463947
-52.471497
-75.47077
-73.53041
-70.12109
-47.57188
-45.46878
-44.562218
-62.599873
-77.818375
-135.00552
-79.10515
-50.38239
-100.38876
-111.21394
-58.86714
-102.679115
-60.177235
-112.11159
-49.3897
-106.77383
-82.12735
-35.501854
-94.59581
-98.70977
-67.6626
-87.36583
-97.983406
-61.660873
-59.68554
-115.96597
-71.24474
-92.647285
-66.95987
-74.62793
-86.87002
-61.972008
-91.33911
-69.431694
-94.208984
-103.56366
-65.45711
-56.741016
-109.069695
-74.54946
-35.69466
-103.52304
-78.82509
-107.7093
-44.175247
-71.87384
-88.34685
-81.735794
-55.37938
-61.74646
-77.85014
-100.1967
-101.64659
-87.8983
-59.816875
-101.43222
-37.775307
-111.09753
-130.52454
-65.93739
-80.337234
-135.02747
-50.343117
-65.92372
-90.57672
-96.85681
-110.62161
-62.07081
-81.35759
-112.89053
-51.132225
-71.20103
-46.88378
-67.82131
-61.93003
-73.766174
-40.22316
-116.372665
-89.33738
-52.106483
-63.203568
-107.43082
-98.41504
-68.013306
-61.671776
-69.96903
-79.924286
-104.23273
-80.011475
-96.27255
-55.463745
-94.36894
-76.87648
-115.06421
-88.24692
-44.25428
-102.27521
-79.440605
-90.73687
-69.052986
-105.14213
-80.96177
-89.72296
-68.4774
-92.42823
-85.62895
-50.685314
-79.03536
-74.872025
-87.33928
-71.32006
-106.84337
-125.8731
-83.43906
-16.350592
-74.36722
-83.235214
-107.472206
-66.211334
-90.85442
-56.488617
-115.90044
-71.43706
-73.95458
-81.856445
-106.12846
-101.40881
-107.13991
-92.04675
-148.66208
-59.99453
-83.06473
-71.82817
-80.28294
-97.85506
-149.70593
-63.27132
-108.7852
-55.86177
-73.64507
-86.4709
-66.369644
-65.885925
-89.68733
-100.30869
-83.152756
-105.37321
-101.31233
-75.14816
-98.49039
-65.694016
-53.594486
-101.783714
-114.10857
-90.71915
-65.08152
-65.09506
-111.80469
-94.07897
-69.8226
-113.88988
-124.63924
-85.81891
-78.58345
-58.05098
-93.0647
-106.431725
-110.58463
-116.424194
-75.17314
-103.81734
-87.93347
-67.83768
-80.05767
-79.48711
-76.364296
-85.11455
-65.58805
-64.127
-114.30351
-96.85832
-94.22856
-84.056305
-97.689285
-83.460495
-84.13527
-94.00724
-59.271675
-78.77603
-112.43173
-107.633705
-127.5881
-115.59429
-85.00142
-97.411736
-85.51184
-82.349884
-61.234
-40.3292
-80.848366
-77.2948
-57.424652
-90.90488
-90.79808
-77.46469
-112.79299
-63.421036
-67.74745
-52.38601
-71.9751
-38.611458
-115.376785
-81.68509
-109.058075
-86.71394
-75.08415
-97.23811
-98.84444
-52.144066
-59.494976
-78.88458
-77.71176
-112.654205
-70.09827
-105.17119
-89.0629
-87.04612
-127.411316
-124.2053
-48.07093
-98.65341
-83.56143
-124.17026
-78.364395
-95.61467
-121.776115
-88.18131
-98.11533
-118.47377
-104.84702
-96.56652
-71.52902
-70.15505
-81.37845
-109.88312
-93.7379
-52.676178
-86.00126
-68.82502
-41.836567
-65.31857
-70.018906
-66.318054
-110.59124
-56.295853
-84.87471
-63.28756
-101.13352
-53.55607
-65.84149
-90.446526
-49.624985
-70.99956
-46.013702
-111.49945
-66.48778
-100.04529
-64.202225
-90.35333
-132.75339
-117.90806
-68.91243
-130.1986
-99.495895
-71.873764
-93.62873
-57.216824
-108.55818
-79.95289
-99.084465
-98.16754
-80.64936
-54.3075
-77.477905
-63.219013
-77.19749
-98.5693
-105.932594
-139.57068
-67.554184
-87.847855
-105.17152
-95.64688
-30.01482
-61.03002
-90.83074
-97.358086
-65.32971
-53.635803
-82.80888
-42.54891
-41.171097
-45.207745
-71.08537
-52.371716
-78.928474
-68.074554
-87.23868
-68.77665
-85.516556
-59.89084
-48.592724
-78.63565
-72.83348
-68.65737
-86.251595
-77.406845
-92.80255
-107.38711
-101.27037
-118.4244
-91.25183
-140.53441
-75.17087
-107.31838
-80.13934
-84.11097
-94.43703
-98.58539
-83.70851
-77.70054
-79.81738
-85.79227
-98.06445
-98.55837
-85.62039
-67.701004
-74.4304
-51.634026
-70.27492
-73.662766
-72.28053
-107.39793
-73.31616
-85.98126
-82.48711
-58.36104
-73.03218
-65.536606
-92.12606
-77.33566
-105.65462
-85.99379
-161.96132
-80.61642
-81.29877
-73.64636
-60.26947
-87.88867
-96.58293
-69.783264
-99.42428
-123.70973
-99.56166
-82.18114
-100.23921
-81.109375
-84.52003
-93.66123
-56.664566
-60.628815
-123.23402
-66.32123
-114.81458
-77.60171
-91.574394
-76.268425
-103.64502
-87.64728
-66.03935
-60.544357
-85.29045
-94.27229
-95.718506
-91.27609
-92.29145
-127.29757
-87.54386
-69.086395
-71.762115
-83.696045
-94.33015
-64.604034
-73.72094
-93.15216
-68.98215
-70.77201
-82.038994
-90.97665
-86.25705
-107.856575
-74.89252
-58.43297
-84.07343
-102.73457
-88.56604
-76.37476
-74.025734
-68.6268
-37.721695
-90.29876
-68.44917
-71.49167
-92.671585
-62.54851
-77.62558
-89.36392
-57.409836
-104.246284
-65.206505
-97.541534
-99.89708
-92.81102
-84.572075
-54.674324
-86.34891
-73.934616
-101.130295
-62.540527
-55.495197
-89.92467
-69.24591
-78.878105
-74.79698
-113.26228
-81.11876
-70.10543
-48.540634
-28.08619
-59.696857
-54.06759
-68.13717
-55.342197
-74.82725
-71.62819
-104.91329
-87.510864
-85.412834
-66.052704
-98.962105
-53.009647
-77.85402
-77.76016
-98.925156
-125.68739
-115.59677
-99.71987
-102.27841
-138.74489
-78.96875
-74.42987
-66.112625
-108.56859
-83.14448
-81.09822
-52.252563
-65.83429
-73.572845
-49.366768
-86.07251
-90.11023
-69.96106
-83.29855
-118.911804
-89.18158
-84.54126
-56.09102
-74.96295
-94.198586
-72.49678
-76.233246
-70.340706
-105.22211
-49.46609
-102.21221
-79.26005
-81.00955
-87.77954
-76.03261
-86.62236
-79.22068
-66.64685
-70.37114
-82.38837
-77.14847
-58.32908
-83.41815
-52.25959
-57.155804
-55.595947
-54.887028
-108.810455
-74.74565
-81.909935
-104.80449
-76.27332
-101.96807
-139.51984
-102.37934
-75.196594
-104.63966
-94.836426
-80.22174
-112.09057
-127.55462
-54.104614
-83.16365
-63.48919
-68.14352
-88.05196
-66.00658
-59.352524
-58.11087
-96.02354
-46.932262
-58.775375
-29.628204
-58.123184
-93.2897
-60.739098
-106.44874
-110.25963
-81.610214
-84.38138
-92.80148
-91.98194
-103.831795
-101.114075
-89.68008
-81.57623
-60.3023
-68.20391
-68.35724
-94.25811
-120.79783
-60.687286
-97.60353
-88.24805
-99.79371
-94.28601
-114.99951
-145.50365
-113.596535
-85.044205
-99.58972
-66.05847
-79.252174
-58.4644
-87.83943
-62.64024
-82.82202
-63.08776
-101.36601
-119.68056
-78.65996
-103.38229
-122.423
-114.601295
-59.200153
-102.937416
-46.578907
-79.32366
-80.1558
-122.64908
-79.72792
-86.0497
-40.3197
-61.816364
-87.69657
-60.95379
-82.87874
-32.83693
-91.6211
-96.25743
-87.07113
-65.09257
-78.41769
-97.28406
-93.05832
-54.432186
-76.041214
-53.353302
-44.90968
-88.55242
-87.07672
-65.9223
-100.47966
-117.92053
-58.65286
-84.43519
-85.10186
-37.210205
-55.67112
-56.511013
-61.995926
-65.73237
-123.95889
-88.675125
-140.4176
-77.62604
-87.685745
-71.18754
-97.0222
-29.21746
-44.62245
-61.239494
-73.66517
-66.2582
-67.97954
-61.799446
-42.635094
-68.69885
-87.78911
-83.21959
-95.196106
-59.41483
-92.09361
-85.38713
-117.83216
-46.177513
-85.729095
-103.36755
-72.52242
-82.84459
-114.39229
-77.87668
-87.33198
-89.1399
-76.36078
-77.0434
-48.779198
-73.33345
-81.85359
-89.69707
-57.57633
-58.16182
-80.22861
-51.577133
-88.0739
-51.428932
-73.18092
-92.683365
-92.76901
-68.69807
-77.91036
-47.58049
-115.67853
-121.76296
-104.37947
-105.118454
-60.556274
-123.91552
-62.75259
-76.275055
-73.608635
-85.92963
-73.18059
-68.49309
-101.6369
-82.05868
-37.73848
-83.8315
-36.83114
-58.80111
-110.799866
-111.76515
-82.475266
-73.015625
-118.006454
-76.419876
-83.251205
-110.527855
-69.380035
-61.00234
-67.5972
-137.76599
-102.153854
-56.24871
-112.6672
-61.392696
-92.122765
-88.385506
-74.109856
-83.492355
-109.68013
-52.44204
-67.60932
-98.63374
-59.200943
-66.18877
-81.75216
-49.839287
-72.72819
-69.48891
-105.64554
-77.70521
-120.76007
-75.083664
-69.68344
-80.12648
-76.7536
-65.79445
-78.75601
-92.83118
-127.05113
-72.453865
-108.21313
-100.65594
-116.966896
-96.82228
-83.24014
-68.05022
-101.1785
-87.668594
-102.36917
-69.910446
-58.647846
-44.2061
-140.28862
-118.289925
-83.89419
-65.90798
-65.078094
-51.025074
-74.968704
-92.70952
-80.715935
-92.69513
-65.30298
-75.71078
-121.143456
-72.82712
-96.26799
-77.88753
-80.84569
-80.64655
-73.89899
-115.51521
-80.715164
-89.85515
-106.61592
-144.56921
-84.917656
-103.85306
-121.66901
-117.1337
-71.714554
-71.67922
-63.50849
-34.54132
-88.07327
-71.63863
-52.457924
-88.671165
-97.53391
-84.02496
-56.68992
-104.97093
-87.72866
-50.224648
-116.515076
-70.83121
-75.735115
-96.5613
-70.53324
-92.55359
-87.46196
-109.34395
-82.02203
-41.679802
-80.78758
-85.07798
-58.831974
-88.68182
-91.01477
-42.518673
-116.161156
-48.65466
-74.75652
-54.79436
-114.2693
-90.925255
-99.83099
-48.5854
-88.02508
-115.70008
-99.16124
-82.51765
-111.48574
-72.12567
-81.10513
-106.68494
-105.36968
-90.899826
-137.5534
-111.80944
-62.690094
-66.34396
-111.020256
-85.67003
-68.01778
-78.78064
-88.57064
-90.47626
-69.17773
-84.42453
-77.26254
-84.83105
-38.167297
-61.77208
-55.56716
-88.32915
-103.876434
-105.43359
-89.175514
-92.010765
-68.03513
-110.09108
-99.419495
-120.69802
-72.984314
-143.84267
-79.79335
-90.89996
-103.83122
-106.0081
-64.43467
-117.81884
-67.04787
-120.02342
-64.76045
-100.82086
-78.981964
-61.404167
-61.78102
-93.72292
-75.59658
-92.56271
-74.94414
-71.971664
-81.43188
-63.761307
-54.626564
-66.0007
-132.80336
-107.56118
-95.66347
-119.93143
-53.699314
-71.59443
-108.6399
-75.670876
-134.1138
-80.56531
-100.40149
-79.82359
-102.96411
-94.135056
-81.636765
-77.20558
-83.07742
-72.682236
-80.226776
-145.79857
-109.380615
-84.044754
-84.30295
-104.676056
-76.17168
-43.756554
-75.3439
-78.26001
-70.469246
-74.85479
-53.68978
-121.01912
-60.38291
-90.729836
-107.92112
-47.583992
-89.48551
-46.811073
-77.277054
-43.681477
-64.53346
-88.69614
-57.0528
-61.92769
-110.12939
-55.420227
-104.70391
-78.61877
-60.557304
-43.853935
-53.58731
-39.604584
-53.270554
-61.94689
-29.386147
-81.38601
-84.2663
-69.596634
-103.750336
-86.84122
-85.09753
-84.24263
-69.146835
-128.66754
-94.55974
-73.46473
-84.83402
-77.66904
-88.16682
-42.7108
-74.36911
-93.93688
-87.14499
-103.02423
-56.700855
-40.269733
-80.87146
-66.75713
-100.58638
-109.893875
-79.02444
-73.04409
-104.74817
-69.254944
-80.060394
-98.71323
-139.85818
-75.6315
-123.48174
-105.88538
-72.790085
-85.72973
-87.04248
-91.46337
-121.10617
-72.97126
-84.8598
-88.853966
-90.97324
-102.64801
-67.70961
-84.15628
-86.81024
-93.310684
-59.952126
-62.20294
-96.34801
-106.73656
-57.669334
-69.451775
-93.30899
-90.16144
-111.195206
-78.71175
-87.54033
-64.540115
-114.81606
-70.20903
-53.01261
-85.18805
-78.617256
-96.634735
-103.98047
-68.950455
-97.84281
-65.5238
-74.947586
-95.84645
-102.26451
-79.96718
-83.31978
-102.33533
-112.27558
-57.3497
-108.63718
-65.5471
-63.817574
-86.379456
-125.97984
-87.899155
-54.773853
-46.719284
-76.900116
-30.464062
-73.999596
-102.18625
-90.23918
-111.11827
-89.36951
-97.64319
-82.20694
-104.29649
-62.084843
-73.42787
-91.34729
-91.16681
-114.08174
-100.11243
-99.61614
-86.80426
-68.812744
-74.62965
-93.36026
-74.40401
-87.56619
-71.94397
-101.77116
-97.13083
-99.265274
-61.392925
-62.272026
-69.41679
-80.34762
-80.69268
-95.48888
-98.144196
-105.36337
-75.96565
-69.15857
-60.91762
-76.185295
-99.304016
-65.19688
-64.04868
-85.74816
-50.026337
-69.80084
-92.27063
-97.583595
-97.82654
-73.35156
-108.98576
-93.28311
-92.28215
-128.02774
-90.953445
-74.4908
-78.530075
-75.48659
-96.5296
-105.82825
-58.086815
-93.50653
-65.838745
-111.96893
-87.34683
-77.62314
-78.94383
-119.51986
-93.48914
-74.76337
-71.3154
-79.011765
-55.868996
-83.06077
-68.32242
-48.266727
-102.88925
-83.60017
-83.3896
-47.826183
-75.50566
-63.92295
-135.18033
-75.32323
-119.57218
-71.38303
-107.585
-129.21085
-109.91046
-120.22926
-84.260345
-61.86937
-84.23944
-62.514023
-89.41846
-125.879364
-48.018196
-117.107704
-112.40238
-55.618534
-86.92044
-104.007614
-58.005455
-80.01504
-52.104618
-76.541336
-86.52838
-71.6295
-114.990875
-73.72079
-58.253548
-79.75894
-86.19419
-71.62667
-71.78694
-48.222626
-54.621872
-49.520443
-63.265747
-49.751892
-85.175934
-107.082924
-103.83252
-93.96611
-68.493614
-96.157455
-78.16109
-109.81828
-33.063828
-63.00965
-83.85641
-129.44582
-100.29768
-95.37606
-65.079445
-98.539566
-136.2535
-105.34894
-50.219475
-53.657196
-87.0357
-94.59374
-71.81483
-48.463135
-65.28018
-82.62298
-76.89703
-40.971107
-94.88216
-93.56723
-67.15609
-85.81565
-106.94173
-78.73248
-126.172226
-88.71326
-111.67778
-92.42083
-58.211685
-89.73268
-84.391685
-92.28495
-90.54295
-117.81311
-66.730515
-49.945786
-79.577225
-89.90413
-62.383015
-94.46423
-87.97302
-87.77246
-79.47508
-80.81805
-85.41589
-106.246
-60.310196
-88.37808
-86.689514
-85.6053
-97.59602
-76.1658
-80.170135
-63.92421
-55.315292
-95.44168
-108.55229
-87.38473
-56.46157
-66.29654
-92.23735
-95.91377
-99.69708
-75.35664
-85.08147
-84.028465
-95.71919
-70.468216
-72.638466
-77.006744
-101.37601
-110.94893
-101.39198
-105.33998
-51.498253
-154.13684
-87.05449
-120.83717
-124.19429
-82.12426
-71.9047
-67.8938
-79.81295
-72.60959
-52.99043
-106.836174
-57.02838
-87.81731
-96.77115
-66.97354
-72.29896
-51.63359
-54.50785
-74.5567
-64.53546
-77.325874
-96.97595
-88.22435
-72.48396
-132.05891
-86.839874
-107.21478
-84.16742
-38.85627
-24.648365
-84.02076
-136.694
-56.906586
-98.793945
-79.44689
-126.302475
-112.71351
-104.27869
-101.067154
-80.63761
-60.780098
-90.21587
-79.51337
-84.645294
-79.925354
-92.57352
-101.29869
-110.57387
-113.76328
-67.66301
-84.66768
-65.61135
-88.96524
-43.42626
-73.99259
-89.05998
-61.132874
-71.47185
-44.07147
-93.48613
-41.1084
-100.33922
-75.055466
-59.748142
-74.66254
-110.11818
-87.8984
-98.94507
-92.578384
-115.01048
-139.88432
-87.07396
-57.45218
-104.94463
-114.26766
-93.73108
-108.47472
-85.77297
-82.63683
-103.81041
-91.66901
-73.13753
-95.992935
-83.79097
-126.29342
-111.63458
-93.99065
-57.399788
-54.55793
-101.31813
-90.05225
-98.98282
-93.9305
-64.51176
-135.97171
-100.88588
-56.62468
-68.70155
-49.42981
-74.3181
-100.224106
-55.04406
-126.070526
-87.3802
-56.181522
-120.50963
-90.57565
-71.63179
-68.92133
-112.03877
-86.48734
-81.32031
-126.94928
-63.457756
-47.458168
-48.762215
-88.27336
-86.512726
-93.44025
-70.45624
-57.933056
-57.410934
-126.17325
-129.82947
-119.70385
-112.081955
-68.78533
-55.50241
-103.88554
-117.464676
-130.64526
-85.65037
-124.19223
-111.70407
-74.149185
-61.839035
-74.25104
-76.49329
-87.34313
-91.29707
-53.693893
-60.873363
-62.233444
-77.74271
-92.177956
-71.173904
-96.11748
-93.53868
-109.28707
-79.92992
-120.085495
-101.799194
-95.94194
-95.09029
-61.100166
-79.62226
-74.87906
-92.85933
-91.064064
-69.597
-54.64424
-67.725464
-55.194363
-67.88625
-132.95602
-87.74927
-62.85004
-34.298996
-82.19754
-71.812996
-92.43524
-82.14074
-81.78551
-46.47534
-89.6635
-122.44145
-47.67392
-85.89302
-97.42315
-79.07637
-90.43617
-97.23622
-72.40602
-84.77815
-149.69928
-114.20819
-100.76728
-111.63013
-77.76687
-69.64369
-89.91983
-142.55179
-40.809574
-94.62396
-78.00708
-118.405266
-83.814705
-88.45214
-35.619976
-84.97756
-61.989513
-59.35374
-64.434235
-97.12247
-64.85615
-58.740967
-84.227486
-56.64477
-46.434647
-79.95714
-43.266495
-93.41626
-107.58056
-101.41687
-75.85704
-103.468704
-128.8158
-88.99991
-76.9928
-116.30981
-48.251747
-87.20688
-76.69359
-74.78818
-122.54972
-103.92148
-90.47061
-62.046535
-60.051266
-59.412178
-39.675888
-82.5217
-66.1062
-76.25354
-52.35984
-64.97284
-43.30213
-65.277145
-102.11387
-66.563416
-123.04149
-113.878426
-87.85995
-69.44407
-74.55881
-94.201416
-89.52278
-120.16954
-87.47826
-89.27775
-112.76583
-99.31597
-126.313866
-112.90341
-87.527954
-111.72479
-86.57136
-101.392044
-111.3692
-125.97778
-105.00084
-77.218094
-73.26395
-121.17558
-108.733536
-61.50644
-77.984726
-101.513626
-84.13428
-99.93919
-64.64679
-82.971924
-82.95109
-75.7527
-58.756203
-79.52005
-82.717224
-86.789734
-76.45723
-74.01813
-53.416267
-56.691704
-58.286427
-71.40389
-104.7403
-76.20793
-52.82694
-52.842888
-128.41151
-85.12292
-166.32584
-46.033546
-104.32994
-61.856308
-109.63951
-108.74624
-88.195404
-93.46225
-68.91644
-87.98748
-78.973366
-65.69979
-81.326324
-91.65769
-121.71968
-62.260574
-95.64023
-82.8788
-81.39578
-92.5338
-80.63423
-99.11413
-46.53102
-108.45553
-93.62024
-111.03707
-75.18448
-44.298645
-67.51259
-58.78444
-88.90249
-89.4567
-90.57832
-92.52913
-136.64299
-129.03355
-67.87352
-85.2221
-70.29773
-99.64386
-87.87494
-42.43197
-77.574295
-104.587585
-85.57092
-66.53316
-96.12193
-111.87013
-36.067146
-87.70057
-55.65458
-55.91264
-55.178673
-64.40224
-63.630463
-78.84074
-56.582264
-87.92243
-78.168945
-119.30281
-102.2833
-76.615746
-74.30327
-100.08599
-75.19935
-84.45775
-52.834003
-108.40367
-94.342705
-59.107876
-81.364456
-59.448822
-76.33354
-63.817314
-95.19998
-97.04151
-120.77693
-80.16097
-84.35804
-134.7338
-57.77083
-112.64805
-104.56286
-81.076805
-78.527466
-64.93498
-78.337364
-105.11014
-84.20418
-126.63955
-91.0143
-82.85228
-46.93141
-49.324085
-92.53388
-82.44106
-85.007904
-83.39365
-85.7142
-87.55306
-74.05771
-100.92312
-117.00916
-96.12465
-73.06175
-80.75177
-141.85149
-50.94808
-92.3772
-86.861946
-62.48452
-97.59755
-89.17726
-41.530888
-69.16104
-84.83704
-88.31308
-74.71859
-62.101448
-87.89966
-79.537125
-91.46351
-106.80179
-77.51548
-117.608574
-160.91302
-80.90138
-72.3105
-83.66275
-89.464294
-77.19363
-88.56235
-87.226746
-116.10152
-50.46844
-80.84886
-68.14145
-83.52072
-63.484856
-34.622272
-76.399185
-105.640045
-79.976524
-109.09853
-75.35689
-100.65959
-56.18019
-45.66347
-82.164536
-111.76665
-99.01799
-76.0727
-85.31499
-93.4315
-78.13701
-87.09172
-82.58497
-72.576645
-81.46945
-104.59833
-113.43436
-72.8218
-99.71587
-76.6994
-111.69552
-97.61064
-90.57631
-92.47761
-67.96392
-58.58851
-63.365097
-77.43607
-58.327797
-89.54716
-71.750145
-75.15939
-66.59821
-87.588715
-92.66478
-77.57724
-85.166756
-128.81711
-112.00382
-88.84384
-114.81591
-87.921036
-53.10851
-76.08319
-105.60576
-96.11005
-91.64426
-81.545364
-41.96811
-73.99182
-83.77191
-74.19786
-100.01633
-77.45369
-90.12459
-74.79254
-69.66634
-56.60517
-69.12476
-53.13062
-65.6418
-79.67967
-107.395096
-73.37954
-85.12118
-130.75377
-59.539825
-77.88414
-53.29697
-55.896824
-87.56584
-76.97081
-50.360924
-104.05647
-116.73104
-92.61202
-49.951035
-72.142555
-50.572006
-49.37819
-67.210655
-69.13654
-86.52163
-79.84135
-97.547325
-132.7445
-134.18765
-47.175465
-84.69892
-113.96241
-117.93571
-75.985214
-83.57774
-96.15278
-87.60577
-58.572643
-59.576344
-56.3764
-36.449493
-66.6511
-51.24256
-81.860695
-68.8011
-66.33482
-61.626823
-58.93683
-75.600044
-74.18067
-78.411514
-111.1439
-75.7894
-105.23039
-96.8383
-92.89308
-58.826397
-82.09468
-95.16281
-62.6045
-48.26378
-88.463875
-106.15811
-77.9647
-111.207275
-97.96762
-84.86191
-132.39847
-94.83351
-71.686844
-108.46602
-117.07579
-106.48245
-69.50984
-95.34857
-55.582245
-85.64989
-114.10739
-57.236458
-69.60155
-136.43167
-110.528625
-74.97467
-29.106895
-64.92285
-85.349884
-27.90797
-72.02574
-88.67331
-99.09157
-55.466022
-76.00357
-105.681854
-83.126114
-109.70982
-82.34125
-80.12563
-79.394554
-86.93847
-81.94771
-79.447624
-53.801163
-82.129715
-80.33822
-120.11793
-103.19382
-82.31355
-63.389244
-65.61662
-47.06116
-90.33052
-81.7112
-44.1784
-71.08333
-57.333885
-73.678955
-98.81039
-83.5651
-79.00931
-104.825775
-85.66022
-108.48453
-45.769188
-78.44376
-96.30337
-93.04922
-35.692493
-72.59448
-82.13491
-69.24729
-95.03415
-87.09573
-63.390778
-77.95337
-105.82539
-86.95958
-117.4749
-96.21024
-74.65776
-65.25298
-86.808655
-51.00434
-102.529175
-117.68478
-110.42618
-94.15667
-90.65341
-81.9837
-49.086456
-55.994884
-78.13039
-104.697266
-113.08622
-105.19526
-114.46689
-82.85602
-100.58093
-105.31762
-52.078926
-81.57114
-93.194496
-109.73532
-112.505905
-49.482803
-86.75501
-92.0914
-83.29615
-101.55409
-65.708534
-64.891335
-69.25658
-106.283356
-61.967846
-75.136154
-57.251442
-102.39083
-59.450905
-57.252724
-58.53318
-52.433666
-64.30983
-30.056602
-59.200836
-131.79259
-71.63573
-65.03397
-124.07083
-122.2267
-77.2841
-74.88377
-66.5813
-86.43662
-82.13002
-105.71344
-62.793262
-143.00967
-48.7398
-115.5583
-94.060074
-84.02511
-41.530907
-100.18829
-128.42134
-87.522415
-73.30378
-105.51968
-46.083313
-85.07651
-74.878586
-69.82033
-74.64743
-94.406525
-120.309814
-54.26466
-76.08447
-75.31355
-110.194565
-109.84209
-103.1499
-98.89079
-158.37694
-82.583145
-64.7354
-57.52536
-91.04805
-82.02434
-71.90137
-85.90622
-86.525635
-61.366898
-97.59838
-88.1277
-74.743515
-77.327225
-91.98816
-105.776
-81.13379
-83.86745
-98.21915
-94.99427
-111.42222
-85.696945
-122.19891
-114.53345
-83.17226
-53.72477
-100.10343
-62.14648
-108.1662
-102.95727
-104.99314
-68.38957
-88.8882
-78.856995
-69.894875
-51.764416
-112.96764
-111.77312
-45.00285
-54.299583
-35.37761
-48.81479
-53.894478
-104.905914
-95.2035
-118.8349
-82.2544
-73.679565
-76.67172
-103.16816
-70.96673
-61.557648
-107.276825
-108.65642
-80.71756
-93.855156
-114.321106
-86.28158
-118.28395
-87.79124
-94.48439
-87.23934
-93.44937
-39.481255
-91.58206
-100.86615
-85.7692
-107.78912
-118.723114
-72.60311
-117.90156
-59.918877
-93.68323
-79.73831
-72.642166
-41.70311
-83.5444
-80.80478
-71.90405
-56.31467
-51.195953
-67.44921
-43.99844
-57.834396
-97.641884
-31.35933
-95.76705
-104.335625
-97.44711
-89.13818
-60.8557
-59.753906
-81.68228
-74.73439
-71.4973
-76.752716
-59.230915
-93.07965
-108.70479
-70.81579
-82.67792
-93.73863
-102.64679
-54.607388
-77.78534
-42.97437
-52.557137
-90.847664
-62.040474
-85.15234
-57.71325
-100.388405
-55.40412
-94.38039
-106.88238
-55.61268
-62.0735
-45.904655
-91.86058
-83.47745
-33.57054
-75.35665
-67.61334
-49.515686
-84.13542
-18.276611
-107.74287
-92.38599
-77.368904
-112.88956
-96.9368
-109.07189
-75.14469
-96.85587
-110.39918
-75.954834
-87.1423
-61.68624
-60.14762
-82.10269
-60.9001
-85.86089
-75.39908
-75.0783
-98.30183
-69.203766
-70.68341
-93.50883
-90.47753
-98.82854
-76.311165
-104.42351
-102.24602
-92.910385
-84.77535
-60.528694
-60.165085
-55.348595
-103.90741
-109.30661
-101.542885
-71.341415
-71.56571
-117.85176
-65.435555
-68.27892
-47.1053
-71.22323
-110.40131
-45.28697
-61.65198
-102.18222
-90.43588
-90.95093
-79.08942
-39.868237
-73.06259
-105.03726
-65.84122
-109.011795
-87.42462
-76.5083
-89.89908
-59.235104
-84.81763
-69.38988
-83.4465
-67.03055
-83.10387
-98.33159
-96.84138
-56.19591
-73.52782
-71.25464
-77.53154
-73.44389
-62.770958
-72.62342
-75.785675
-121.22922
-90.41303
-72.21052
-100.33941
-75.75572
-66.42911
-132.0841
-103.26659
-120.35971
-95.3728
-114.17348
-62.043034
-109.80937
-104.90138
-153.98386
-138.83624
-92.37465
-87.36719
-69.09639
-94.18382
-117.03939
-78.60871
-92.17991
-83.50629
-58.778355
-75.18245
-66.84775
-61.169563
-87.82062
-64.927765
-70.186
-102.349625
-98.368706
-40.736473
-74.28191
-65.17473
-85.91084
-75.946014
-82.52143
-64.69719
-64.50153
-50.21113
-166.21185
-85.58512
-71.98181
-86.50011
-88.79429
-120.90068
-71.40403
-112.892265
-136.71115
-137.0765
-67.341255
-82.10123
-87.45607
-56.90603
-70.64798
-49.38738
-76.90876
-93.863464
-81.27725
-55.52037
-72.687386
-97.46996
-74.97002
-94.43642
-96.749176
-84.20393
-89.30084
-98.09489
-66.76533
-103.46392
-79.77764
-58.51439
-88.17275
-134.56642
-130.2151
-28.044357
-116.36041
-84.46146
-62.26866
-90.498726
-59.33009
-54.62112
-72.01838
-87.432175
-66.697784
-60.799957
-54.730286
-65.1779
-102.90157
-122.761
-116.18927
-76.67534
-49.874485
-83.25388
-90.31975
-100.46718
-91.08496
-56.51934
-86.85249
-87.65749
-82.74993
-78.79221
-70.77751
-59.46028
-63.021164
-135.74896
-112.7926
-73.41545
-75.42802
-89.252045
-96.40944
-97.21257
-73.61388
-104.716835
-54.59591
-76.32648
-74.51982
-73.807144
-121.55554
-80.95316
-47.123886
-93.13871
-98.886986
-106.452675
-141.29907
-113.045074
-100.93978
-101.86735
-96.349594
-47.63467
-87.332954
-75.57144
-97.43613
-77.3316
-110.08289
-50.170288
-111.94204
-45.45494
-94.215485
-105.599785
-88.46509
-54.973347
-86.551636
-83.779495
-89.15654
-97.78685
-127.5167
-106.01451
-104.33241
-102.1732
-40.33252
-101.69388
-77.37352
-79.76881
-108.042816
-82.773
-62.6236
-89.511635
-56.334938
-49.640533
-63.64408
-104.48166
-81.66318
-94.50444
-82.14784
-96.06462
-93.45527
-52.99401
-60.318375
-95.04892
-105.26099
-97.17361
-49.77765
-87.66188
-86.881714
-157.37254
-105.51062
-128.837
-83.87066
-68.83247
-72.86081
-30.17389
-60.729702
-75.31702
-91.373886
-120.4277
-93.709015
-90.53088
-89.07833
-101.077484
-84.2664
-94.70698
-82.20697
-73.89306
-61.831726
-76.54789
-94.858604
-80.43678
-84.13466
-111.652405
-86.49031
-84.13983
-84.465225
-66.262856
-77.164604
-117.89882
-90.63794
-91.845474
-60.088234
-79.500595
-76.082214
-85.95221
-67.380585
-71.55939
-57.361954
-79.00159
-91.634674
-88.56465
-69.244576
-71.40785
-70.854004
-68.16231
-116.78357
-99.016136
-135.9209
-127.51682
-141.3942
-114.55191
-153.96219
-125.293465
-105.466194
-91.16823
-78.971725
-83.9328
-93.505875
-88.12612
-88.79404
-78.019424
-57.612583
-101.6215
-74.75646
-33.349117
-88.73989
-93.15706
-69.7301
-74.558586
-36.85904
-65.56984
-71.08911
-50.639744
-96.51623
-70.12772
-61.01307
-86.936554
-42.215458
-64.27446
-128.70111
-120.07901
-76.25416
-103.32825
-59.701626
-124.515656
-83.18457
-103.5785
-89.147995
-108.31581
-82.24864
-49.07306
-48.269623
-42.011665
-52.0608
-50.016533
-72.444115
-93.635635
-76.61929
-68.56349
-76.1902
-83.180435
-95.19705
-75.41917
-100.382614
-65.17911
-69.67388
-62.809814
-90.83432
-80.385544
-55.470367
-60.24308
-75.43112
-74.57591
-53.21932
-74.93639
-63.38263
-69.10562
-101.38173
-101.59326
-73.43879
-110.29985
-94.68228
-89.77094
-62.610867
-72.28759
-85.03996
-94.19543
-84.74384
-40.903297
-72.25926
-102.115906
-81.99732
-99.30941
-90.49597
-103.761246
-92.88636
-56.25548
-76.877075
-87.891266
-104.56133
-89.481255
-73.13129
-115.655716
-78.33412
-111.55753
-126.13144
-95.837776
-105.71685
-104.27849
-90.26466
-48.2209
-99.95387
-80.1499
-35.9469
-55.60223
-95.57608
-78.819855
-45.61975
-50.20558
-130.21332
-82.671814
-78.06177
-96.757454
-98.70646
-101.803604
-79.1393
-54.013393
-100.57938
-114.1129
-82.38871
-85.95778
-98.77884
-118.1995
-79.10724
-43.23569
-62.058086
-82.021
-107.614685
-84.10854
-89.360115
-64.02164
-121.90522
-125.20589
-65.03116
-110.82328
-83.71246
-114.450356
-51.236526
-110.06353
-79.153854
-79.34202
-68.83501
-69.73198
-82.344505
-83.34224
-96.53993
-47.941093
-92.327515
-73.12083
-102.44226
-92.7206
-57.64942
-117.43356
-60.378643
-59.88278
-102.56269
-62.968353
-68.87691
-49.1655
-39.09892
-82.04824
-67.74543
-64.997406
-64.702576
-105.63431
-92.129745
-103.55133
-125.24957
-126.735
-80.421326
-89.54706
-116.08476
-80.59878
-94.7655
-99.610954
-81.729034
-106.166756
-93.44626
-87.69357
-84.64752
-103.349045
-78.574974
-120.78859
-99.07487
-109.770744
-65.27927
-87.23691
-69.30855
-101.43262
-81.6376
-40.335625
-40.890995
-67.031364
-52.673843
-102.0107
-130.78671
-89.6558
-121.633194
-9.448547
-86.69122
-43.39519
-55.5242
-75.54163
-42.894924
-41.719257
-38.46401
-47.042736
-65.17435
-50.691956
-37.63804
-42.03837
-48.17369
-45.00432
-48.87842
-44.10956
-70.65905
-92.48885
-85.91374
-89.98427
-52.46656
-70.99556
-105.68013
-58.100292
-66.71891
-62.268032
-102.53819
-84.2527
-78.689156
-84.671165
-105.15486
-71.69992
-93.5874
-128.5883
-100.16281
-92.9247
-129.51576
-88.586334
-102.54063
-128.53079
-93.66611
-96.535286
-96.981636
-65.399155
-84.44888
-58.88526
-34.379578
-74.58622
-86.65298
-91.574165
-88.913025
-97.52565
-55.554077
-41.872105
-33.85109
-26.089943
-53.995277
-35.95345
-55.79805
-72.556244
-94.136665
-32.363865
-96.11191
-119.5085
-72.55031
-110.7173
-95.735695
-83.04504
-61.019592
-87.60226
-97.45438
-122.27875
-115.62694
-83.037895
-89.61104
-50.841614
-50.234802
-90.03552
-88.789185
-82.83945
-108.38639
-73.38626
-51.316917
-97.46474
-89.01851
-94.982574
-64.519745
-75.25864
-66.24907
-60.317627
-88.16861
-84.314545
-49.35665
-41.559258
-53.789875
-60.45247
-72.73752
-75.97939
-82.169846
-60.375744
-49.333866
-78.198044
-104.83716
-113.559814
-118.79668
-125.26106
-43.46691
-56.05851
-57.303417
-79.65812
-97.839615
-70.587456
-77.469315
-81.09055
-88.73626
-54.51048
-102.77438
-67.2854
-92.95384
-98.55596
-67.73338
-98.63829
-99.242256
-69.94049
-112.82391
-105.91802
-88.70059
-74.10428
-112.643616
-73.452576
-79.71521
-89.445656
-72.96028
-78.81201
-62.66994
-122.66873
-98.80804
-75.75403
-75.33046
-68.138954
-62.725075
-73.31795
-84.27511
-81.52988
-69.35794
-68.934265
-96.40619
-86.48453
-35.409737
-91.01175
-72.67798
-143.96547
-71.8481
-97.20888
-67.30975
-104.88987
-69.77595
-66.32439
-39.775223
-67.48586
-56.972374
-64.27435
-72.190384
-57.592552
-60.09334
-50.559097
-69.573654
-74.73376
-76.478645
-54.780895
-48.20876
-63.8292
-113.126396
-43.74565
-66.071884
-73.41071
-64.057495
-56.04573
-141.22017
-145.23473
-73.48752
-84.17165
-65.84609
-79.48234
-97.10829
-34.79188
-87.002266
-72.31533
-90.360054
-75.123535
-118.508865
-47.54021
-90.20918
-83.18886
-125.76056
-94.68807
-61.739815
-84.356926
-107.73394
-83.292725
-90.206375
-79.36732
-63.97894
-62.913956
-80.8308
-84.63429
-83.958664
-103.82303
-32.187424
-70.60025
-78.764305
-48.12574
-46.372215
-76.34049
-53.035194
-53.50643
-42.898376
-42.851906
-93.71745
-90.888466
-97.19724
-87.456566
-104.48038
-108.30393
-66.70415
-57.779465
-64.022316
-52.095875
-70.9337
-82.3053
-107.36893
-72.34113
-49.72878
-112.79236
-57.450066
-72.250694
-126.777664
-88.571915
-97.7293
-100.59665
-87.09712
-71.5824
-79.480255
-76.350784
-95.43323
-84.66788
-118.53397
-58.181053
-58.216858
-49.232353
-84.731316
-74.87504
-78.314705
-63.04035
-89.884575
-91.340096
-94.0744
-95.01439
-54.403557
-48.621933
-60.602894
-92.41644
-98.06073
-34.799686
-67.30544
-89.86666
-70.81707
-86.06145
-45.332615
-72.37108
-123.35907
-84.92273
-143.64496
-91.0316
-79.90314
-62.53026
-95.948044
-88.57796
-78.74286
-72.09504
-90.618866
-42.655952
-39.68563
-80.96977
-85.14583
-91.74652
-59.65947
-107.15802
-90.32916
-79.30744
-58.83588
-59.318752
-63.941246
-83.67406
-91.918594
-78.75004
-95.60249
-80.99225
-83.61802
-49.688286
-129.2508
-100.541214
-64.69126
-98.75285
-75.46502
-120.65265
-67.52517
-114.19911
-102.13039
-74.57384
-65.76463
-80.40499
-70.68862
-38.87508
-42.75193
-83.62822
-74.56001
-66.384445
-63.13586
-76.344345
-58.77907
-37.140945
-62.17938
-66.0909
-106.88864
-112.365814
-95.601234
-81.96945
-53.576775
-65.448166
-83.59061
-81.26265
-87.97394
-61.522774
-48.4686
-76.52618
-70.771286
-82.418015
-106.69182
-92.7067
-103.62266
-49.62451
-105.06976
-91.14472
-81.87407
-104.12082
-92.67802
-90.03317
-88.46398
-67.651306
-99.87374
-106.92424
-108.65558
-117.732765
-109.86824
-90.50599
-98.77008
-89.74843
-89.44154
-83.93092
-53.167725
-89.87317
-93.04058
-73.98016
-77.31475
-56.71762
-111.30836
-105.01741
-80.041824
-113.16533
-107.637115
-82.739006
-73.31366
-126.59552
-122.89938
-66.77794
-77.125435
-87.87851
-72.8346
-76.47803
-65.90676
-87.67585
-62.48012
-98.0535
-90.448425
-93.425804
-64.379654
-94.95865
-88.33681
-62.815765
-55.237564
-84.634094
-71.085434
-50.214485
-116.15593
-62.46038
-109.64406
-93.951385
-52.517212
-68.514984
-86.561356
-61.79043
-103.480804
-81.533485
-97.610275
-87.69025
-77.65074
-62.794327
-52.00911
-85.05727
-53.764915
-95.7523
-117.89049
-82.81244
-76.28172
-144.54547
-87.463356
-76.24872
-120.72475
-133.21338
-102.163605
-83.09633
-97.98634
-106.27734
-68.43643
-80.92063
-65.15007
-90.27231
-101.9303
-82.849785
-107.53968
-99.35446
-65.707146
-91.27467
-70.50351
-71.39634
-93.05597
-73.81532
-92.994064
-81.09551
-82.25668
-82.51924
-78.87999
-108.08334
-89.40028
-89.91145
-83.586296
-108.01712
-118.180504
-63.29658
-116.90068
-65.234116
-105.60454
-103.005
-79.76917
-75.125656
-87.1118
-50.327953
-102.60744
-81.49544
-85.99455
-99.184204
-53.42219
-85.50271
-89.83101
-117.809586
-66.697815
-133.39622
-50.801987
-87.61906
-98.99924
-102.201485
-58.02403
-99.66441
-104.99796
-88.835495
-54.42959
-43.358543
-95.812096
-72.54078
-71.76869
-43.58022
-101.437485
-96.53628
-80.72719
-55.844414
-69.83274
-43.67579
-80.253494
-117.19487
-102.528755
-100.47153
-88.457436
-118.64533
-92.53332
-91.52279
-73.04633
-130.33705
-91.47998
-82.579994
-104.59324
-90.40342
-98.700874
-78.07007
-61.743107
-98.12558
-73.3748
-101.389496
-61.10858
-99.03156
-108.557205
-112.64613
-122.76021
-79.71913
-99.78801
-68.971436
-106.767075
-71.11508
-64.57671
-47.958485
-83.22234
-103.67202
-127.3118
-89.21947
-78.131836
-53.7518
-84.77185
-75.92325
-74.187744
-114.850876
-85.73634
-89.10574
-50.74385
-94.11345
-76.71616
-63.188858
-44.911057
-72.052155
-99.16125
-107.21055
-75.20087
-130.6247
-66.637924
-95.466576
-100.44643
-74.72415
-72.838615
-103.61126
-100.43649
-115.65226
-122.77698
-79.24939
-97.75856
-71.32585
-85.44028
-65.69741
-39.67777
-71.20015
-82.23075
-89.86776
-85.74867
-90.62059
-77.3773
-59.460587
-90.27916
-49.333477
-70.02364
-56.519215
-91.951294
-72.942795
-73.76285
-88.51752
-114.04129
-85.01946
-111.32054
-133.01941
-54.634243
-73.46449
-90.20775
-36.921913
-97.00725
-86.30443
-106.77683
-78.85121
-58.4896
-77.56775
-79.73901
-95.542816
-67.81682
-70.59651
-84.928925
-106.54889
-93.97355
-103.545074
-117.07216
-116.84472
-105.94092
-82.91462
-93.265686
-117.53313
-80.26468
-108.20829
-109.436035
-90.54504
-64.526276
-75.10681
-65.03104
-101.81053
-89.52016
-89.77362
-105.74356
-109.77843
-116.76994
-82.75724
-107.61531
-63.717064
-91.82387
-53.868107
-105.91621
-60.871204
-103.89116
-90.142494
-73.868164
-130.11543
-40.521618
-80.88463
-90.33209
-99.503975
-88.06661
-95.08982
-82.97972
-99.56119
-78.03775
-96.81351
-67.49093
-84.73004
-115.32826
-55.011288
-64.03041
-67.10407
-88.91481
-89.21825
-119.480545
-107.07167
-75.61071
-121.369446
-64.70239
-70.20169
-83.77914
-100.362144
-112.49563
-88.808556
-77.93289
-57.68212
-106.939316
-149.28847
-85.54878
-138.86932
-70.83479
-68.801895
-105.59024
-81.17885
-92.16048
-103.6196
-50.471092
-69.220856
-66.074104
-100.79066
-84.00766
-84.28711
-102.403175
-76.92095
-48.982628
-93.10615
-115.94632
-52.43809
-88.55029
-87.82506
-59.88455
-91.3772
-74.178024
-84.1686
-103.89754
-74.7908
-101.25049
-94.241806
-64.420105
-94.63343
-105.12399
-90.461655
-128.2591
-114.0963
-77.53981
-84.85845
-106.99268
-105.23335
-90.04536
-85.60073
-90.226364
-48.94896
-75.64139
-101.435036
-75.0208
-85.17187
-80.85445
-109.57848
-82.81981
-65.51404
-90.56142
-75.55478
-111.310196
-99.63225
-82.75668
-103.619804
-34.306458
-62.565807
-82.278625
-71.3047
-77.75655
-89.19197
-70.91554
-55.060696
-54.59495
-70.0935
-69.926384
-92.286804
-61.669895
-30.930233
-114.12646
-80.73479
-59.515766
-98.83951
-107.97863
-95.621254
-103.610504
-66.595505
-91.72921
-57.711224
-84.91313
-115.805855
-73.95753
-120.252625
-177.00497
-101.10771
-129.5646
-111.69943
-113.16861
-85.558136
-48.048447
-101.728065
-68.72314
-61.627598
-85.037415
-80.12058
-86.47336
-88.96213
-61.637722
-65.430954
-86.242714
-89.279434
-92.968124
-105.423836
-104.83288
-61.92324
-86.24877
-96.46018
-110.811195
-73.317444
-81.57051
-74.47372
-107.47278
-41.005314
-89.84026
-95.34897
-77.76518
-100.94469
-71.36656
-62.87605
-51.885654
-49.766415
-65.47836
-71.23433
-57.08015
-151.75977
-91.5126
-135.47281
-113.401184
-94.971695
-93.07405
-96.852005
-56.24781
-77.048386
-101.445366
-91.359024
-74.765396
-83.08854
-86.40526
-61.334076
-94.01007
-67.9417
-48.42737
-80.9408
-129.83492
-98.896866
-125.402695
-97.4178
-101.190865
-93.01651
-112.94553
-105.80602
-107.370735
-54.47016
-46.674385
-81.63589
-93.26291
-104.622345
-74.86534
-79.16187
-79.860565
-46.94088
-73.891304
-76.74579
-63.756596
-58.83512
-94.1548
-65.07753
-67.843124
-73.43866
-55.807
-112.37142
-76.14121
-73.84339
-106.83569
-83.0148
-125.901245
-96.253105
-107.68431
-83.32707
-83.59276
-77.75714
-101.34625
-94.69756
-75.78343
-101.558205
-101.80774
-85.17439
-79.62721
-63.355312
-74.76697
-69.48632
-64.07444
-77.795876
-87.60701
-50.26439
-36.515938
-90.60749
-41.34549
-125.088104
-75.39919
-54.35357
-43.270325
-82.36429
-120.46031
-138.58124
-69.77597
-45.280354
-64.70006
-77.20022
-65.95486
-118.47543
-98.828186
-89.42508
-117.507645
-127.79257
-82.33894
-78.51462
-110.13467
-86.02578
-68.29074
-92.84755
-89.03986
-87.7494
-98.92172
-106.13147
-80.741394
-131.95879
-90.23801
-79.20285
-92.4896
-117.77963
-116.298935
-75.5155
-37.1362
-82.75879
-60.319794
-72.871
-69.18563
-82.40549
-54.828533
-80.6773
-78.96054
-102.64711
-66.50468
-84.99478
-70.237274
-120.438194
-129.15799
-84.32297
-21.1861
-73.58259
-53.07801
-70.1097
-51.557014
-60.60745
-31.386818
-23.097565
-37.946983
-46.939438
-55.642082
-56.011086
-69.964165
-86.95436
-61.031483
-83.40992
-93.03781
-88.88699
-98.93971
-83.85669
-101.46814
-138.79584
-62.05539
-93.33681
-86.19084
-112.201416
-62.05469
-95.145996
-104.692406
-79.624176
-92.7357
-106.63326
-102.586716
-71.81061
-66.51663
-81.254036
-87.30808
-96.0312
-94.42029
-84.00631
-85.12966
-79.231766
-92.0624
-69.751854
-38.365288
-103.55997
-59.967064
-106.57471
-99.598885
-68.08611
-111.2795
-81.11828
-89.04515
-88.889114
-109.477196
-64.64478
-84.76274
-43.06553
-84.11486
-80.991974
-112.73131
-115.06476
-64.703064
-93.758026
-104.46446
-84.83233
-87.1564
-123.61544
-100.80511
-154.62738
-123.50223
-82.189255
-74.87584
-100.01684
-104.39703
-70.20601
-85.246376
-46.106773
-58.20487
-105.16799
-106.19806
-94.0509
-73.65352
-78.31041
-58.993496
-108.53205
-78.77571
-79.95607
-95.66467
-109.71955
-90.13832
-85.14129
-60.502663
-89.53064
-75.03423
-67.685005
-74.55357
-80.10529
-80.31012
-65.54911
-78.70277
-65.34274
-113.5829
-78.06693
-74.589584
-71.7444
-62.06825
-107.17579
-85.89125
-63.17071
-74.05076
-81.59554
-66.27585
-33.487286
-80.25815
-102.36536
-84.64081
-45.934902
-44.182537
-46.487537
-98.630516
-91.2296
-86.64612
-109.76878
-131.77423
-115.46493
-74.304924
-73.64624
-89.41777
-60.993282
-96.50023
-49.84639
-99.82891
-96.17468
-113.66612
-74.117935
-82.83734
-81.045395
-94.90193
-88.532616
-61.829803
-105.05909
-92.92276
-63.487717
-58.43764
-105.97511
-96.81276
-95.98271
-84.31059
-111.03542
-74.94707
-64.042946
-129.86192
-96.00405
-133.48874
-115.14218
-59.586735
-91.537445
-54.648212
-55.90182
-79.87259
-73.45764
-68.11664
-80.06598
-100.60305
-94.886505
-81.943985
-86.28697
-107.38965
-106.59407
-125.395515
-91.5429
-110.69719
-111.51282
-105.277954
-117.451164
-73.38493
-90.60611
-84.52229
-115.23688
-74.662796
-125.92937
-93.86919
-90.37478
-96.54546
-129.37164
-93.907455
-110.02051
-101.247635
-88.95102
-87.23233
-77.548134
-47.002403
-60.092804
-78.05026
-81.47699
-121.20657
-89.97717
-65.76216
-104.41073
-81.42413
-101.39499
-101.97592
-102.53304
-89.44878
-108.18682
-92.48363
-78.54236
-121.88255
-80.72244
-96.35073
-109.451515
-113.35553
-57.821564
-106.36137
-86.37494
-53.242252
-84.883575
-77.2513
-65.38663
-43.28979
-86.276024
-72.666504
-67.5629
-44.27033
-61.964546
-39.87962
-89.27522
-65.15066
-100.07196
-61.34675
-94.21956
-101.80681
-98.403114
-103.95119
-66.9878
-115.23045
-78.48557
-86.02094
-86.28856
-117.04423
-77.51444
-130.39578
-72.8686
-71.59446
-109.54064
-121.53013
-105.05705
-76.30211
-59.41369
-47.207367
-86.253265
-60.32138
-60.543224
-83.40477
-106.558815
-50.6475
-97.062096
-74.83708
-95.89008
-93.11168
-52.59551
-70.6485
-64.128586
-95.6046
-64.88429
-100.668686
-68.527016
-64.28429
-65.164246
-110.39424
-120.9933
-120.30282
-83.35661
-91.16212
-111.261505
-48.82586
-121.85317
-57.036484
-101.2823
-82.44644
-78.73338
-85.84909
-99.31788
-65.12972
-72.44634
-100.99365
-80.02386
-106.71679
-98.2775
-84.356964
-113.41491
-95.72659
-110.70453
-86.46511
-73.368835
-81.75734
-107.08368
-98.3331
-75.37613
-84.61357
-70.57097
-76.47813
-67.07754
-86.046265
-58.347023
-77.0329
-62.01544
-59.64833
-51.810726
-52.696724
-105.32474
-119.55779
-48.09212
-91.227776
-27.070545
-64.1501
-118.61041
-79.03044
-77.40538
-111.27441
-87.73889
-151.3648
-134.61977
-114.369675
-93.43642
-138.25491
-84.5533
-112.35799
-72.20184
-79.64702
-99.28538
-88.36879
-67.31149
-56.40283
-85.60344
-75.95168
-59.64281
-114.577385
-66.67037
-110.203545
-71.02559
-101.62755
-79.53221
-76.67445
-94.93366
-77.23573
-112.6012
-79.04419
-97.11215
-104.53904
-99.00179
-67.90422
-60.59736
-100.6048
-111.67767
-93.81404
-80.262314
-94.97278
-92.4283
-80.853195
-79.16089
-63.963127
-111.88934
-73.94118
-48.47484
-53.30186
-118.5345
-59.381523
-83.4561
-92.36997
-55.56926
-76.71323
-57.920395
-91.47015
-45.66336
-70.13015
-53.76557
-72.49518
-73.67648
-68.273575
-95.16128
-66.175575
-64.10498
-102.711296
-117.370346
-124.40424
-70.60072
-45.12706
-123.3911
-87.66287
-57.587418
-94.82121
-88.45481
-115.136734
-63.023476
-66.76889
-105.19504
-81.378525
-104.61658
-80.072426
-89.828896
-76.084595
-95.41394
-79.10632
-74.539925
-78.053474
-81.60269
-109.33369
-118.21897
-119.86389
-91.21063
-110.65755
-98.06389
-101.92648
-102.4633
-115.635345
-78.22976
-83.03995
-71.09248
-65.85416
-98.2277
-89.3468
-46.997128
-80.11812
-94.18338
-73.139786
-67.86778
-77.48892
-54.672947
-117.260864
-76.06596
-88.434494
-97.663734
-80.84125
-48.745438
-109.38797
-59.412678
-107.53174
