15248.125
12260.92
8010.1045
6299.367
5588.4546
5098.0684
4712.914
4355.6436
4050.5278
3784.018
3561.1028
3359.5562
3184.4155
3026.4175
2883.6934
2749.6187
2624.79
2511.935
2396.2476
2289.1292
2190.0789
2097.6484
2009.631
1927.6576
1849.0293
1779.5636
1709.5488
1643.6401
1579.2114
1519.0603
1462.8774
1406.6519
1353.9124
1300.1599
1248.5042
1196.5693
1146.5107
1100.8257
1050.6658
1001.315
953.0233
906.93054
858.5593
810.7513
764.7603
720.37463
677.2301
636.06964
595.4131
558.6765
522.4309
489.32913
456.8899
421.56775
393.0783
364.08044
339.75958
315.5348
290.66284
267.90082
246.6758
230.83203
210.90839
194.46945
179.86299
165.90446
150.51965
138.36815
126.18315
116.593094
104.23014
95.296844
84.99628
75.854774
68.7075
61.94184
54.960964
48.114834
41.36757
35.758755
29.089695
25.086609
21.547348
18.091194
11.755745
11.187893
5.6777573
5.0913086
0.1131897
-0.75494385
-1.1367188
-6.095524
-5.2534866
-6.655117
-10.783569
-10.908813
-9.98679
-11.159443
-13.598091
-10.851452
-11.727566
-12.139168
-13.180637
-10.167694
-9.561779
-9.892136
-9.155739
-9.099945
-5.8988914
-5.7135468
-0.2339096
-4.0768013
-1.6984787
-3.4249191
0.91642
-0.92162323
-1.1467857
0.41078186
-1.8898087
-1.497261
-0.768837
-0.20896149
0.14552307
0.5428276
-1.1324692
-1.0887604
0.5814209
-0.16677475
1.1896858
0.3462715
3.0071793
1.2126961
2.6295242
1.201271
2.8375664
2.0695038
2.973339
2.453846
3.740406
3.6975555
5.310768
3.3274841
2.4582481
2.2541313
1.8449211
2.7087326
2.2666512
2.0388718
2.2985458
3.7495117
2.5065956
2.1719513
4.288025
2.4019623
2.0372887
1.8053551
1.5156746
2.52845
1.3373718
1.1765938
2.7555923
0.5753708
-0.014007568
1.859024
1.6090012
1.0323868
1.3254623
1.2848549
0.9009857
1.0210686
1.0514069
0.45991135
2.5707855
2.7289772
0.4737358
2.0958824
2.6097603
2.5374641
1.2279205
1.9312668
2.5062866
3.5566025
1.9191055
1.6286469
2.606453
1.3289757
1.1470795
1.6013489
1.9656563
1.7002182
1.7522125
3.0261345
1.2257614
1.7812691
1.286663
1.4537544
2.4771576
1.4185524
2.2792892
1.3008575
2.3507996
0.8106613
0.8024597
0.2621994
0.64414597
0.91355133
1.8023148
1.0042992
0.8933525
1.8419418
2.237793
2.407299
1.6432228
3.0185661
1.1813126
2.1140823
2.8588905
2.774746
1.5430222
2.4571877
1.6346779
0.99998856
1.4523239
1.8352165
0.16505432
1.2091408
0.6630783
0.72190857
1.1231537
1.0040779
1.444191
1.0563507
2.3143654
1.1831245
1.3695831
2.3493881
1.5761337
1.1001511
1.9850082
1.6779442
1.318428
1.7829361
2.219162
1.4054298
1.7777634
2.4324875
2.5875092
1.5302658
2.6853638
1.22398
2.0826263
0.60834885
0.22351074
0.20125961
1.0887985
1.7278748
0.5481529
0.2645874
0.36574173
0.5914383
0.4297409
0.90747833
0.9087753
2.0767288
1.9013672
3.0021896
2.0469856
2.0951424
0.13693619
1.2191086
2.5775375
1.9655571
1.5550613
0.56884766
1.7343903
1.4412956
1.6307945
1.3521194
1.6020889
0.8393097
1.5529671
2.6725998
1.6760445
2.499199
3.488823
1.7203331
0.798996
1.4710579
1.9234238
2.534504
1.0912895
1.6584396
0.34331894
0.9765434
1.9423714
3.4414177
2.4724197
0.75292206
1.9594116
0.8842354
1.4763832
0.4646988
0.47356033
0.74780655
-0.093357086
-0.0029945374
0.81716156
0.7931328
1.413681
2.1737251
0.31027985
0.6788025
0.7302704
0.6829338
0.9766464
2.156128
1.308979
1.4599228
2.313797
1.2331467
0.64232254
2.1478157
0.54071045
0.079055786
0.4314041
0.8396721
0.700161
1.3397713
0.5526428
1.1990814
2.0134811
2.4620705
2.5114899
1.1409187
2.554634
0.7762985
1.7375298
1.5628548
1.3169518
1.6640205
0.087768555
0.7115288
0.8786545
1.2180519
1.079586
1.1621094
0.35100937
2.2202682
1.2225456
1.4627113
1.1744804
0.8155403
0.35409164
0.6102562
0.6068001
1.0449333
0.9796181
0.7901459
0.645401
0.25372314
0.19442749
0.6035614
0.268795
0.9582901
-0.13372421
0.41218567
0.52337265
1.3220062
1.2291946
2.1854553
0.6656456
1.3487053
0.6848602
1.4575996
1.9390144
1.1090622
1.3059387
1.1973457
1.2418289
0.98353195
1.1609726
0.9226761
1.7829666
1.1394463
0.8304596
1.1028938
1.0936852
2.5088959
0.40795517
0.9531975
0.4057541
0.4833908
0.21297455
1.2903175
-0.021408081
1.2540894
-0.13606262
0.36693954
-0.07161713
1.2490234
2.0088882
1.2037582
1.1121445
2.7113075
0.91698456
0.2448082
2.230648
1.1034241
1.7971191
0.657238
0.43210983
1.0963974
0.8250885
0.93440247
-0.013587952
0.836586
1.6727486
1.0375061
0.82956314
0.9124756
1.0968094
1.8960686
1.0759354
0.5600929
1.247448
1.4135132
0.9362869
0.34973907
1.119873
0.590683
-0.05863571
0.53061295
1.428791
1.5818367
0.86076736
0.9208908
1.6346893
1.0784454
0.8938713
0.59114075
0.5827179
1.036087
0.983963
0.102199554
0.91446686
1.4735527
0.5611
1.7764282
1.3137245
1.5672226
0.50450516
0.40011597
1.066742
1.0757828
0.6985512
0.14973068
0.8918457
0.92338943
1.5004997
0.63993454
0.1100235
0.62234116
0.6411705
-0.305748
0.28227615
1.9823036
1.1108246
1.0596275
0.815403
1.4757385
1.1166229
0.6337471
0.87246704
0.7044449
0.24406815
0.8404579
-0.058052063
-0.05083847
-0.1492691
-0.41552353
1.2208138
0.80176926
0.6314049
1.1716385
1.5472488
0.69148254
1.8156433
1.5528603
1.8104362
1.3731308
1.137455
0.9213486
0.4628029
0.30093765
0.6623993
0.8630791
0.026996613
0.2509308
-0.00035095215
0.35494995
1.3324814
0.36692047
0.12651825
4.5776367e-05
0.51358414
1.240406
2.1570091
2.0891838
0.6171074
0.9788246
2.113037
0.7644043
0.5901871
0.34557343
0.3555603
0.17282867
0.4785614
0.5936012
0.071308136
0.6409302
0.3297882
1.1635628
0.16661835
0.48853683
-0.015899658
0.90195847
0.06838608
0.8684311
1.113327
0.98163986
1.4684143
0.74097824
1.7539444
1.1685677
0.33480835
1.3930435
0.95409393
1.28899
0.45681763
1.0044937
0.18330765
-0.8325653
-0.3247757
-0.47697067
0.0028839111
-0.63422775
0.399395
0.5203171
0.92620087
-0.026016235
0.87031555
0.12644958
0.8203621
1.8418732
1.7690926
1.7261963
1.1438103
2.7406807
1.7156563
0.39971542
1.2411308
0.5769386
-0.083366394
0.59368515
0.37182617
1.4217224
0.174263
0.63578033
0.45555496
-0.10290146
-0.5131607
0.7029724
-0.36309814
0.8489609
0.48983765
1.1425819
-0.18426514
0.38500977
0.8216057
1.4512863
0.9912491
0.3455162
0.72911835
0.98758316
0.5621643
1.3331451
0.75998306
1.3905029
1.2271461
0.52732086
-0.19073105
-0.48851395
0.7296028
-0.10414505
0.3212204
0.69223404
0.3052826
0.9407921
0.99193573
1.168396
0.6669502
0.9866028
1.7353058
0.45859146
1.0717163
-0.14699173
0.21078491
-0.20632553
2.0215607
0.5338783
0.06431198
-0.34116745
-0.8203392
-0.91906357
-0.66334534
0.10190582
-0.363369
0.39356995
0.040611267
0.72029495
-0.079711914
0.8560028
1.1168709
1.1556854
1.3149071
2.158451
0.24682617
0.64643097
0.2805252
0.3200035
0.6617317
0.14085007
0.2455635
-0.2925415
0.3904686
0.28681564
0.42478943
0.92375946
0.52978516
1.7887535
0.965786
1.7807693
0.38920975
1.561039
2.1747208
0.36120987
-0.076911926
-0.05306244
0.20526886
-0.24687195
0.33403778
-0.5664673
0.8501282
1.2219925
0.49702072
0.26329803
-0.7027931
0.809288
-0.05172348
0.3538208
0.044109344
1.3813133
-0.14971542
-0.6216278
-0.31147385
-0.60744095
0.18182755
0.08937454
0.74708176
0.8974838
1.1338425
1.4483452
1.1631622
1.0919456
1.0270195
1.2101326
1.5887909
1.3026733
0.9087639
1.7131271
0.87464905
-0.015506744
-0.17816162
-0.23999023
1.0208893
-0.2703514
0.31285858
0.15531921
0.72631836
0.5017433
1.0117874
0.8343544
0.61278915
0.25424957
-0.32701874
0.97584534
0.241745
-0.18875885
0.4947014
0.43122864
-0.020477295
0.07906723
2.9649963
0.37639236
0.99059296
1.2592316
0.642128
0.7517853
0.15192795
0.5283928
-0.29434586
0.6728592
-0.32761765
0.3645401
0.46430588
0.12517929
0.18059921
0.95744705
-0.29084778
0.19212723
1.1388474
0.5975113
0.29370117
0.7646332
1.0606575
1.0571327
0.1031723
1.0915871
0.6157799
-1.3321533
1.0714264
-0.78367233
-0.03043747
0.43990326
0.28704834
-0.76475906
-0.4330368
-0.077056885
0.16539764
1.4361877
0.30686188
0.941185
1.1586227
-0.184021
0.6829262
1.6844025
1.0930252
1.0963326
-0.43540955
-0.3663597
0.4508896
0.94708633
0.23627472
0.085689545
0.18971252
0.21313095
0.82471085
-0.83039474
0.40577316
0.056419373
0.93815994
-0.13739395
-0.16960144
-0.0020980835
-0.077178955
0.083992004
0.7738838
0.44579315
0.040302277
0.1501236
1.2110977
0.6365814
0.9509506
1.2092743
1.6728859
0.26784134
0.75689316
0.7512398
1.0384064
1.0418625
-0.16469193
-0.48007202
0.63809586
-0.661026
-0.2399025
0.13925171
-0.036643982
0.334301
0.2320404
0.51335526
0.29084015
0.6641922
1.0971298
0.8245468
0.4469986
1.1618462
-0.1004715
1.2141876
0.029960632
-0.5251694
0.11859894
-0.19991684
0.050281525
0.060115814
-0.28366852
-0.37713623
0.6459389
0.6179695
2.6115646
0.16779709
0.6752243
1.241066
1.6975708
0.3686676
-0.1420784
0.02059555
-0.7877388
-0.008598328
-0.7036514
0.13296509
-0.4718895
-0.24050522
0.886261
1.7220001
1.0867119
0.7694931
0.7065735
1.2321701
2.5492744
0.5408478
0.28028107
0.5469246
-0.66170883
0.034038544
0.6573448
-0.52614594
1.5157166
-0.3179016
-0.4352417
-0.7300873
-0.8846092
-0.08162308
-0.38758087
1.3531761
-0.75136566
-0.44470215
0.8253555
0.5151787
0.3808937
0.584301
0.24896622
1.1444626
0.83916473
0.3617363
0.70132446
1.3068237
1.6614532
1.0851631
0.2637558
0.2474289
0.27562332
-1.1461868
-0.43833542
-1.112278
-1.0107651
0.56887436
-0.353714
0.88048935
-0.4176712
0.24217987
0.68198776
0.1950531
0.6795311
0.9896393
1.5753288
1.3968658
0.384346
-0.043628693
0.46401215
1.4515305
0.2735939
0.23035812
-0.16420364
-1.1981277
0.17774963
-1.1476364
-0.56980515
0.15315247
0.44332123
0.66173935
0.9882736
0.15635681
0.74869156
0.5417862
1.2848587
0.48407364
1.3760376
-0.08668518
0.29763412
-0.082473755
-0.18152618
-0.11872864
-0.12025833
-0.47981262
-0.92739487
-0.19118118
-0.76768875
0.35705185
-1.3648262
1.4469147
0.37295914
0.9518051
-0.30896378
0.94319916
0.5660057
0.6806259
0.07796478
0.879673
0.9953613
0.3253441
0.7826843
-0.3360138
0.5061455
0.6226616
-0.063964844
-0.19404602
0.310215
-0.38033295
-0.6110306
0.01845169
-0.07741547
0.22519684
0.37459564
0.8096466
0.061676025
1.0682297
-0.391922
-0.42980194
0.40512848
-0.276783
1.1330643
0.025024414
-0.32692719
-0.43185043
0.4201584
0.7442627
0.34950638
-0.29513168
0.81258774
0.7433357
1.0262566
1.121273
0.12960052
0.8429184
1.2584267
0.909523
0.7967148
0.51436996
0.03339386
0.7653961
-0.6016464
-0.5521927
0.26211166
-0.8739128
-0.9034805
-0.7174339
-0.22509766
0.76322174
0.34352875
0.08003998
0.78302383
0.78481674
0.85287476
0.7980232
0.56879425
1.2683487
0.34843826
0.0013809204
0.0031204224
-0.86354446
0.38690948
1.0419388
-0.5460167
-0.068740845
-0.25356293
1.0636826
0.051856995
0.96645737
-0.29368973
0.70697784
1.8065948
0.16966629
0.9620514
-0.11066437
-0.74860764
0.40735626
1.3032722
-0.120147705
-0.22488403
0.42316437
-0.64756775
0.12574005
-0.31938934
0.18220901
0.6939888
1.2683029
0.090473175
-0.6214485
-0.3500061
-0.23715973
0.97592545
1.6057396
-0.31663132
0.7001953
0.23377228
-0.054805756
0.48894882
-0.07903671
-0.17573547
-0.25761795
-0.6075592
0.8153763
-0.075790405
-0.27468872
-0.5850754
0.29867935
0.55355835
0.9907112
0.13236237
0.82547
0.50894547
1.2275276
0.91217804
1.1041336
1.224041
0.00838089
-0.056503296
0.6810913
-0.7546997
-1.3852386
-0.7187538
-0.5611572
-0.0014724731
-0.13957214
-0.59994507
0.15306473
1.0658646
0.44696808
1.2838631
1.7094879
1.7745819
-0.053871155
-0.10636139
1.0853195
-0.49980927
-0.5932884
-0.7131882
-0.5927353
-1.1881218
-1.2124977
-0.48550415
-0.095962524
1.5625877
0.071510315
0.75964355
0.47304153
-0.37364578
1.4717827
0.16864014
-0.47555923
-0.7187576
-0.4430771
0.31964874
0.797081
0.13339996
-0.26077652
-0.6878395
0.10185242
1.2805176
-0.65893555
0.65402985
-0.05047989
-0.1394577
0.14405823
0.4393654
0.83683777
-0.10178757
-0.026699066
0.6245117
0.4434433
-0.35121155
0.66638184
0.5175934
0.19135284
-0.58968735
0.648159
0.24620056
-0.35185242
0.9750519
0.4653244
0.28782654
0.9443321
0.55298996
0.15522766
-0.60438156
-0.10726929
0.40888596
-1.3144684
-1.3479042
-0.5409813
-0.5482483
0.11277008
-0.13005829
0.6005287
1.2751656
2.127266
1.7357903
1.0154877
-0.34454346
-1.083786
-0.8514557
-0.8673973
-1.8238106
-1.2119713
-0.21096039
-1.4513817
1.4470825
0.45669174
0.58200073
-0.3068123
1.14188
-0.26342773
0.29995346
0.6796646
1.3223114
0.0065689087
0.8749771
1.0331383
0.24686432
1.076683
0.9073715
0.77246094
-0.9719963
0.37787628
-1.32061
-1.4135132
0.11756134
-0.5762062
0.019672394
-0.0036392212
-1.4725418
-0.55978394
0.007663727
0.27592468
0.46155167
-0.23752594
1.62574
0.9185791
1.341713
-0.4604683
0.31041718
-0.8020325
0.15835953
1.1738815
-0.33053207
-0.4710045
0.796093
0.5470886
0.2012062
1.7771416
-1.1129417
-0.7545357
-0.42552567
-0.3244629
-0.37130356
-0.87656784
0.38386154
1.1703262
0.29370117
0.1786766
0.856102
-0.6531143
-0.31079483
0.07928085
2.0791473
1.6024017
-0.4705124
0.15454102
0.26020813
-1.9674683
0.79571915
-0.93759537
-2.2007294
-1.7599144
0.6675453
-0.4863739
1.0186882
-0.5253258
1.0335388
0.036563873
0.771122
0.53837204
0.6238632
-0.23054886
-0.7243309
0.50595474
-2.10878
0.2727127
-0.3346138
0.045524597
1.4055519
1.5658531
-0.6593857
0.48151398
-0.3767662
0.08991623
0.5070572
-0.49183655
-0.29541016
-0.3469925
0.46282196
1.3863525
2.0976257
-0.38076782
-1.2328415
1.6190147
-0.860157
-1.5002403
-0.19453049
-1.2582436
-0.8395119
2.656372
0.19030762
0.23542786
-0.1747055
-1.1293793
-1.2632217
-1.4478722
-0.8494644
-0.3461609
0.030963898
2.564991
2.7534676
0.11116791
0.3303795
0.20312119
-0.31096268
2.9092293
1.3068237
-2.7359505
-1.5359192
-2.9556656
-1.4898033
-2.6803741
0.10843277
0.09331894
0.5989723
-0.25974655
1.0162354
1.822052
0.79977036
-0.113658905
0.9040108
1.3345985
0.10349274
0.66996384
-1.5988388
-0.06833267
-1.9431572
-2.180191
-1.305584
2.088829
-3.3383598
-0.4751892
-1.7496948
0.8713646
2.108387
2.4923744
0.9602356
1.676178
-0.3113861
1.3408432
0.6001854
0.19691086
-1.0624428
-2.5626984
-1.5387344
-1.7160454
-0.0038871765
0.6992912
0.4374962
-0.08276367
1.1523209
-0.49844742
0.26507568
0.7515564
-0.9037247
-0.7047272
1.0703964
-0.9804268
-1.1886177
0.68665695
2.7280464
-2.7798767
-0.3131523
2.1690483
-0.006931305
-0.59596634
-1.7794113
-1.5730133
-0.00092697144
-0.40571976
2.3583527
-0.85824585
2.6350365
1.3859749
-2.4976692
0.8277931
-0.90795135
-1.4748192
-2.0848236
0.15659714
-1.3432045
-0.14167786
-0.004787445
-1.0885086
0.22662354
-0.5399971
0.8097496
0.0765152
-0.44490433
-1.2024765
0.55495834
0.21147919
-0.6171341
-0.12675095
1.0875168
-1.3267593
-0.68317413
1.538475
-0.6399689
1.1588593
-1.5002098
-0.6469765
-1.0962486
-1.95821
-1.8072395
-0.64073944
1.5948296
-0.7407837
4.7325172
3.711197
2.1488075
-0.17773819
-2.1781158
3.3495216
-1.9359856
-2.6331291
-2.0702667
-1.7285919
1.4076691
0.5718956
1.0282745
-2.684887
0.1902504
-0.3337288
0.45764923
0.6363487
-2.4676247
0.79977417
0.52703476
1.1736565
1.7033653
-3.7325478
-0.5141754
-3.0702667
0.6235466
0.48890305
0.25381088
-1.2599564
1.1747513
1.3983154
-1.2381706
-0.29047394
-1.7649117
-0.6352501
-0.011287689
0.4328804
-2.5283356
-3.4907036
2.1799774
0.5628662
4.2866592
-1.080471
0.72846603
0.15208054
-0.014389038
0.53883743
0.9144211
2.7544708
-0.8091278
-0.3904724
-1.2570419
-3.234642
0.29212952
-0.05041504
-1.0711746
-1.3853302
1.3407402
3.7075882
6.081707
-4.8697357
-3.7944489
0.8957939
-1.3616409
-4.712372
-2.7857628
-3.0954208
-0.91895676
2.132618
-1.6198235
-0.87254715
-1.6726112
-3.4562836
3.575161
5.841221
1.5680351
0.65158844
-1.2290344
-0.29608154
-0.15846252
-0.2583084
-0.375885
-2.1684418
-0.44184875
-5.2172546
-4.2548294
-4.3743744
0.5669937
0.7351341
-3.3102455
1.703579
1.074276
1.2864571
-0.19990158
3.6074142
1.635067
4.8108444
3.5181046
-4.420994
-3.5981064
-2.1457634
3.5078316
-5.762062
-0.5394974
1.3618164
0.9949608
0.95532227
-2.0401382
1.3509216
0.17443085
2.2543526
0.3059883
4.1562004
-1.576294
-2.9832344
-1.6444397
-4.0046005
-4.581917
0.27501678
1.1771622
-1.7199364
1.9654427
-0.098228455
0.1300621
1.4888573
-1.6971512
2.261467
1.0644417
-1.6581116
-1.1099854
-0.43636703
5.6894264
-2.7937279
-4.3360558
-3.8521805
5.2916603
2.8328934
1.7927856
-0.34111786
-4.631199
-1.6481247
-2.6502
-3.6526527
-5.0318794
-2.0169487
-1.0061798
-2.2956886
-2.1884155
-1.9580421
-1.3808212
1.7700424
4.2435226
-5.284481
2.118866
1.2333641
2.3862228
5.0313683
4.8327827
-2.0748444
-6.4683685
10.23547
-2.2104225
-3.453312
5.9589157
1.1173401
-1.5060921
-10.792103
-5.1827774
-3.4656143
-3.0429192
-2.5109215
-10.4362335
-5.5271454
-3.805462
3.2671432
-4.833641
6.7832527
0.18048477
4.389908
9.319851
15.055283
2.4438171
4.3592186
-3.0029945
2.213913
-10.096745
-6.90073
-3.692047
-3.7956161
-9.166302
-9.362785
-9.567493
-2.8957367
1.7874832
2.6334076
2.579235
5.2877007
-2.592331
-1.1262283
6.524494
1.2316551
-3.8905907
-1.3755798
0.36356354
7.542618
-4.859642
5.074051
-3.4908867
-4.0548058
0.032836914
-5.6824226
-10.578644
-1.1496582
13.553741
1.3321877
8.790173
-2.075554
-9.852104
-10.752693
-7.0996246
-4.5240517
-9.006378
3.9405594
-4.5097427
-5.1999016
0.9794464
-5.396538
-1.4392166
21.804794
-7.5376854
-5.6680374
5.2250977
-6.9252777
-5.9838753
5.359928
-1.5024567
3.2453804
-1.5765495
-11.100273
-7.950157
-9.493099
1.7322311
-7.1187477
0.31767273
2.5965729
-2.4661064
-3.7374954
-5.929348
3.849739
11.876335
5.1268044
-3.9885902
-3.9183693
-4.4481125
2.2486534
-1.4992523
-10.7993355
-0.6945839
2.0074577
-2.679245
-7.13636
-3.140213
-5.4677505
8.46386
2.1815948
1.2418442
10.647865
-0.26302338
5.428837
-1.2952309
-6.5692024
-5.429241
8.569248
-0.37743378
-6.726902
3.5442047
-4.101326
-6.5281754
-9.042419
3.7197533
5.534439
-6.7149124
-7.055256
6.1657753
-5.9292336
3.559639
7.3268204
-5.8851357
-8.42067
-13.701237
26.948746
9.853573
-9.029781
-7.9179573
-13.026035
-7.9853783
-18.673088
-19.829872
-1.5786514
-10.080338
-0.807148
-1.8927383
18.038551
24.301903
-2.433075
-4.78656
-8.279469
1.4173737
3.3441353
0.46177673
-7.1523247
-1.7457123
-0.5542488
3.7985535
-3.3652534
-11.494133
-16.574326
-15.018143
5.594204
-1.4101028
6.207592
10.449543
4.9892044
18.847317
-13.451405
-3.6077423
-9.915512
-16.512257
-7.8514557
-13.993225
-4.260044
-0.3180542
-14.731056
-1.4696274
12.364555
13.05946
11.671288
-14.69791
-5.11528
-9.021225
-15.155243
-21.571953
16.385353
-4.3409805
2.7294312
-13.198204
-7.8294716
-5.689144
-6.636593
7.397743
-8.394913
5.060364
1.1357536
-10.86565
23.255756
0.82824326
-17.94291
-15.619041
-28.152721
-12.438423
0.22190475
-8.597084
1.4648781
-0.139225
5.04438
-2.7715645
9.665215
-14.042679
5.4634705
-2.016674
1.1627426
20.461674
5.8498077
-11.666634
-4.1313934
28.395477
-15.872036
-2.4324837
-20.367867
-15.871422
-19.282238
-6.7502785
-14.082428
3.357647
16.656147
-4.1808434
-0.726738
-2.1749535
-9.325481
9.781906
19.433472
-6.121029
-21.82428
-20.328957
-7.4903564
-12.290539
6.1768646
-6.5193367
8.575008
11.917999
-5.033367
16.533066
2.5995712
-29.576088
-22.915577
-30.364597
-19.853413
-18.457008
-7.0437737
17.41743
-1.8772964
33.43615
-7.261696
17.80383
-5.9523163
2.802002
-19.922787
-4.3817596
-15.71751
7.7874146
19.348133
1.7149467
-14.0510025
-11.007168
-24.609756
5.0519943
14.37075
1.9292412
-16.96267
-14.752869
-27.747742
-6.4770966
12.115204
36.648605
-9.079121
-15.731766
-30.056675
-7.9855423
-4.6753693
-3.951477
2.8133926
-2.7988815
-6.7338257
-15.750832
5.440933
3.879303
-11.571873
-10.209099
19.368717
-16.835922
-16.674343
2.1091805
26.709393
-1.6490059
-27.244804
-25.657719
-28.76524
-0.32266998
10.665134
4.4908676
13.961002
22.056404
-17.747673
-20.421215
-18.217773
-18.732574
-6.7292633
10.979797
20.884155
15.548645
-1.1927414
-19.846336
-20.896973
-26.23436
2.1406746
23.880928
8.517036
9.613991
-2.1564445
-26.399193
-21.0164
-38.14296
-13.084312
6.993988
-11.626221
-1.3308678
-0.23273468
16.756454
-16.588821
1.4924469
-25.650154
-10.038059
-11.178936
6.6760597
30.724106
-33.47972
-14.5696945
-31.619461
-30.7323
-4.455269
5.390335
19.09322
-13.081192
-34.535454
-24.585114
-15.189625
-29.729263
-11.734093
5.4158554
-19.016266
9.240063
36.14349
20.615341
-8.93261
-24.48536
-29.630424
15.8829155
-19.691353
-7.489319
4.2087326
15.914188
-26.121155
3.6781158
-11.09713
-19.654594
-10.83243
-20.308096
7.443878
38.696774
-14.717693
11.754982
-31.095634
-26.144634
-21.184193
-13.077396
-0.36753845
15.869316
8.836632
3.16996
-21.007294
-8.29258
5.7387505
-12.349918
-19.753407
-23.48605
-15.423801
-7.206341
33.54253
-23.793238
-34.012016
-7.6382294
-15.178461
-1.6703186
1.1190796
-33.80413
8.95899
66.22995
10.956974
-22.661041
-7.094124
26.126457
32.18463
23.936523
6.020775
-27.461151
-44.10456
-29.708786
-16.31723
22.643394
26.497253
23.94664
-2.368721
-12.297485
-25.884674
-15.06646
-15.342766
-3.0104904
12.880096
25.137268
18.219994
1.4291916
-16.344925
-22.951447
-20.526299
-26.055664
-1.1423569
21.984432
11.806206
-7.9463005
1.2039909
5.4148026
-4.363579
-7.505821
-16.392487
-5.1789703
-5.8833504
-4.96595
-0.5460968
-25.280956
-16.925446
-12.354488
-4.007202
-9.157272
-6.9284363
6.8688126
10.9998665
-23.046665
-1.1905746
-20.698395
-37.4627
-24.492023
-9.889854
3.998104
34.517723
6.8971214
-39.12705
-4.017662
-5.4404526
-17.444016
-1.4604988
3.47126
5.3805275
-35.481815
-38.8927
-10.888157
-1.1583939
-25.145748
-13.912399
-15.191353
-24.573284
9.69989
-2.4488983
-2.4045448
-19.360348
2.6705704
-21.694843
-3.6629715
-5.6096916
7.1508904
-22.510403
-27.497618
7.0421524
-14.192146
22.216904
-34.175255
-9.796093
-19.029888
-15.701065
-25.081413
11.825203
-10.134392
-10.455261
-3.8488235
-17.10659
-4.630993
-9.592693
-23.79979
-0.6614227
-56.958687
27.860592
-40.427937
-48.25078
-21.777191
-4.040203
30.511406
-32.11356
-36.4712
-11.063911
-44.53176
3.0393524
24.56033
-9.246193
-50.848396
-40.49858
-11.622391
-60.403664
-36.193172
55.48432
30.129349
-2.0325127
-49.13612
-13.875965
-44.503304
-39.13025
-27.813412
-17.90438
9.357994
12.2675705
2.099537
-24.248379
-24.054005
-3.8546753
-20.529465
-5.5560684
-27.141418
-11.985989
-7.4715652
-14.2631
-17.206259
11.00985
27.093388
15.781181
-31.799088
-32.91545
-34.624496
-26.058643
-16.548569
11.307007
7.765564
-4.1178894
-30.799175
-0.40807343
-37.15148
19.658447
3.9495316
-4.810692
-62.38209
-72.657974
-26.38377
12.148636
3.6875877
-12.556072
-0.323452
-27.395279
4.053879
-53.657944
-34.663193
5.890915
-25.124619
0.014308929
0.7425003
-5.031708
-21.09758
-44.650433
-12.951015
-77.44455
-23.18349
-35.30758
4.3299637
67.14601
6.9120445
-23.25956
-2.4049683
-26.418808
-15.273796
-14.45713
7.1058807
7.7345543
-6.2351227
-1.6603394
-40.73906
-42.387764
-32.889297
18.312855
29.530739
6.672165
-39.957047
-21.451218
-19.838379
-55.957954
2.6914291
17.600258
-10.908531
11.713333
-47.01435
-55.70169
-22.227596
-34.97219
16.577133
14.074417
-30.481333
0.7159996
-29.940777
-23.373865
-29.759115
-28.306545
38.515694
-17.570354
-2.0581894
-45.22818
-72.30131
-17.834572
-60.16584
-9.40271
1.6513519
-7.6360703
13.543015
48.150757
-50.661125
-22.31356
-67.83692
-42.29975
-15.213318
4.5570374
32.314487
4.0839386
-36.49289
-51.530975
-34.46247
-24.453941
-11.639748
0.38114548
16.75198
-7.626919
-7.9905853
-5.3662033
-39.584053
-46.4635
-12.636974
-56.0378
-39.329124
-51.68315
-9.249916
62.617626
22.857815
-31.311111
-20.77739
-36.393974
-37.82918
-21.873226
-25.973051
-6.015579
-10.163662
7.044739
-38.66351
7.316105
0.36379242
-3.2688293
-40.99871
-37.71225
-55.176704
-55.789112
0.6369095
-4.7887726
-25.078358
9.351723
-12.9594345
-9.842846
-46.163147
-1.7158813
-26.853905
0.50089645
-8.012829
-46.30151
11.68227
-25.502562
-3.5066185
-25.080517
-62.903587
-28.303688
-45.023346
-37.113625
-1.6984329
44.46899
19.011707
-35.262062
-52.4656
-20.151802
-38.180412
-56.112526
18.406368
5.553589
11.956139
-26.038197
-34.78129
-32.084213
-56.188957
-66.566864
-19.10263
61.792526
23.527351
-14.705879
-50.74672
-37.059246
-56.847195
-45.219868
-49.069
-23.693611
37.807632
-24.39688
49.407707
33.405415
-46.89935
-43.115036
-21.270363
-75.681885
-34.931515
13.916031
-2.4313812
-10.8139305
-24.625053
-25.415802
-11.793896
1.4824371
-20.046883
-34.4752
-3.7451477
-23.310936
-26.36808
-21.796688
-9.556526
-27.424248
7.347122
-48.999493
-17.038612
16.036385
-34.344055
-31.86641
-44.444237
-9.676346
-53.705147
-26.556477
51.497894
-10.572678
-32.676407
17.064552
-32.038216
-37.221268
-48.883827
-62.856216
-25.246258
11.187519
-7.3290253
3.1716843
10.112453
-31.48194
-37.93837
-71.16295
-57.07667
-14.090015
13.114685
9.481503
-26.69632
-19.542046
-32.41588
-19.066124
-42.78769
-13.039993
19.085464
17.810284
-54.955677
-38.27993
-37.92083
-43.649136
-13.6085205
6.0675583
24.167915
-27.518112
-25.53744
-79.33478
-73.314445
-46.41045
28.592945
-5.732479
42.31482
-24.185913
-5.9771557
-57.700817
-43.23504
-41.8668
-41.811043
-39.57149
3.1026459
3.1322708
-42.810513
-32.011024
12.567898
-4.777443
-15.9813385
-43.535004
-47.368996
-25.614817
-26.675385
-32.601532
0.82888794
-18.39617
10.439945
5.2445564
16.350239
-2.4844055
-79.29057
-33.60608
-31.92259
-40.102745
-54.77113
-4.4025116
14.959328
9.413366
13.623909
-3.637001
-31.666527
-57.57905
-40.60348
-54.776993
-69.07144
6.2762527
36.154266
-25.512512
-9.01403
-8.187763
-36.528965
-24.926254
-19.423733
-42.59933
-58.948456
-63.321167
-8.897415
-17.278898
12.283043
17.835
-2.6672592
-17.84772
-37.36641
-33.071728
-69.39343
-42.117897
-32.32288
-5.3362236
-4.5867233
6.431446
9.098694
-24.789589
-32.307
-22.57916
-2.2120667
-29.980011
3.579258
-35.421257
-35.335022
-46.019493
-50.09064
-36.909725
-28.298828
-18.256004
14.420006
-6.490095
-11.68981
47.42252
-51.023346
-48.994324
-51.83361
-61.9824
-20.948734
-8.451843
8.33289
-17.397343
-18.63379
17.99218
-7.9670105
-70.85408
-31.732145
-63.773026
-11.677216
-7.9021263
5.1213837
-5.833275
-18.924377
-27.893566
-41.47339
-49.038292
-48.832954
-22.126787
-19.360722
-36.08387
-10.139505
-10.257118
20.179417
-19.977303
-19.748772
-57.029068
-24.531189
-23.478195
38.34259
-21.06631
-57.236336
-37.702377
-62.53262
-42.605755
-5.727829
-27.489925
-33.964706
21.35765
-25.335691
-21.890306
-28.374588
-44.441017
-56.79876
-29.544027
14.096447
-11.18181
-71.4589
-13.980011
-33.75892
-14.996262
11.11665
-9.697229
-48.680862
-75.179115
-27.95695
10.679447
-20.159792
-19.659077
2.3072777
14.783596
-24.090391
-53.32721
-69.62891
-43.657036
-52.241585
-15.209778
-36.886932
-24.238634
12.106449
23.36229
16.293026
-45.0326
-44.56774
-68.82669
-50.813095
-48.041725
12.211124
-31.236885
4.763237
-53.28934
3.230835
-5.153324
-20.441166
-24.365755
-36.632812
-69.64951
-11.57254
-23.596397
8.190987
-26.915607
-57.919563
-11.12291
-53.661774
-1.894577
-11.378189
-58.91398
-1.9761162
-35.107525
-11.999437
19.734932
-11.376959
-17.67531
-45.469048
-34.77383
-27.09953
-37.51606
-55.700836
44.582176
-67.33603
13.016777
9.455811
-77.05583
-40.53511
-40.35123
-6.2149334
-34.557365
-12.83728
17.475746
-2.24539
-19.072777
-27.644514
-62.3312
-28.478909
-41.33998
-40.75741
18.689743
-17.28427
-4.4264183
-19.655272
-28.917387
-4.369463
-17.803162
-19.895754
-39.295986
-68.171776
-17.376451
-44.972595
5.88686
21.02578
20.148514
-55.422848
-42.70381
-24.279728
-70.327774
10.668598
42.242966
6.765854
-32.951332
-62.826843
-22.234167
-39.66308
-36.311245
-28.230124
-1.3043633
1.8625355
25.01429
-36.191864
-38.28756
-42.632133
-46.744743
-19.478796
17.012508
-17.406889
-53.68069
-46.28976
-31.342176
-53.298176
-13.203407
5.4778976
-25.373005
-47.17491
-34.61966
3.8265
-38.026962
-44.831085
-58.673134
-37.241673
-12.445984
-19.876667
-15.487736
-19.080746
-28.745848
-32.709007
-63.702168
-50.616238
-40.31818
-65.92811
-16.372562
-19.721823
-10.025883
-31.082817
4.259712
-49.692684
-36.545647
-46.838867
-59.911186
21.121101
-48.64074
-59.092667
-1.6353073
23.883873
11.213989
-58.97869
-47.828747
-7.0947685
-46.718487
-51.450256
-18.838055
-33.289883
-58.25083
-74.836105
-6.8512993
-29.336653
28.805733
-56.69341
3.4508438
-24.610685
22.648266
1.1367111
-69.303375
-86.12273
-40.15319
-40.91021
-9.994621
61.687664
2.878975
-43.441544
-62.827953
-63.83513
-37.718384
-15.7847805
19.27695
-23.666334
-9.943321
-44.185013
-42.67948
-45.022083
-38.824028
-12.90774
26.968971
-54.430588
-57.26705
-16.15696
-37.712563
11.461796
6.9298744
6.6712074
-40.84131
-58.045715
-66.51666
-64.72392
-17.434761
-31.957321
-11.836948
-5.552429
29.460007
-22.960333
-9.523098
-37.298397
-8.313608
-97.78723
-45.031418
-32.18084
-22.863497
-36.922142
-14.536762
29.479904
-1.2448788
-8.954979
-47.0991
-37.391533
-67.257416
-44.200623
-47.862797
-31.126541
-41.66049
-8.28112
3.4785156
-27.75788
18.992226
-39.366516
-40.036835
-40.019672
-56.44375
-34.08078
-45.2653
-37.584106
-0.27131653
50.99971
18.00676
-40.10063
-40.34014
-51.286
-32.960434
-33.108486
-23.425262
-55.022224
-3.7114582
-18.783287
44.411156
-26.308792
-5.7234917
-26.352398
-89.3607
-48.23535
-78.00434
-42.00608
23.010857
28.261917
-2.2799683
-10.56485
-58.060215
-46.77945
-49.86518
-51.473022
-40.35636
24.462196
-19.072212
-5.321575
-29.81514
-17.39735
-32.279457
-16.357172
-17.696632
-60.17273
-17.482773
-65.92796
-25.20587
-29.998919
-7.7770157
1.7474823
13.124685
-11.975246
-23.86739
-43.084785
-35.56851
2.188919
-74.527695
-50.83367
-38.538918
-24.520096
-50.61337
6.4628754
-26.206238
-47.020905
-33.333344
-32.279526
-37.718002
-31.235466
-55.783356
-40.411835
-15.448048
46.285164
-58.441063
-24.830982
-78.891495
-53.647972
-93.28495
-66.676476
-48.076027
14.935989
8.366138
42.118355
46.9881
-28.456272
-37.711716
-36.248016
-55.70281
-54.26044
-37.625587
-36.33125
11.269413
15.693764
14.480505
-35.007515
-49.289543
-49.968185
-22.60273
-44.35913
-35.400845
-10.611336
-15.171604
-41.497047
-12.960693
17.42974
5.7433167
-56.159546
-26.938354
-28.850584
-0.48112106
-18.226183
-24.361992
-34.193054
-49.424183
-64.403366
-35.82863
-44.140602
-9.987347
-25.398191
16.956085
19.769686
-20.55585
-67.39151
-40.883453
-38.764427
-68.66022
-25.209045
-0.5919342
20.680641
-27.896744
-36.33558
4.397339
-25.833946
-55.15692
-91.181046
-37.329453
-28.261005
-35.98223
-36.576496
17.394455
-15.890766
38.6072
-17.07389
-44.1831
-75.29199
-62.75394
-81.48732
-5.164648
6.8310394
-12.534838
-5.2386665
13.789595
-38.298836
-39.788383
-76.25703
-8.741299
-42.8015
-30.178204
-32.879097
-2.06003
12.617565
-30.35017
6.894367
-50.109997
-50.033257
-74.015755
-19.90766
-19.351492
-9.726393
-16.887373
-6.415249
-13.100201
-40.201294
-45.778633
-1.7032471
6.994152
-35.053955
-11.486298
-9.993519
-39.61376
-74.99238
-32.757217
-30.831844
-13.364422
-17.996574
-27.983839
-54.442703
1.97406
-16.230705
-12.336124
-8.646866
-29.216095
-20.231613
-0.32946014
-81.00233
-79.063545
-24.378954
-63.920227
-29.106655
-30.385231
18.115349
-8.492107
-47.234306
-57.069107
-24.858809
-61.77099
-42.6101
-15.536213
-27.37332
-2.222477
-29.84157
-56.93866
-40.23574
-33.247047
-28.237103
-18.319118
6.2522354
-63.352943
-37.217926
-25.646877
-24.498943
-52.264626
-61.41241
-14.056473
-43.999702
-35.764996
-3.0290947
-30.30872
-25.217087
-26.05325
1.3931198
-43.358368
-74.55786
-42.221523
-27.30027
16.926819
-44.958797
-33.13739
-31.447132
-63.171783
-38.43461
-52.24852
61.40911
-17.304424
-20.93153
6.2534447
-69.215836
-83.23935
-54.973442
-55.2077
-36.323463
-33.7501
-5.9230576
20.632751
43.867584
3.94244
-31.305748
-19.009106
-12.1131935
-51.074284
-50.45397
-70.56955
-8.499001
4.331024
-30.846037
-2.3096924
-33.25696
-28.480597
-3.1989079
-35.338463
-56.54531
-37.929585
-1.397543
-2.2957172
-43.953217
-62.85811
-6.842169
-15.709938
-29.485994
-47.10273
-19.048172
-54.590767
-52.768684
-48.79196
25.898184
15.077179
-60.856403
-31.557293
-35.578094
-36.089844
-81.27003
-47.5829
-45.70143
-17.034035
-30.438332
28.161724
-31.77348
-41.537773
-47.61576
-29.597275
-59.269196
-21.773735
-21.138412
-13.612778
-1.224762
-64.84363
-50.267776
-41.614647
-30.70906
-34.38096
-32.81062
-3.2966347
-25.978615
-23.583244
21.61562
-60.90849
-75.36845
-59.733253
-11.029167
-45.771492
20.166145
-20.584042
-31.500505
-31.53717
-19.472666
-10.685284
-65.36704
-36.44014
-54.654602
-16.845154
-27.836584
-60.368927
-57.64033
-30.641285
-16.597416
-23.086557
24.92973
-36.451317
-64.26942
-53.872894
-28.802135
-67.12051
-44.69838
-9.003422
-13.243687
-16.731695
-10.476261
-11.006886
-59.595146
-49.769913
-48.9058
-36.64702
-63.519485
-22.63468
2.3220406
-78.23458
-15.903606
-36.179245
-16.482685
-72.56529
-80.19644
-59.81053
-21.050434
11.7007675
18.411407
-37.341957
-32.851524
-79.86664
-72.07356
-52.40371
-28.69475
-26.57684
-35.034447
-8.305723
-34.6659
-62.471195
-13.415827
-45.18347
7.2461205
-46.616356
-18.156116
-33.359177
-38.9133
-39.596783
4.3426895
-33.727573
-47.749115
-37.428215
4.8564224
-41.687927
-68.92171
-30.42318
-40.42198
-28.380941
-47.35369
21.15152
13.882095
-10.829163
-2.0250816
-76.8942
-89.79465
-54.729843
-30.113045
-16.864769
-41.633457
11.716587
8.439537
-23.43253
-25.649647
-19.984505
-15.998863
-10.848091
-33.492424
-21.074017
-70.19522
-57.301186
-22.620125
-13.265978
-27.75008
-17.26184
2.381199
-48.16974
-45.684124
-58.861816
-35.501328
-19.604013
-59.827576
-24.951162
0.8253498
-19.778273
0.37306023
-59.403984
-40.48788
-29.990198
-57.65812
-39.16449
-44.860832
-18.86345
-7.864418
-52.64347
0.44859314
-32.974808
-61.62097
-20.455097
-15.191521
-64.38281
-40.581085
-47.50965
-31.703968
-44.40882
-47.439808
-20.758636
-58.577198
-1.5747185
-54.962112
-57.348885
-15.414082
-28.035881
-100.8729
-21.963745
-86.43811
-16.505066
-15.009186
0.60041046
-45.595634
-17.284836
-72.82602
-55.327763
-56.372917
-29.26997
4.8242607
-25.842243
-17.516773
-42.652573
-60.77115
-13.05946
-26.131884
-22.311434
-16.26159
-51.64897
-22.305992
-14.3350525
-60.537933
-27.427862
12.715172
11.7100525
-61.788513
-65.94748
-60.091553
-13.784706
12.101406
-15.475422
-19.465065
-50.628036
-27.09272
-90.730576
-32.513268
-26.166954
2.6494331
-43.520683
-35.86582
-12.750458
-24.702885
1.9667091
-35.708977
-38.602722
-65.76809
-50.002975
-51.861374
-8.331455
-37.436943
-50.218044
-25.496792
-28.51598
-37.862988
-43.30307
-76.5886
6.6373863
-35.92954
-15.159332
-80.90306
-56.280777
-64.929474
-28.583345
-34.732277
-19.877844
-18.06356
-1.1680107
-32.244457
-87.535645
-47.114418
-59.25302
-10.9223175
-9.718628
-7.735298
-20.860676
-58.254814
-72.8694
0.59140015
-34.23313
-25.086727
-58.154808
-52.524826
3.4344635
-41.436413
-0.0680542
-19.985188
-30.256195
-25.062107
-53.882645
-60.00255
-17.508133
-50.339947
-19.161243
-48.603394
-13.044491
23.546669
-41.182632
-39.907158
-58.945396
-35.568016
-16.99322
-56.901375
-33.80486
-65.68439
-79.04843
-47.076656
-27.392918
-2.6222458
14.8267975
-64.66661
-41.4022
-65.49285
-31.87538
-24.848614
-5.124634
-30.93344
-45.113464
-29.078382
-61.39829
-71.20766
-44.973003
7.293171
12.228924
-11.8325615
-48.506332
-70.66445
-47.710423
-32.14633
-30.489746
-20.404724
-16.649227
-25.482075
-34.91395
-53.202187
-36.37938
-24.852549
18.256351
-56.502007
-12.345501
-25.898813
-67.77125
-39.330368
-59.267273
-51.18174
11.889286
-13.920784
-12.711025
-59.2255
-15.535004
-11.425766
-27.601427
-58.903793
-58.097794
-22.235115
-64.576065
-22.621643
-16.518036
-36.77587
-49.00365
-27.254936
-52.377506
-19.287746
-67.01317
21.416458
-37.73603
-59.601505
-75.80277
-77.5538
-20.644573
-2.5790558
-9.368511
-15.303848
-37.499596
-36.336243
-20.251778
-66.17385
-63.61835
-39.081352
-23.213142
-81.04277
-47.248627
-34.005615
-30.913944
16.478588
-10.5228195
-33.06804
-32.332798
-55.73389
-82.61814
-20.914967
-57.702435
-48.678635
-5.361744
-27.13419
-13.562908
-27.131527
-14.899925
-50.91932
-21.238838
-65.39348
-73.05766
-32.525543
-59.063362
-52.031433
15.735252
-11.212944
-44.740517
-32.359234
-22.157288
-64.1136
-45.016983
10.277161
-1.1601334
-53.690155
-40.545555
-81.421974
-10.497971
-67.59735
-59.88147
-30.330378
25.565594
-5.5120125
-19.61874
-28.215649
-61.920055
-92.65101
-37.919155
-42.70585
-28.68863
-37.44812
-45.236046
-9.478004
-16.924004
-9.17495
-35.10356
-21.106506
-58.620365
-21.911987
-29.940361
-69.52191
-63.534164
-16.49376
-34.706722
-59.725372
-6.5262527
-44.53169
-25.162659
-35.878433
-56.332993
-60.984756
-61.419563
-35.38276
-77.414
-19.68148
-30.963783
-6.073063
-5.736046
-24.532822
-23.174217
-33.044144
-38.180866
-85.07579
-56.99037
-27.483156
-30.440176
15.9498825
-46.84653
-23.960386
-34.378242
-49.432045
-77.989944
-56.406425
-16.354546
-21.971157
25.061737
-9.800446
3.9393082
-27.597168
-65.79831
-74.60018
-46.45447
-43.419724
-12.235855
-5.3347244
-4.492798
-17.00225
17.160461
-49.322033
-41.50641
-55.95785
-90.06326
-40.029182
-16.99265
-18.612122
-5.2699013
1.0804157
-27.442863
-76.84001
-48.451385
-58.485046
-37.14763
-22.352612
-13.777508
1.056385
40.661873
-6.8759613
-54.19393
-75.9672
-42.43061
-58.41445
-67.750595
-81.3544
-19.330753
-14.341217
10.772812
-28.202572
-36.014576
-4.644844
-2.9403458
-17.710789
-15.132713
-67.3949
-30.314594
-36.504745
-59.8865
-36.104195
-57.64097
-29.656715
-0.15071869
-37.952568
-2.203949
-57.736076
-46.11297
-45.777992
-51.09771
-29.170914
6.432602
-48.123985
-53.73954
-38.83895
-49.648582
-28.588219
6.6102257
-33.202503
-51.60389
-67.91545
-37.417625
-58.485607
-32.73711
2.8963623
-28.764748
-26.304039
-31.958782
-47.241924
-69.63349
-23.482014
-33.407097
-22.740543
-49.878914
-19.357174
-42.310432
2.7655716
-37.64923
-33.837036
-52.83484
-41.10628
-39.34085
-57.78878
3.1348495
24.444954
-19.761093
-42.62025
-16.645744
-38.50577
-49.30004
-67.558525
-61.760315
-1.7668762
-24.02098
11.248756
-38.35726
27.427002
-58.710625
-50.26294
-39.55391
-29.085014
-37.38037
-69.89402
-45.66545
-22.968838
-54.312386
-47.861206
-11.733564
-5.339264
-36.87825
-37.69744
-61.179367
-51.648056
5.300213
-38.95829
-27.63295
-46.279106
-76.67236
-64.87904
-23.147835
-42.585464
-13.9011345
-50.909805
-26.755226
-11.225319
-40.21682
-58.32592
-72.385735
-70.076096
-73.329216
-21.269176
-22.053627
-13.386539
-25.785076
-53.166893
-37.399635
-57.938408
-43.30339
-1.9578629
-57.53956
-56.440346
-101.250656
-36.624115
-16.132809
-29.822664
-4.273388
-29.075787
-23.39746
-37.89747
-32.792847
-66.43153
-37.987305
-67.60355
-32.5045
-3.2532425
-6.4404488
-54.821014
-45.442455
-52.384933
-34.38216
-40.25441
-35.339577
-53.08031
-21.934647
-14.364311
4.458359
-32.76876
-46.5402
-41.718803
-63.659466
-32.242733
-18.87323
-52.607933
-36.54579
12.136532
-11.803009
-75.31172
-60.505867
-78.865685
-53.088997
-31.97947
-24.070011
-39.267677
-30.293175
6.3301353
-41.056618
-20.561035
-28.568192
-44.5624
-49.17547
-52.07045
-23.767586
-28.582367
-23.046928
-20.694225
-53.937862
-22.314827
-11.263592
-56.956734
-16.743286
-55.68029
-84.53876
-53.20484
-31.106918
-103.651276
6.8697968
-32.071487
-26.232834
-14.546677
-36.036545
-38.426254
-43.79494
-87.43523
-74.05653
-43.325657
-73.52068
-41.204525
-9.475414
-25.813828
-36.217346
-51.238243
-63.125614
3.6579094
-52.041904
-35.95757
-18.049194
-45.76062
-14.227848
-36.357224
-66.21509
-66.70231
-70.83259
-21.74821
27.765991
-18.074242
-27.170357
-13.678032
-75.64215
-36.72308
-48.73012
-37.980568
-34.429527
-12.74958
-46.744514
-18.6516
-19.389408
-23.118332
-31.107925
-22.77726
-12.639484
-26.067062
-57.229393
-56.35515
-59.890293
-46.81636
-61.808716
-36.91346
-13.26862
-30.570852
50.789864
1.2748299
-54.701595
-50.391403
-87.51918
-32.370525
-3.2917786
28.477135
-14.252426
-29.683456
-20.547188
-45.728386
-14.8811035
-35.16181
3.1429825
-13.295708
-7.9844513
-60.16281
-49.946472
-22.971603
-3.8424149
-12.659805
-27.253937
-55.1178
-46.234695
-70.94653
-70.90045
5.0193024
-14.381901
9.722374
-12.109112
-51.839054
-54.741337
-61.327446
-73.92545
-14.221405
-37.27275
-25.455109
-14.783985
-28.976469
-52.477684
7.0546837
-19.13789
-52.58901
-70.69588
-87.21327
-35.15612
-46.854282
2.0210915
9.145691
-19.688904
-50.558617
-71.41699
-63.297462
-74.898705
-6.8665733
-2.2008896
-14.822754
-4.421894
-11.617783
-43.993378
-17.769943
-11.344467
-37.925274
-31.847137
-55.49726
-30.609741
-12.902031
-17.3152
-45.135113
-63.665787
-46.510586
-32.833076
-12.020737
-35.432503
-53.75305
-27.343018
-27.321701
-39.32521
-68.28467
-54.806496
-74.05014
-20.031235
-41.76944
-3.1280098
-3.78376
-74.86506
-51.083294
-35.59762
-42.780945
-48.940155
-59.403572
-24.97285
-7.6623497
-40.896576
-44.97368
-40.964455
-12.474545
-42.99656
-76.313156
-34.52928
-6.805237
-67.70593
-55.69231
-31.881462
-20.00299
-32.138367
5.7038956
-30.372902
-41.92223
-65.20318
-58.47032
4.7036057
-26.702873
-46.06105
-36.692856
-61.149475
-40.71276
-50.50981
-67.21712
-13.032291
-32.579292
5.0129013
-23.271507
-59.631714
-31.653156
-25.616844
-72.10591
-38.8024
-48.325912
-28.004879
-8.269779
-7.9446716
-39.541763
-42.782364
-80.75015
-60.342934
-49.665977
-51.400345
-20.560268
-11.865967
-23.228817
-27.437641
-70.257385
-59.045826
-44.221664
-35.566734
-71.744225
-39.47528
-32.758747
-20.667526
-16.98555
-3.2627563
-28.979301
-85.0712
-69.04171
-58.708126
-42.3014
-7.3775215
-20.459953
8.434868
-8.397949
-29.94217
-48.785263
-56.629593
-17.180672
-53.901283
-74.41976
-54.751884
-36.24636
-5.0896835
-45.837708
-17.94133
19.243927
-15.3349495
-1.7123985
-36.6873
-39.563572
-51.715153
-49.698074
-28.199875
-49.307713
-5.7671776
-16.518509
-27.167076
-11.267387
-45.239925
-47.32412
-17.650375
-67.30866
-52.6675
-32.703007
27.92926
-59.606056
-76.56974
-64.56465
-65.749344
-12.823521
-35.69242
-68.83807
-22.091599
-35.930107
4.2963142
-31.14161
-55.292595
-53.26564
-7.655014
-65.06487
-50.079144
-44.088936
-30.657066
1.6836967
-54.111473
-21.145401
-36.876625
-36.160698
-49.941624
-29.138294
-41.706604
-51.61332
-31.742939
-67.77907
-72.59957
-17.718594
-51.049904
5.9464684
-35.737442
-71.75913
-74.898224
-40.959946
-65.30556
-0.50597
-41.47512
-28.417824
-25.79068
-26.568108
-35.315697
-33.90309
-43.67168
-67.50968
-51.741295
-56.92427
-43.75111
-16.094612
-24.54161
-17.325905
-65.50224
-30.012634
-31.041016
-70.1187
-49.53083
-13.256077
-43.85495
-20.694984
-60.01745
-25.071026
-56.183853
-41.142723
-24.3667
-74.95767
-11.734703
-32.64315
-39.046635
4.2867775
-23.025417
-28.173073
-53.566994
-63.57703
-35.6362
-13.831524
-2.4646797
-53.26899
-20.17831
-41.25863
-44.735794
9.783829
-20.658432
-17.050995
-54.479004
-29.934345
-37.66406
-45.57792
-20.43348
-43.809128
-30.285648
-5.675602
-40.515224
-53.232773
-68.483116
-50.202255
-10.403465
-51.958977
-44.735065
-3.0225754
-28.772354
-71.84671
-14.981842
-63.373665
-46.720642
-35.682976
-33.44969
-28.781506
-72.91435
-22.341736
-42.457867
-65.13942
-47.082535
-31.970707
-39.00219
35.80489
-18.602196
-70.93766
-58.627533
-46.127
-55.051666
-47.47902
-23.77685
-20.07685
2.8733292
-31.241104
-56.654274
-44.53067
-27.110798
-56.220303
-40.193542
-55.111137
-22.077728
-13.97802
-12.362862
13.674236
-49.471584
-59.19149
-78.87292
-54.21412
-31.954155
-59.328243
-47.46035
-21.216454
-10.4843025
-3.4317932
-9.425713
-48.612236
-77.53144
-44.26901
-2.8291817
6.919739
-33.949554
-59.96404
-68.663734
-33.490097
-31.91072
-47.616516
-64.66237
-42.22751
-14.342567
-26.038902
-38.45127
4.049011
-60.694016
-41.840393
-48.88274
-59.061577
-55.080505
-47.608368
-46.80352
25.97723
-33.359062
-29.479198
-36.5763
-66.48447
-53.028282
-26.123066
-46.42222
-63.87958
-8.885269
-10.396103
-15.021574
-16.546383
-29.954372
-32.620903
-53.44696
-48.53648
-84.76523
-25.817013
-60.600567
-45.499245
-11.394672
-19.747177
-44.611446
-47.3384
4.0632668
-39.262886
-27.345001
-66.164276
-50.081932
-60.91052
-70.58258
-52.548176
-17.694359
-19.383919
2.0425835
-34.481453
-38.395935
-20.407639
-48.681175
-48.542534
-49.335545
-53.8288
-14.7437935
-48.250313
-8.247215
15.671192
-9.685852
-52.85611
-74.40025
-81.392914
-54.105743
-24.348251
-22.135021
-5.5489197
-29.232475
-40.208534
-41.23076
-33.80099
-55.285492
-45.099712
-70.81239
-64.92758
-38.085457
-24.272331
-2.8671417
-57.963177
-46.43758
-45.88224
-48.611824
-27.892265
-20.02967
-57.03062
-49.82256
-43.68862
-54.42353
-30.04057
-32.885315
14.957325
-1.1854095
-24.821175
-43.901466
-58.81475
-50.317566
-70.358505
-50.2115
-32.581078
-46.593014
-26.420547
-46.957863
-14.438583
-20.528614
-44.30198
-59.67528
-69.10647
-47.6569
-43.6015
-3.8840256
-21.734669
-8.997665
-57.00869
-26.758667
-38.688385
-42.160233
-51.88411
-45.357914
-49.725807
-3.767067
-44.76454
-30.082905
-47.040794
-42.11393
-23.666168
-45.330185
-60.201088
-0.461586
-37.906494
-14.394936
-76.36919
-73.087006
-35.867523
-3.3607025
-29.011932
-47.74431
-42.459145
-48.60394
-55.5979
-48.452053
-62.413548
-67.27746
10.552536
-16.243301
-25.460552
-44.68683
-35.702927
-61.514793
-37.1307
-57.812843
-55.68136
-46.572517
-51.842644
-31.299446
-17.157253
-4.2300262
-8.640442
-0.54320526
-71.96421
-85.96956
-36.03396
-27.877136
-55.186676
-59.931763
-57.615936
-20.951805
-75.81221
-10.661102
-31.025406
-17.468193
-37.080585
-58.33512
-46.23588
-29.43333
-68.30534
-31.11261
-38.916077
-49.903778
-17.789505
-12.049561
-51.6923
-47.99788
-58.66917
-42.20043
-20.21067
-47.907616
-61.452812
-38.659187
-53.25205
-44.734085
-44.24095
-57.651165
-45.308582
-27.987232
-47.577507
-55.523705
-22.708595
-17.634048
-65.76367
-72.3066
-69.20108
-19.359547
7.9392014
-26.799416
22.663101
-14.15789
4.088581
0.7489548
-43.792732
-37.00464
-56.45823
-51.834114
-35.601467
-44.381958
-2.2459126
-4.3725967
-4.5253067
-1.7376633
-56.75124
-48.047142
-44.45401
-9.659714
-12.08522
-49.39811
-45.02466
-27.969322
-44.713455
-8.947746
-55.57666
-12.308701
-52.562584
-59.9001
-46.158592
-47.84897
-96.206154
-38.59794
-10.78936
-10.09169
-68.87657
-66.2908
-58.613472
10.413437
-38.130928
-65.173225
-31.340149
-53.253204
-54.902557
-23.56163
-22.303715
-43.410866
-49.60951
-50.135006
-47.92563
-42.189438
-36.288883
-32.89452
-43.271004
-45.732338
-56.724678
-20.242813
-59.41763
-63.657593
-35.39769
-59.415672
-44.23739
-58.105522
-46.303715
-51.989662
-39.816776
-26.352642
-53.94969
-51.751015
-50.152657
-37.360786
-30.821918
-54.24716
-41.940414
-59.06727
-19.480762
-48.861652
-49.64195
-36.851585
-33.26343
-39.576286
-32.912636
-43.206852
-16.54181
-69.23212
-41.468063
-18.3438
-65.599884
-31.613289
-53.003067
-26.790714
-39.662033
-50.955982
-36.261833
-47.558502
-46.648685
-20.32454
-1.6936188
-51.363388
-49.453735
-56.777763
-50.50979
-69.64815
-35.403866
-33.222977
0.07064819
-35.86859
-24.836346
-60.488964
-40.019447
-22.244865
-55.222893
-26.26783
-58.312195
-26.767906
-38.055237
-22.099121
-55.0344
-27.113297
-29.198868
-10.181053
-28.724503
-71.23376
-50.40963
-54.681553
-21.903603
-35.77581
-58.040665
-63.290627
-0.50917053
-44.71514
-71.41354
-55.26071
-41.95407
-72.72058
-11.467133
-16.645065
7.1195374
-12.559742
-84.042786
-52.477074
-17.890457
-18.973343
-42.870598
-26.119406
-46.88112
-49.84957
-24.424751
-13.6185875
-33.859486
-46.67624
-28.443901
-51.56293
-41.555195
-66.72144
-78.81396
-56.216846
-11.794189
-56.512306
-71.862885
-30.997211
-41.086777
-25.696148
-57.11749
-59.831314
-29.399223
-13.098038
-21.059319
-49.429993
-32.770374
-55.75463
-50.01485
-60.038933
-43.085194
-36.972652
-54.748608
-15.559376
-27.632442
-23.548416
-38.11051
-43.287125
-29.131378
-54.00515
-66.69668
-25.24767
-69.73775
-72.27239
-44.606766
-23.311821
-9.854271
-63.953888
-45.22485
-32.156883
-44.860405
-45.381596
-62.346687
-47.70643
-57.39885
-67.611824
-45.653347
-24.247536
-4.6667023
-24.421646
-29.573174
-56.671608
-48.86422
-72.50046
-63.37227
-12.724266
-44.7246
-9.664112
-26.504852
-43.9562
-9.627464
-14.557274
-51.954033
-35.163204
-52.5877
-54.358295
-62.04708
-71.75904
-45.009315
-33.485058
-21.160744
-43.373024
-12.277115
-48.10424
-24.959343
-72.04001
-50.35687
-9.749626
-23.965256
-33.928436
-12.016277
-36.428665
-74.51603
-57.65593
-37.67157
-26.735714
-41.054028
-42.700577
-46.765247
-21.264885
-39.110558
-38.786453
-83.48512
-54.711388
-52.89699
-35.423073
-16.678085
-21.988285
-36.64514
-21.369167
-46.281067
-52.81977
-51.518578
-45.05131
-45.788124
-55.316303
-65.27991
-41.88668
-70.67918
-41.688534
-50.379025
-50.84754
22.833076
-29.630554
-67.18503
-50.08096
-59.10566
-60.290016
-43.670254
-22.419632
-7.827446
-14.905327
-4.9346848
-14.168831
-51.49183
-74.26239
-56.778175
-63.477398
-15.131378
-23.945648
-40.576748
-19.898594
-13.522766
-47.78939
-45.363045
-60.52977
-39.248474
-67.83548
-21.707191
-57.53236
-17.618866
-27.154667
-20.73507
-25.695564
-52.724285
-80.63482
-58.085464
-67.48731
-42.545334
-26.803436
-4.7959366
-38.914555
-13.515949
-55.248207
-28.510464
-71.58217
-60.26307
-58.01153
-68.362595
-31.313828
-20.155468
9.644314
-10.324776
-39.645622
-26.199017
-52.93275
-57.91525
-43.815212
-41.906555
-28.170486
-49.501415
-10.429253
-35.563988
-9.983326
9.8181
-8.896389
-60.67534
-41.26246
-46.677986
-39.046864
-40.12146
-51.247627
-49.291824
-12.327602
-6.4815826
-4.8181534
-42.673805
-45.189156
-55.95439
-64.040245
-39.151432
-13.4778595
-43.718704
-43.118256
-56.574287
2.314087
-19.205818
-68.42003
-40.16452
-79.99831
-28.148293
-59.182053
-48.24117
-12.594818
13.624756
-22.548721
-35.85292
-58.98237
-55.77883
-68.80948
-40.602043
-22.172977
4.4166107
-34.20577
-39.762375
-47.315636
-52.382484
-44.31078
-37.466034
-36.75022
-48.85063
-25.500221
-31.3297
-56.564194
-63.487175
-54.927242
-49.257595
-18.519417
-23.906124
-14.872192
-45.46541
-51.49771
-56.37307
-33.11164
-54.787315
-22.601643
-47.35797
-78.8827
-41.42997
-57.63755
-41.52481
-13.194172
-41.03495
-66.33757
-55.058064
-46.294147
-40.90992
-36.808372
-67.46767
-34.177303
-73.20839
-41.49649
-48.172813
-26.66301
-32.508144
8.061184
-61.959373
-53.25274
-56.01654
-55.611153
-33.123222
-11.168152
-2.7097702
6.8147125
-24.285667
-39.691956
-68.93825
-58.99733
-61.22309
-30.776283
-37.023773
-40.555725
-5.752632
-54.01335
-22.625381
9.563385
-23.228031
-70.26776
-40.076717
-57.873184
-68.5854
-37.815804
-36.091324
3.5695076
-35.384293
-7.132717
-42.21573
-42.79077
-67.560135
-55.68651
-33.314125
-33.836487
-12.036793
-50.324856
-36.028114
-3.662613
-59.79225
-26.379635
-66.065605
-73.492905
-59.011562
-13.834877
-23.516193
-56.81708
-17.862076
-56.66723
-46.38825
-71.3022
-32.224396
-38.133587
-30.34748
5.0900497
-39.262436
-81.52703
-69.36426
-20.38227
-33.73661
-28.746162
-46.21846
-40.342625
-20.38728
-42.460625
-50.320053
-26.425446
-31.683243
-47.88437
-64.58652
-40.501343
-27.48542
-57.81971
-30.907143
-22.37664
-39.34912
-23.063423
-40.949223
-56.204014
-58.765995
-52.232224
-57.067863
-26.023743
-44.1764
-56.597015
-31.196114
-12.735275
-61.991447
-18.16098
-64.45612
-33.838375
-1.7865105
-47.907856
-80.07891
-43.285538
-37.3173
-64.83275
-22.60083
13.233681
-19.565033
5.487602
-54.739708
-25.589714
-31.748276
-18.793198
-66.14162
-50.917892
-53.96016
-22.484985
6.118149
-43.20797
-47.25056
-23.317348
-31.949116
-44.997864
-67.77389
-53.24229
-38.64466
-35.08335
-20.361465
-23.578476
-23.35675
-26.49012
-51.4243
-60.680206
-35.326794
-49.600986
-10.306236
-28.510021
-55.1873
-19.66711
-10.691193
-30.628948
-39.54174
-71.58521
-46.81203
-61.216743
-45.11021
-32.958084
-40.945236
-55.630882
-60.585213
-13.526871
-14.024128
-62.806213
-11.852135
-21.297722
-85.47161
-51.766876
-28.876888
-50.10479
-41.211037
-35.180264
-36.96015
-31.522903
-37.553627
-54.826817
-73.002464
-49.336586
-38.440117
-26.428917
-48.556934
-45.41043
-48.73483
-70.44396
-59.81956
-18.51564
-66.00624
-13.00444
-28.681873
-65.30831
-60.09302
-42.954697
-26.424858
-22.125793
-56.45571
-30.083473
-45.956123
-60.084305
-27.104748
-37.97341
-14.867577
-59.459206
-34.191933
-53.530308
-59.403214
-7.222481
-49.315018
-39.336376
-49.93055
-28.488571
-52.069466
-56.446712
-15.703598
-48.47171
-47.21505
-39.2068
-56.38759
-28.568535
-27.295757
-12.257118
-38.271057
-26.135906
-65.30247
-33.599472
-42.260033
-71.467285
-40.149185
-45.432568
-61.38584
-57.793797
-15.894096
-21.460487
-36.90928
-6.112068
-55.4545
-87.26495
-56.978477
-59.311913
-21.01218
-22.280464
-8.320541
-4.1819077
-51.64725
-66.090775
-41.84572
-46.0231
-44.27692
-6.778595
-0.49621582
-33.3107
-63.00653
-38.1176
-8.1223755
-41.048973
-32.496635
-20.558704
-45.250843
-63.928368
-13.963448
-44.81347
-38.2789
-58.696636
-49.549324
-46.84497
-32.361977
-37.843826
-63.694305
-47.237663
-49.014847
-52.071327
-33.60444
-37.697277
-23.67453
-33.38051
-56.85112
-60.530235
-20.96584
-62.623123
-40.503807
-41.410183
-20.060951
-25.340538
-79.68282
-38.92505
-62.800606
-68.11273
-30.152939
-59.94742
-68.25694
-12.397972
-28.638096
-6.6016693
5.894844
-75.71718
-65.30589
-76.47133
-64.25134
-32.956596
-3.771511
-23.07459
-61.74131
-37.075035
-41.379158
-56.62715
-50.14933
-44.767464
-22.270128
-6.43309
-30.884533
-53.4749
-68.6847
-38.16739
-45.308136
-50.39782
-48.683437
-35.36705
-35.864426
-35.071434
0.7602005
-26.13453
-55.739353
-52.064728
-59.629253
-47.248535
-33.42199
-48.522064
-60.922783
-41.621914
12.711655
-52.503307
-51.385185
-44.41268
-53.517002
-16.176308
-36.008656
-49.255764
-72.24427
-29.500523
-56.127666
-71.09696
-59.70211
-30.034012
-16.56252
-23.620304
-50.952995
-36.321533
-58.979332
-48.98329
-65.23462
-58.233307
-37.309364
-25.718994
-42.96282
-42.491356
-58.690548
-27.020714
-39.346344
-51.43473
-25.154907
-36.951508
-59.474777
-32.622044
-45.25122
-40.358105
-30.669739
-62.372257
-44.13884
-28.647999
-37.97564
-24.885235
-29.090137
-36.045784
-49.511612
-33.921127
-45.475365
-28.044453
-59.393333
-2.0701332
-61.35615
-32.736877
-32.57177
-40.60629
-4.608368
-36.360767
-15.8899765
-57.474297
-72.4082
-76.19503
-28.391335
-25.217346
-26.346588
-23.524727
-40.008286
-24.618744
3.5467224
-44.809
-57.57047
-22.25372
-30.21299
-6.895859
-15.161369
-32.285774
-26.127907
-16.117256
-48.69851
-59.213905
-69.98865
-58.156296
-33.63739
-42.905167
-22.45388
-49.12696
-45.25253
-18.617455
-53.717216
-42.686325
-49.225735
-47.201614
-44.82949
-81.2408
-68.76662
-52.41337
-24.513504
-37.03218
-24.652473
-22.203857
-38.769096
-61.58011
-82.48061
-47.975693
-89.56372
-85.90907
-41.59188
0.15814209
-29.850649
-41.71102
-53.55629
-54.533615
-23.404629
-47.0076
-1.4536896
-26.12368
-41.252583
-32.923714
-42.769226
-26.578003
-48.035286
-17.97342
-41.870476
-50.617218
-53.51145
-19.131294
6.7961655
-28.667679
-23.954971
-51.86515
-81.97549
-58.56449
-51.351387
-78.43959
-25.348148
-25.937443
11.7547035
-46.14129
-27.830345
-52.24122
-46.091644
-77.069435
-68.96071
-7.688011
-12.370552
23.796432
-55.62918
-83.58217
-56.444374
-45.62746
-37.41165
-34.172062
-18.587132
-8.930744
-12.3117485
-55.01613
-51.155346
-47.766594
-56.331688
-11.258766
-25.08223
-11.230499
-20.283539
-31.449554
27.035183
-27.192055
-45.747047
-36.4454
-49.85109
-74.20007
-72.57453
-52.91694
-69.08034
-36.40473
-13.908375
35.67092
-56.01992
-67.808395
-66.60628
-40.16378
-1.7136536
2.247467
-46.115368
-64.88428
-78.29996
-61.438667
-66.88101
-22.764893
-15.832069
-15.108673
-25.36081
-44.12979
-46.962173
-60.79097
-58.025253
-65.6214
-45.639046
-1.2465324
-22.374447
-33.71694
-43.717407
-42.663662
-54.524315
-22.94823
-46.789597
-33.93508
-22.71334
-42.58046
-38.107513
-46.15322
-22.971321
-37.637955
-55.6835
-52.692158
-49.418137
-41.864647
-51.768112
-23.314354
-47.02494
-20.34573
9.311741
-48.164116
-79.77899
-101.27713
-42.805157
-62.94435
-55.551632
-34.84971
4.5942764
0.12375641
-51.92659
-48.297604
-55.99839
-35.710304
-59.86104
-34.68657
-31.590775
7.2176437
-33.369152
-29.56562
-27.827831
-30.155216
-71.674416
-58.964417
-45.1032
-20.99842
-63.110924
-41.712875
-68.98943
-31.863976
-10.010624
-13.089874
-21.84291
-51.41355
-70.51201
-69.51464
-64.005875
-63.90196
-31.082596
-22.885048
-8.36499
-36.864433
-13.584976
-40.525154
-47.610218
-64.199295
-47.225742
-53.592735
-31.843931
-39.441856
-29.001968
-28.360296
-39.658913
-55.694214
-48.356094
-30.76945
-61.471622
-40.814816
-33.396004
-8.037437
-53.45089
-19.981651
-54.9461
-73.05847
-50.846725
-42.25672
-56.002552
-25.78807
-47.27823
-51.267944
-61.199127
-53.214928
-40.38372
-28.681839
-37.143166
-45.312386
-71.04877
-10.718716
-35.030025
-30.977608
-52.26496
-49.39016
-56.57217
-62.80986
-43.041595
-30.06443
-30.913239
-51.875122
-45.559044
-61.455643
-28.975937
-33.58432
-10.101864
-31.858086
-48.439465
-61.995377
-48.98625
-60.116184
-56.10064
-44.591713
-2.8550072
-60.41379
-76.595924
-35.879898
-40.608505
-34.817757
-47.245308
-47.987778
-50.423634
-57.555233
-51.120758
-48.839863
-48.76111
-41.020504
-15.040947
-22.634132
-52.355488
-60.88087
-44.682976
-38.868
-37.970566
-26.841122
-44.87372
-40.170868
-55.054726
-46.295784
-68.362495
-66.243576
-9.289009
-25.85041
-62.69048
-51.392464
-68.869774
-48.07115
-26.779423
-27.757484
-60.016884
-72.1676
-47.41506
-51.98433
-19.438133
-13.603569
-32.616425
-32.645123
-20.103199
-44.485245
-50.758507
-31.855347
-45.835705
-41.481544
-69.938446
-26.71328
-39.58932
-20.308842
-37.00001
-21.137573
-36.321785
-52.822887
-70.09775
-45.273113
-41.490616
-52.93472
-22.324345
-47.693653
-2.0610008
-49.61721
-44.88267
-51.08545
-59.145813
-61.292526
-33.097443
-53.39474
-38.649002
-74.35428
-45.340866
-29.111858
-65.31511
-28.777336
-54.904495
-64.79952
-34.83822
-39.581177
-74.099655
-31.588585
-69.33829
-60.47947
-42.707397
-32.662674
-30.814156
-26.864365
-16.393108
-35.450127
-22.951866
-35.763428
-36.57823
-56.19993
-44.144768
-16.906311
-34.96537
-57.964806
-57.000534
-37.28544
3.2826996
-22.244968
13.316864
-47.65212
-28.020966
-80.98262
-48.275665
-46.754498
-96.88226
-62.965485
-47.38276
-71.485405
-23.416275
-26.002762
-33.568398
-9.750732
-54.175602
-29.83326
-82.80737
-44.262573
-54.2256
-39.07086
-66.28304
-47.805977
-11.362328
-21.201477
-32.688385
-47.159515
-33.65676
-35.89088
-68.180214
-44.419495
-55.35155
-65.94909
-39.733757
-27.8947
-15.709503
2.4926682
-35.986145
-34.401577
-85.18003
-43.20792
-26.64991
-19.672577
-18.894875
1.1088753
-11.107273
-41.343132
-38.39318
-35.382347
-68.30194
-52.523132
-13.507008
-29.8264
-31.933548
-25.491833
-40.242783
-50.746723
-65.31625
-67.95906
-22.738407
-76.79054
-50.455956
-68.25782
-52.48752
-42.73008
-33.084084
-53.16136
-18.46933
-26.720573
-40.36483
-37.247803
-60.632637
-72.515686
-61.50148
-60.6761
-46.908966
-27.87938
-34.99385
2.4981575
-7.3720093
-39.455757
-40.262306
-55.580482
-53.814346
-24.300865
-61.12274
-47.099586
-45.151497
-17.895828
-25.957256
-3.1900177
-76.17369
-48.245293
-70.965324
-65.339424
-67.54757
-39.221657
-19.81975
9.743271
-49.506634
-70.49655
-52.846054
-59.897366
-50.216377
-36.275078
-24.865227
-19.80996
-16.481606
-41.77059
-97.557556
-52.18258
-77.38258
-30.49234
-53.300743
-26.501518
-23.045425
-30.817047
-17.441307
-70.43182
-83.99759
-48.456066
-29.379108
-49.89991
-17.131027
-36.73871
-12.781921
-29.286312
-74.551575
-53.904194
-66.36269
-73.70734
-32.357895
-41.1419
-5.7353477
-24.495102
-25.270756
-30.258575
-37.716553
-83.66622
-80.66441
-40.516922
-44.756874
-14.918945
-22.87294
-5.7543488
-28.410965
-52.92235
-60.996174
-56.00262
-59.291485
5.9468384
-12.782169
-36.911167
-36.88865
-56.966305
-80.94796
-60.433903
-36.296486
-34.403698
-32.144703
-13.802586
-25.120209
-14.044582
-40.665997
-74.99132
-70.61893
-16.357964
-26.571754
-72.97115
-49.67411
-49.012924
-32.556435
-42.72957
12.804001
-26.766129
-51.02678
-45.46035
-51.217087
-36.413055
-33.693512
8.558544
-20.707432
-26.411182
-39.6565
-46.98124
-39.748764
-31.888557
-42.963406
-25.974693
-60.804707
-68.013115
-48.96986
-72.83429
-41.0697
-60.893196
-14.461582
-38.665043
-60.79354
-61.33976
-63.155594
-56.85528
-31.83036
-24.990784
16.724937
-4.0432396
-57.411335
-54.62072
-43.382988
-61.75805
-58.015648
-40.135086
-37.140953
-37.04064
-5.9329605
2.0216522
-47.702717
-87.83362
-71.50092
-72.812836
-54.25582
-40.18075
-6.8716125
-1.3283386
-12.653763
-32.87441
-35.17785
-27.148396
-47.738808
-37.849197
-37.185
-24.869968
-22.181156
-61.14833
-29.417755
-5.5680733
-64.55892
-80.74413
0.18366241
25.499638
-68.12579
-79.13975
-109.15968
-68.07043
-4.4739304
-6.5590973
-50.022343
-44.928543
-59.19739
-60.69787
-73.29558
-34.857136
-23.019981
-35.107613
-35.588978
-73.56749
-38.81112
-31.246147
-31.907635
-20.976532
-54.24427
-50.790344
-8.062492
8.3075485
-26.487171
-37.54447
-69.16239
-80.86695
-37.516487
-59.765602
-51.049335
-31.200428
-14.890411
-19.121643
-29.512619
-40.73564
-42.3508
-67.500885
-76.23286
-58.11818
-29.38785
-12.037678
-17.091637
-43.220932
-36.44652
-80.17469
-71.16002
-43.965286
-47.18807
-46.83144
-73.89308
-73.63385
-56.98946
-38.863934
-49.463326
-7.488762
1.4652557
-34.610546
-47.48786
-64.01487
-53.9833
-36.504303
-50.53371
-28.520828
-28.937256
-62.281227
-67.64607
-49.75104
-48.57301
-32.905056
-54.349594
-26.45736
-49.023285
-33.35417
-33.386932
-32.570305
-23.1637
-27.64753
-26.95377
-64.91102
-36.299202
-48.44232
-43.206936
-52.79153
-56.399765
-30.488937
-16.947994
-26.491405
-8.416237
-50.922245
-46.159374
-29.357021
-70.55553
-50.23371
-23.335869
-31.506737
-31.258106
-20.34475
-18.613892
-54.93158
-6.659706
-69.561035
-42.822765
-68.95468
-30.99173
-54.52007
-34.51285
-75.01686
27.612324
9.412357
-51.635498
-74.57065
-24.533241
-47.68628
-70.606766
-32.41867
7.239937
-9.372406
-28.915016
-41.392754
-57.393963
-64.80983
-47.041477
-52.707184
-13.816177
-23.381104
-19.655228
-68.72717
-39.44336
-58.0242
-66.1313
-51.86448
-28.75447
-16.763485
-33.22564
-34.44937
-30.041458
-48.556183
-76.456085
-39.539246
-45.783516
-49.85121
-32.260006
13.492428
-21.032074
-23.109642
-39.821434
-70.07674
-32.800842
-50.912144
-25.087982
-32.830063
-53.185966
-67.41886
-19.807907
-64.932625
-34.405174
-49.637047
-26.81482
-17.554703
-59.89583
-41.935596
-65.286446
-56.114273
-38.367516
-40.037964
-20.164436
-15.905827
-35.772736
-47.582893
-54.43489
-11.407589
-38.489296
-45.12183
-31.588974
-51.974228
-23.411041
-52.376617
-55.33549
-55.48565
-62.84993
-44.14318
-26.813984
-16.832413
-58.286476
-18.241882
-38.897034
-71.11339
-45.435165
-74.4474
-41.92562
-37.53328
-37.410084
-41.540787
-6.062233
-59.986847
-16.82642
-44.822563
-19.975933
-45.448456
-29.391273
-51.267082
-42.665012
-46.30516
-37.78917
-34.33245
-25.318714
-48.795395
-34.61783
-27.307274
-51.362724
-65.19096
-56.338387
-98.236885
-8.012741
-21.09253
-27.41172
-56.505737
-68.074905
-64.80313
-65.33812
-59.212822
-38.875805
-32.06784
-4.6355095
-54.692554
-13.902504
-58.84049
-35.54467
-34.718697
-63.94886
-28.389488
-47.078148
-42.28775
-39.68831
-24.80046
-30.594322
-34.703228
-34.465538
-58.985443
-43.98571
-46.36459
-39.46098
-53.24176
-50.069336
-48.18596
-51.214233
-67.67115
-42.216797
-19.49501
-37.600166
7.5604324
-48.41883
-76.29945
-92.84475
-88.53907
-57.59027
-35.258034
5.877842
2.830536
-26.421143
-43.348473
-64.125336
-78.5106
-34.265816
-37.941757
-36.90915
-18.560646
-44.490654
-45.77608
-14.697945
-17.115509
-58.997574
-64.40302
-67.72115
-34.340324
-50.06401
-47.98384
-24.93959
-37.28228
-12.562714
-36.01945
-43.93158
-39.304657
-34.907738
-53.10698
-21.514576
-43.85156
-40.271156
-63.86203
-71.585266
-65.6002
-8.647091
-15.426613
-19.931831
-23.3465
-51.181683
-59.907707
-62.099457
-56.792572
-45.738403
-64.57463
-24.2462
-24.725174
-64.26597
-69.32626
-64.67972
-62.166504
-43.685287
-15.563423
-14.461899
-31.475945
-23.155807
-49.475685
-71.20552
-54.67901
-53.742363
-6.626152
-46.845425
-34.023884
-22.857239
-8.135899
-44.364563
-58.025646
-71.38919
-40.59505
-53.67143
-65.42598
-36.812477
-26.370964
-63.875042
-41.062008
-50.559002
-45.123936
-74.4922
-34.408478
-44.94265
-29.513649
-55.139526
-45.537888
-35.92987
-56.728657
-24.263618
-48.299515
-52.84594
-29.529327
-20.4962
-30.265831
-42.634827
-68.905785
-36.948082
-25.76342
-49.41335
-56.088547
-24.04322
-46.81509
-61.058006
-10.175308
-69.82919
-81.012344
-38.54877
-52.440323
-24.116306
-45.538986
-31.277061
-71.65659
-38.25393
-57.345722
-44.75426
-53.86012
-34.416183
-43.869217
-59.561695
-21.057365
-21.52082
-26.87056
-51.411583
-63.093452
-64.38229
-54.698395
-44.2207
-31.962616
-46.235493
-34.07498
-30.597656
-4.5775757
-25.522102
-40.169014
-12.241348
-41.09768
-56.98475
-86.0779
-64.28547
-14.639858
-0.7802582
26.287373
-38.650887
-68.9264
-33.419373
-38.943077
-24.08133
-24.565552
-27.081055
-31.748611
-32.825134
12.1482315
-20.274338
-51.58171
-53.478127
-39.23645
-32.01377
-6.450325
-52.158752
-67.988815
-75.165375
-64.13156
-58.236115
-11.963432
-0.6605835
-34.752846
-51.569004
-98.8457
-68.83045
-55.022823
-1.4364853
-11.013641
-29.642994
-51.969032
-32.812645
-30.71434
-41.843437
-58.97144
-43.466244
-30.268982
-25.366669
-45.71128
-44.377953
-38.973717
-27.149887
-95.356476
-52.077354
-45.020294
-55.26866
-10.297058
-42.67073
-78.81792
-72.47523
-60.113052
-58.143875
-19.75119
-28.679382
-9.815338
-31.47248
-50.148983
-58.39068
-65.75489
-61.4775
-54.854996
-15.566284
-38.6565
-29.388605
-27.181908
-25.226112
-25.962944
-30.957512
-56.825127
-35.63482
-69.34985
-73.10542
-61.037346
-27.694828
-29.392624
-25.620056
-32.16178
-42.786762
-35.3719
-42.718266
-72.64293
-32.076515
-23.539078
-43.89852
-51.36149
-42.385162
-72.786125
-50.564476
-53.18093
-6.3488846
-40.87188
-71.138794
-67.725365
-45.556046
-26.04374
-13.286255
-14.849625
-35.325863
-55.96038
-38.55035
-41.800507
-54.743565
-25.214981
-17.851467
-15.340836
-35.063576
-64.43458
-89.93621
-44.51465
-57.22711
-44.070957
-36.08368
-53.472828
-30.230682
-35.333748
-19.892952
-34.38086
-45.474617
-54.4179
-60.7957
-63.86551
-50.40291
-34.492874
-58.144657
-27.749874
-7.8757935
-16.241291
-49.77759
-55.866875
-66.36954
-51.98387
-63.634922
-43.975998
-49.70779
-6.7398415
0.22989273
3.4087296
-38.458336
-26.583061
-71.54857
-97.85377
-64.22394
-28.241676
-13.9774475
-11.877548
-41.407425
-39.473183
-61.859703
-36.294197
-59.227943
-62.68983
-47.71435
-42.96304
-65.265945
-34.734627
-33.83529
-37.415436
-24.224058
-40.540024
-48.28599
-47.827736
-16.248302
-59.803
-51.89052
-76.39444
-73.2056
-27.918472
-22.87061
-22.85228
-40.450516
-40.12346
-34.30799
-6.641575
-70.638855
-37.73918
-46.42274
-44.85651
-46.698338
-41.345264
-24.622429
-40.62114
-21.806465
-56.186546
-40.378555
-55.525963
-47.512856
-55.63945
-58.71505
-63.35649
-64.58293
-32.114204
-39.078995
-34.421005
-24.78704
-43.481667
-41.167557
2.6684265
-64.54797
-86.66939
-70.70869
-65.74049
-17.0984
-8.017319
-8.685009
-21.308994
-49.7838
-69.252655
-38.851837
-60.493465
-34.260277
-49.608032
-15.926086
-20.342613
8.106522
-46.524
-39.941406
-54.396027
-71.49132
-26.98468
-40.70192
-28.429306
-25.027428
-36.852554
-19.591011
-62.77031
-36.060837
-64.98742
-62.14795
-47.28053
-52.344456
-34.658424
-40.37678
-39.134636
-24.120728
-44.13082
-51.6202
-73.795456
-42.84733
-51.655254
-14.9392395
0.5694809
-13.599266
-35.458412
-27.845028
-40.458733
-64.52028
-62.209282
-36.15159
-49.209564
-46.91978
-44.72314
-56.087082
-43.76852
-40.659153
-25.828949
-38.44464
-37.474876
-75.85139
-70.4868
-60.815384
-38.016582
-22.299427
-30.889347
-18.455414
-42.02762
-2.7506256
-46.403915
-43.850918
-63.0915
-45.93515
-63.675117
-44.94167
-46.30108
-46.10327
-43.132607
11.565582
-36.08542
-67.10223
-35.597816
-59.200874
-43.722908
-21.227283
-44.334335
-52.533783
-30.805008
-2.9639359
-53.500473
-58.5696
-53.348446
-65.90819
-28.812698
-31.981457
-55.08235
-44.833366
-13.556881
-5.013115
-47.782425
-82.00886
-70.98458
-69.71796
-63.255676
-9.604553
-59.969933
-13.237179
-38.757008
-54.939972
-65.61086
-60.179504
-28.460518
-62.06101
-50.129074
-6.6501083
-57.578293
-2.2649384
-35.775032
-57.016613
-32.4116
-52.72992
-60.669647
-29.099785
-39.106358
-17.96273
-14.081947
-43.370655
-6.0637665
-67.98506
-56.72688
-58.111847
-52.66251
-45.823296
-46.60151
-20.293129
-35.522926
-57.57743
-40.68965
-36.29837
-19.153412
-31.347069
-53.877106
-60.961796
-53.55288
-66.542305
-51.94596
-79.08789
-19.07534
-21.456757
-7.215042
-32.678352
-78.99301
-53.22545
-63.643814
-54.97123
-64.343346
-44.506413
-33.657787
-21.390076
-28.328217
-18.503674
-12.866425
-36.431194
-26.784546
-48.564926
-34.55442
-57.044674
-25.015217
-24.151318
-47.320244
-49.141922
-28.10933
-50.918316
-65.993935
-53.740723
-57.22591
-40.12193
-46.26394
-58.20256
-37.917015
-38.952354
-34.391518
-28.417622
-51.10915
-48.2194
-62.20422
-50.030754
-54.382923
-62.161674
-71.500114
-50.26435
-39.122044
-18.609055
6.6110954
-40.13002
-52.352844
-70.81369
-85.67636
-53.408463
-72.54404
-36.639584
-8.837372
2.5323029
-16.850845
-33.794304
-73.25504
-43.994022
-80.032906
-42.293594
-46.16242
-45.66398
-31.71582
-17.214882
-45.18518
-42.54456
-32.610355
-60.392044
-62.100483
-32.992577
-33.57383
-24.038467
-41.54023
-38.39733
-31.612831
-38.668774
-42.332405
-35.882484
-74.63885
-44.74359
-47.70626
-45.10924
-37.498055
-25.749508
-65.40065
-56.63339
-54.55914
-87.992455
-79.837975
-52.184326
-29.155785
-13.593094
-7.395546
-26.69101
-39.33583
-52.741116
-71.19936
-49.954044
-47.492203
-22.051666
-35.087814
16.638218
-38.096336
-75.64377
-71.7943
-59.366096
-61.70074
-49.94188
-51.209885
-40.31535
-28.712608
-29.385628
-11.485985
-28.247803
-49.205
-61.377296
-64.26232
-55.90663
-37.014477
-38.36583
-29.48096
-30.496521
-15.199028
-31.926025
-31.429207
-29.813057
-53.39614
-37.698463
-31.343811
-44.93441
-51.810635
-46.909973
-6.295418
-44.523403
-46.463936
-54.895077
-51.14073
-43.096375
-35.319168
-35.052414
-57.38952
-44.84854
-61.92369
-57.636345
-69.979355
-56.644997
-36.230495
-51.38462
-24.958641
-43.48179
-33.546894
-45.787888
-17.145973
-51.707253
-55.062664
-59.55198
-32.410828
-34.75704
-47.239662
-36.655075
-5.47213
-19.890072
-19.168648
-43.71573
-15.4756775
-39.220867
-42.746536
-46.62229
-47.055145
-43.57386
-53.30903
-55.874405
-43.430344
-28.628738
-55.697826
-87.08323
-22.924992
-43.124573
-14.427414
-37.944218
-74.82582
-44.01191
-50.34397
-61.2316
-33.288437
-7.3776016
-44.05726
-7.4657974
-20.032642
-35.117012
-31.479134
-44.845596
-38.69198
-25.575577
-56.33059
-35.29303
-34.25266
-29.143684
-43.379547
-54.021683
-40.24586
-52.02838
-60.89415
-58.346695
-45.34752
-31.377224
-53.614815
-57.11117
-57.159996
-26.385036
-52.550957
-71.669525
-85.13894
-51.16726
-35.394386
-45.372166
-57.572754
-38.506264
-15.604889
-67.97217
-51.58904
-42.021553
-55.95007
-49.97613
-40.19044
-33.35691
-34.692993
-56.69819
-43.98066
-30.50322
-36.427788
-49.388042
-33.25426
-45.003407
-46.038277
-9.810486
-32.9722
-21.312973
-63.655582
-55.070877
-28.264275
-18.247818
-27.892872
-14.161804
-42.805588
-24.9338
-82.388
-44.67018
-81.884544
-38.139343
-53.8515
-43.404716
-34.23022
-32.40351
-51.495075
-42.22912
-31.636093
-66.22803
-41.354042
-28.011932
-45.559788
-26.639633
-47.945637
-59.668743
-58.70283
-40.778267
-23.856953
-47.05905
-32.753357
-48.131546
-52.106277
-53.19592
-18.109154
-23.338333
-67.69266
-47.080235
-49.6379
-31.498444
-41.2535
-33.961906
-58.490406
-52.50118
-23.00156
-19.053543
-12.1595955
-62.391644
-82.002975
-99.47888
-46.972763
-24.918732
-32.210094
0.8339844
-43.683064
-52.455536
-33.55674
-60.363808
-21.43023
-10.84716
-34.81215
-29.887985
-26.90953
-20.273148
-47.26846
-46.65374
-60.708427
-49.864372
-27.944199
-32.561207
-24.035912
-58.70794
-37.94123
-71.52054
-51.469036
-53.80767
-22.758118
-6.9833183
-35.080902
-58.76796
-26.12331
-29.157398
-57.382668
-47.55214
-42.95838
-52.297264
-18.254906
-59.885963
-54.044445
-65.49979
-53.652306
-51.002266
-54.589973
-15.332981
-61.18103
-10.589245
-42.424133
-56.99868
-46.885513
-32.363823
-25.869942
-37.14804
-66.048386
-29.379616
-36.64881
-41.220997
-38.2588
-49.91565
-39.15091
-47.16707
-65.79979
-61.848896
-36.29031
-28.900154
-73.5112
-55.827717
-27.757309
-31.774567
-23.246643
-40.79254
-51.507233
-47.52103
-43.987526
-40.169434
-10.208115
-20.081543
-13.158325
-59.630516
-50.21562
-66.8469
-59.65621
-47.941597
-38.41642
-48.59899
-36.40793
-67.965965
-35.530983
-65.02686
-64.75208
-32.03016
-46.674862
-15.883137
-19.101349
-34.446667
-40.56662
-65.94771
-48.745827
-11.724495
-44.492447
-49.343174
-9.369934
-15.23967
-50.47597
-53.846138
-36.408493
-48.990463
-86.93722
-33.539307
-12.110016
-7.619499
-34.52042
-66.677414
-54.462708
-52.98996
-4.4719315
-20.435356
-72.4796
-48.910336
-66.110535
-31.52327
-48.21588
-55.913048
-23.49189
-28.44461
-81.24951
-62.079185
-63.482346
-34.423454
25.28109
-2.6702576
-55.57148
-77.26759
-58.80739
-63.277794
22.44912
-0.8078346
-62.81617
-86.29267
-74.763596
-61.751186
-28.627007
-43.2235
-36.919533
-44.10522
-39.808758
-25.96157
-33.756054
-48.776978
-45.07381
-61.498688
-43.55179
-24.34594
-51.071716
-44.764915
-43.425224
-10.252365
-30.416565
-48.55331
-51.870552
-48.001884
-19.402733
-27.125183
-28.67569
-20.157387
-71.62142
-56.01262
-54.898666
-73.48994
13.764755
-27.404354
-27.360577
-51.846546
-45.482304
-65.69212
-44.485146
-31.089859
-24.784615
-23.998466
-36.295734
-16.400925
-26.117767
-53.843697
-71.99917
-51.497795
-36.182068
-10.936668
14.186218
-32.77814
-50.358185
-88.07448
-72.151054
-81.9392
-58.976517
-24.956451
-17.622353
-23.445671
-39.18627
-37.58847
-23.916344
-44.690907
-35.854225
-40.594917
-34.209755
-41.623512
-32.943283
-9.366127
-22.381378
-15.979034
-40.217636
-78.56085
-50.29559
-72.55892
6.6249084
-54.88305
-43.113785
-55.200108
-3.2170486
-61.793068
-51.02752
-47.979706
-16.020325
-34.94646
-61.926815
10.40667
-46.65145
-69.95642
-72.56923
-80.90508
-41.429802
-33.15131
-66.55112
-57.55268
-32.706547
-7.3340073
-57.038292
-67.33916
-43.391003
-52.31405
-0.9450531
-35.469887
-71.61605
-66.218544
-49.616817
-41.985474
-27.766235
-31.95655
-17.318382
-6.705345
-21.344624
-47.98633
-41.890423
-58.574787
-60.000443
-60.02196
-50.52426
-26.578552
0.6266098
-55.533607
-42.59418
-46.458683
-51.583237
-49.607376
-42.08441
-45.886253
-26.887383
-32.32402
-38.96745
-40.86389
-46.49733
-37.724926
-48.074203
-8.533073
14.372055
-39.307663
-15.518349
-86.93452
-60.187645
-79.453835
-45.050552
-47.361282
-32.215393
-34.937195
-3.040928
6.2379684
-33.70285
-76.900246
-64.17934
-67.38099
-34.112823
-17.905136
-19.340729
-21.051254
-41.747536
-43.971237
-86.99957
-57.066372
-53.972954
-47.38951
-9.232368
-39.167095
-49.730377
-25.79187
-54.9662
-51.188805
-26.339432
-44.23664
-67.24756
-35.93357
-56.271133
-53.594826
-25.325886
-47.40667
-30.300652
-3.9804306
-33.805943
-55.437637
-68.26785
-77.12548
-63.922348
-54.652027
-15.644058
-14.989899
-54.05449
-47.03988
-52.56829
-72.22041
-49.986465
-39.034733
0.29036713
-25.860989
-24.46894
-53.600426
-43.55589
-50.18444
-44.28324
-66.5341
-27.085785
-34.65206
-16.390213
-34.26373
-15.418533
4.628311
-18.846306
-52.20529
-78.23818
-60.24063
-63.10925
-51.366077
-27.885384
-34.10398
-1.0751953
-15.081749
-54.230247
-68.62134
-84.23526
-74.617645
-22.812534
-45.758392
-40.121918
-9.963272
-16.619339
-43.683994
-67.537155
-42.626175
-57.03943
-68.697685
-45.489006
-31.834816
-42.262085
-15.073601
-16.338837
-36.291527
-59.715202
-54.197994
-34.9523
-48.97584
-56.05989
-59.78899
-53.21512
-46.27651
-60.634678
-51.2593
-15.507084
-45.441345
-32.633568
-47.515755
-40.346733
-46.47932
-43.22202
-32.449295
-57.73239
-40.396935
-37.83349
-30.159527
-36.409214
-67.77205
-31.328384
-60.193893
-56.56466
-15.651047
-41.975517
-52.073235
-60.865646
-52.595078
-28.836166
-48.256622
-80.40344
-45.68913
-61.58985
-45.892204
-34.346222
-13.02206
-41.59671
-39.742424
-64.33743
-43.022274
-27.960274
-32.464603
-11.806217
-40.312927
-45.9207
-29.596756
-34.81192
-11.680679
-27.70649
-49.04282
-28.367504
-34.566765
-55.42875
-60.29937
-74.45321
-49.004845
-50.231438
-36.64099
-24.634083
-39.78267
-43.847416
-26.939075
-68.58594
-40.010513
-52.645805
-73.0688
-60.28532
-10.849693
-52.916557
-34.17723
-56.319405
-79.126785
-52.54805
-32.498024
-48.851364
28.240295
-38.016808
-39.94241
-61.52939
-74.63597
-34.033947
-14.252811
7.5505104
-33.823746
-74.55637
-70.47116
-55.70682
-16.55172
12.845116
17.878975
-39.57811
-57.335907
-50.71749
-45.106064
-32.046337
-5.3968563
-23.906445
-66.62301
-65.79938
-26.650402
-23.971046
-13.77425
-78.311646
-86.1529
-22.299889
-38.085545
-47.97794
-44.0434
2.435091
-44.604424
-65.07663
-52.019608
-46.509914
39.557858
-25.195635
-60.1661
-38.257942
-62.161133
-7.513344
5.0302963
-80.40172
-44.308952
-37.03627
-17.372025
-21.722672
-38.771645
-38.229675
-31.560814
-32.196228
-22.02594
-35.38929
-32.893303
-47.988953
-73.21615
-38.14508
-74.28839
-21.474472
-50.62401
-41.09172
-59.290833
-57.845924
-16.99427
-33.36451
0.5760422
-40.340378
-77.731636
-56.18683
-54.707428
-29.532402
23.723297
-23.538704
-66.59318
-103.99102
-89.71753
-61.210976
-38.300457
5.876911
8.662571
-26.226326
-54.162445
-72.94237
-68.12225
-20.895813
-4.8296204
-22.141304
-58.097427
-53.447235
-106.62879
-44.011726
-23.560438
8.096884
-20.25758
-50.53684
-50.986336
-54.292736
-51.66897
-43.388344
-12.255947
-29.099937
7.6686897
-68.91618
-92.038155
-54.042694
-63.310234
-25.387249
3.9520264
-25.577785
-13.600311
-79.390755
-54.854744
-61.972847
-34.339497
-29.55606
-62.635693
-29.11425
-0.5763855
-28.613636
-61.08888
-52.362343
-45.632286
-21.30259
-44.11472
-24.048752
-34.05917
-61.55612
-44.881317
-47.39138
-32.83878
-52.227535
-59.460266
-48.111412
-48.6084
-43.88747
-53.112854
-51.36927
-49.466187
-40.29631
-59.98326
-84.62179
-56.718925
-51.734173
-58.75968
-51.64473
-49.51377
-33.230137
-21.83902
-30.276772
-10.576107
-23.989288
-32.228313
-66.07015
-72.75508
-56.88137
-35.188744
-56.878845
-13.45665
-16.73838
-22.133022
-33.372505
-43.979713
-50.610065
-41.86744
-62.89104
-18.817818
-5.748741
-57.27575
-34.663803
-53.68069
-56.73992
-72.948395
-47.722973
-40.16417
-55.74135
-65.74812
-51.285286
-8.920952
-50.583103
-45.48895
-51.922283
-48.42057
-12.9049835
-50.972893
-39.382526
-23.4917
-34.416656
-21.709896
-47.935516
-34.836792
-47.05497
-58.774284
-67.33789
-61.180557
-30.80017
-12.295273
-30.774178
-55.100388
-19.47451
-48.33763
-74.00905
-68.33784
-51.306313
-46.84963
-42.120384
-22.84201
-47.999504
-21.446793
-36.98097
-14.740456
-35.4245
-36.683716
-41.556744
-35.887047
-53.58586
-27.931747
-43.066998
-28.98362
-64.06326
-54.138706
-69.23614
-40.76522
-31.580257
-40.300034
6.710602
-53.52199
-31.046555
-57.3237
-40.035606
-62.69103
-41.465744
-23.314995
-57.76245
-33.337082
-32.03582
-52.06733
-75.702484
-22.103767
-43.959614
-39.14721
-38.41178
-29.221657
-42.18597
-28.33815
-31.363949
-70.155716
-43.816864
-72.07956
-38.276024
-49.01777
-38.91976
-42.33866
-55.725574
-59.202866
-29.565697
-63.24328
-25.132599
-33.354984
-47.543163
-67.91617
-33.468697
-52.55738
-33.45627
-38.451355
-13.620361
-63.222855
-33.545807
-43.051193
-31.503658
-55.563725
-57.029736
-52.924774
-53.42277
-50.840782
-43.951786
-30.214329
-48.336136
-14.593018
-70.58127
-41.9245
-59.093258
-41.916084
-41.104034
-33.41525
-44.89612
-43.77861
-26.985748
-9.01152
-30.521236
-35.005104
-46.825127
-42.985317
-82.32357
-47.991882
-38.46395
-11.579407
-27.109375
-45.73374
-66.04698
-52.877075
-53.094215
-33.505302
-54.628815
-41.67503
-45.890007
-31.587887
-25.692009
-53.605785
-44.376266
-43.66394
-52.866325
-57.588867
-46.142456
-14.519215
-23.05803
-22.492928
-52.984726
-42.72273
-81.11566
-72.55875
-69.36736
-6.207878
-9.810822
-43.26937
-26.041138
-42.199356
-78.12669
-68.19107
-46.16327
-18.767395
-17.763618
-65.00686
-69.48172
-30.31044
-16.601562
-8.630684
-59.869514
-63.11454
-60.8636
-31.153065
-31.937057
-34.646156
-22.340057
-44.338516
-42.200455
-36.983315
-46.21152
-46.97576
-22.943123
-62.721626
-41.713028
-47.568855
-52.49527
-57.76159
-78.86174
-74.89617
-58.669716
-66.966034
-46.594353
-43.62098
-31.351997
-54.781036
-37.136765
-33.266685
-23.528545
-61.184986
-51.09693
-29.201561
-55.09375
-33.86675
-47.519516
-7.1548843
-28.388588
-50.001606
-34.758213
-28.896584
-18.881104
-38.210304
-26.940231
-30.435654
-55.006935
-30.404835
3.888443
-75.91932
-61.16179
-60.257957
-39.690933
-35.892162
-75.40728
-52.409966
-60.418358
10.873116
-60.59257
-32.72726
-36.371338
-50.94172
-40.438385
-24.485634
-20.191185
-15.272133
-22.261703
-35.700993
-56.596004
-55.501587
-54.102306
-17.00153
-0.5040283
-46.25129
-57.510635
-31.917892
-68.13881
-47.954933
-52.778206
-1.1941147
29.451828
-34.17678
-50.6296
-97.1319
-73.49609
-13.069836
-30.780548
-3.8958359
-15.126183
-9.1899185
-70.296684
-60.208115
-70.867516
-43.163204
-32.69763
-0.92720795
-36.52791
-63.972893
-64.14139
-43.59894
-39.69846
-15.48629
-44.752052
-47.54615
-69.96193
-52.51806
-13.773293
-53.23233
-36.173534
-45.04972
-46.411613
-49.975708
-75.92472
-36.365738
-31.191254
-49.326653
-57.88546
-46.26983
-54.938133
-72.95309
-29.049866
-53.232628
-25.827934
-25.919102
-1.2551994
-42.446976
-35.511093
-44.698357
-70.69414
-41.23223
-34.537018
-37.926247
-28.694534
-34.813293
-47.643803
-53.90365
-44.580246
-60.06755
-73.99132
-44.7847
-8.040127
-53.171894
-40.480698
-35.007088
-43.321148
-26.032215
-48.55459
-50.54382
-56.888744
-46.305023
-17.63615
-31.957573
-51.17474
-14.571358
-82.4232
-57.53298
-82.981766
-42.97816
-74.06703
-43.65983
-13.653206
26.11325
-12.943344
-54.57633
-68.4561
-73.65557
-32.654953
-44.296677
-37.17533
-42.469627
-41.95108
-27.64045
-44.156662
-43.677074
-33.40191
-48.491302
-35.14862
-34.428993
-38.802814
-17.282967
-15.375916
-3.0182114
-44.493908
-75.99219
-80.10183
-27.330925
-47.046986
-43.525345
-48.294388
-46.661484
-13.089935
-61.252163
-46.166515
-56.590057
-65.07963
-63.629475
-65.41217
-36.15806
-40.74412
-21.14914
-18.852406
-43.629284
-68.78473
-67.22931
-86.717804
-31.000137
-59.08082
-16.410496
-37.749
-38.603333
-26.519424
-12.551704
-22.566017
-48.897964
-39.375996
-52.03337
-50.984726
-27.140354
-54.607624
-75.23199
-52.44837
16.595062
27.570137
-34.189285
-51.66971
-46.65432
-27.32014
-8.932026
-0.75881195
11.002052
-11.738018
-45.748802
-51.02738
-62.60545
-6.129265
-28.657623
-14.064987
-24.794708
-30.269653
-1.7099152
-61.151295
-83.38954
-62.892296
-24.970188
1.324543
-34.775024
-45.49303
-59.543777
-84.12961
-60.56593
-6.188141
-37.844254
-43.22257
-60.76567
-77.30844
-85.08301
-60.743534
-37.75387
-38.935894
-36.33683
-39.80901
-6.20298
-64.10889
-72.90442
-70.169426
-48.375023
-24.429237
11.360741
3.8674698
-10.903519
-52.976475
-40.200478
-24.127033
-9.203995
28.613419
-39.18102
-70.520836
-27.982151
8.880283
-35.817303
-64.90085
-57.09613
-65.91939
-55.377632
-1.0892792
-24.528458
-60.601883
-49.18472
-91.839096
-62.211624
-36.178246
-16.71585
-20.466534
-46.818523
-56.896484
-29.06343
-91.6152
-36.600975
-34.79956
-40.410416
15.757446
-33.87928
-73.140495
-74.80981
-67.155
-21.84404
-45.80638
-41.461105
-27.052216
-5.1079407
-8.294632
-17.750656
-22.974915
-54.917107
-92.122574
-22.382511
2.8203049
-20.046688
-23.302162
-74.72537
-46.95713
-62.591896
-35.411964
-35.784584
-51.99618
-13.644226
-41.998093
-61.07609
-32.162407
-60.401585
-53.873642
-9.312927
-16.799744
-48.325928
-13.766357
-58.715755
-51.79873
-68.41482
-59.588615
-23.376156
-27.620209
-16.738525
-23.97689
-70.7807
-85.36163
-65.42999
-18.84591
-54.400307
4.1514435
-48.505817
-67.057076
-75.62308
-22.949905
-21.14209
-54.50077
-45.268974
-36.031986
-33.349792
-55.529755
-31.941223
-41.91989
-23.3312
-30.7827
-24.761375
-13.555504
-49.152493
-84.08319
-42.60604
-92.9023
-53.017693
-43.63837
38.408012
-7.4943237
21.222553
-83.21106
-110.58732
-83.99872
-49.102562
33.892952
30.690239
-28.353607
-58.039486
-67.4666
-16.947475
19.931572
-17.586117
-51.78595
-54.018684
-54.401
-48.270134
-3.472908
-23.466751
-24.745136
-49.440445
-42.684387
-53.339252
-27.525696
-28.68895
-66.83113
-80.887695
-47.266922
-30.86364
-30.31932
-34.92376
-32.546726
-69.00424
-13.298264
-12.865654
-41.82517
-64.62803
-47.478397
-55.460083
-42.95727
-49.0687
-50.526604
-37.02025
-2.3106918
-34.83956
-61.407578
-78.38858
-99.59775
-27.744846
6.444031
-3.9999924
-42.84703
-24.15358
-70.768456
-86.21437
-53.603836
-27.671005
8.36364
-3.5585022
-22.966896
-20.692673
-33.04908
-50.072502
-45.72512
-52.003166
-29.707253
-10.238312
-20.08657
-49.03557
-76.41295
-32.314156
-66.358734
-48.62027
-44.684315
-44.087414
-12.665527
3.8250275
-6.1962357
-37.565205
-68.88751
-72.10526
-51.845512
-55.286217
-56.30813
-27.238312
-18.879406
-19.368427
-75.756874
-41.46259
-36.832302
-53.15738
-44.040855
-52.001007
-27.500282
-46.06482
-41.231873
-37.964226
-26.115433
-33.691917
-10.754082
-29.67163
-51.294853
-55.90184
-70.01962
-76.25171
-57.05754
-25.358238
13.470543
-19.239285
15.82058
-14.164085
-31.393143
-67.52339
-90.4812
-58.117786
-38.23085
-12.3558655
-17.140686
-70.67264
-46.338745
-65.94754
-57.880096
-55.898384
-61.681755
-10.415451
1.291359
-18.330055
-35.3955
-13.930962
-54.24794
-82.752686
-64.03239
-48.96672
-45.912292
-0.55155563
-19.570686
-27.097206
-44.29145
-48.021484
-41.57575
-37.710854
-32.518715
-36.26207
-19.809113
-54.35006
-46.30442
-89.79081
-60.479652
-18.380661
2.899025
-22.036781
-96.39906
-65.78142
-51.65391
-71.50011
-38.004112
-19.75262
-36.685097
3.466858
-23.466259
-44.938347
-41.97076
-64.13693
-33.104847
-43.283264
10.557934
-31.723064
-38.46009
-46.686455
-54.530006
-43.18077
-20.714336
-5.9356995
-58.548603
-37.355396
-41.7523
-27.89058
-39.905716
-35.235855
-18.930481
-58.42181
-44.077515
-34.959465
-31.355186
-54.3573
-34.121994
-48.086395
-54.50222
-20.405167
-47.746933
-44.13673
-48.55419
-23.64573
-55.927574
-61.694824
-59.15246
-82.47924
-58.49138
-22.188007
-29.513779
-62.5701
-29.611282
-34.304413
-24.281097
-63.275436
-54.3723
-45.70902
-69.862724
-60.62564
-31.353622
-18.133087
-26.794205
-38.64158
-39.090576
-27.443283
-74.29642
-79.849
-82.18988
-28.410458
-62.884506
-38.420597
0.2802887
-6.1579437
-48.4411
-30.605522
-61.338257
-69.84658
-71.06761
-38.764835
-54.225025
-11.43095
-52.216824
-3.9883423
-32.836376
-37.766857
-38.9309
-70.15097
-61.055584
-42.82714
-14.956467
-28.477184
-19.635857
-30.330875
-42.084095
-57.68419
-71.39827
-51.785583
-50.27973
-20.47314
-20.885735
-29.38895
-15.13324
-30.925922
-42.683746
-20.935677
-87.529884
-52.758217
-40.9908
-48.52363
-51.969013
-43.38384
-50.580482
-19.49749
-21.007324
-65.8529
-61.978443
-51.748047
-53.066875
-71.5241
-65.51064
-11.710613
-27.557987
-32.564877
-54.552437
-68.103355
-45.622227
-34.401695
-24.223995
-54.135277
-61.998604
-63.43499
-25.600855
-10.898502
-43.415867
-48.792213
-59.189
-53.33256
-21.347244
-27.39315
-52.77964
-58.098465
-32.382126
-64.22361
-52.47679
-64.52576
-21.455063
-54.436863
-33.254646
-41.779922
-44.80055
-50.923294
-40.88786
-50.737587
-45.122204
-29.810047
-35.0241
-38.70723
-54.281677
-12.816956
-55.79506
-40.510395
-36.586075
-52.766384
-74.13951
-59.06707
-52.96141
-37.407135
-35.908257
16.49078
-32.956177
-54.964546
-77.353645
-68.35318
-59.526077
-23.756187
-21.368225
-29.106846
-13.747963
-24.82647
-43.145164
-46.27552
-29.541748
-37.92173
-46.77175
-38.692085
-57.24043
-27.193573
-47.852257
-43.758026
-36.087914
-45.183815
-56.13539
-61.006157
-73.29496
-74.08501
-46.52851
-41.61514
-16.97213
-45.052517
-19.855465
-51.68266
-43.942
-31.477844
-49.72118
-66.82797
-43.87013
-50.531406
-53.66468
-35.214493
-18.308327
-49.446743
-25.009499
-75.12689
-43.389442
-52.791428
-19.610096
-50.05986
-60.032158
-65.002335
-31.070541
-24.172676
-12.065865
-46.02163
-71.450485
-47.58517
-59.274887
-30.722984
-44.13454
-14.929764
-61.11528
-18.876823
-20.47654
-49.46051
-58.90041
-54.891556
-36.525307
-24.131634
-20.496208
-42.60016
-56.283615
-41.714973
-77.1275
-74.866516
-57.279594
-19.493027
-26.919266
-38.499428
-23.791405
-75.336845
-48.324535
-64.7004
-38.10604
-37.894306
-39.17728
-26.019516
-13.80555
-9.055847
-25.997524
-57.375725
-74.59166
-56.276367
-31.881596
-18.870113
6.5796394
-43.99698
-31.958496
-70.01913
-77.00088
-50.731663
-41.913353
-18.533436
-37.49595
-35.840008
-57.403965
-58.428806
-49.76638
-61.97811
-1.5189209
-41.404434
-29.568024
-42.861336
-38.37738
-38.671806
-35.124046
-47.25366
-59.62708
-48.975327
-50.390408
-32.453056
-37.270306
-40.13863
-60.76439
-43.796005
-28.355228
-53.90049
-81.309525
-48.572563
-73.640274
-46.837345
-45.723213
-18.66127
-22.465935
-28.44727
-60.062653
-62.976128
-76.17394
-52.23412
-43.43395
-39.386753
-19.837975
-28.95739
-30.479004
-76.46095
-70.95651
-62.25228
-12.808334
-57.97486
-20.444748
-29.544067
-59.26908
-22.881046
-59.31942
-24.58966
-62.06755
-60.07212
-43.337296
-22.409134
-42.80706
-36.09057
-58.084293
-60.194397
-32.994522
-64.606064
-23.595451
-20.001175
-28.455421
-16.297104
-42.636333
-71.69493
-72.71161
-72.53873
-69.19293
-29.627304
-19.565216
-15.13356
-38.9132
-57.18933
-39.050106
-17.929028
-54.917076
-74.84517
-84.43781
-54.554108
-65.32129
-43.31781
-36.884544
-30.41447
-11.849262
-22.530952
-42.41954
-49.40084
-54.679646
-67.05335
-63.562096
-41.88775
-16.314068
-28.077744
-18.52145
-21.840462
-64.7208
-60.247887
-57.737247
-25.824978
-47.42993
-37.512215
-40.24269
-38.44718
-10.914383
-47.211872
-57.295555
-60.615334
-65.08267
-54.035816
-13.432373
-58.452393
-21.759949
-46.155045
-65.49271
-51.55198
-70.91757
-57.591938
-56.58247
-31.994408
-30.816162
-15.556427
-23.721722
-41.779667
-66.36288
-54.85237
-65.37513
-50.40026
-26.872917
-6.901863
-46.69924
-50.759018
-56.735596
-51.99652
-53.009758
-39.60359
-46.315903
0.16031647
-41.414253
-48.697495
-44.268696
-47.10202
-23.857235
-35.05786
-18.913158
-30.42797
-28.315666
-41.911087
-32.12709
-52.99907
-23.694782
-49.483116
-33.187366
-48.16364
-38.353157
-30.595734
-44.690605
-34.358597
-43.849247
-62.32794
-60.100666
-46.026142
-41.959846
-24.57737
-10.470596
-71.349625
-63.813095
-79.261475
-73.27202
-80.713005
-51.84954
-5.081131
-39.289932
-30.780144
-27.848522
-53.88145
-24.042702
-47.43947
-46.8702
-40.61375
-40.850418
-49.12719
-32.014263
-31.784622
-40.918884
-67.82461
-58.766464
-53.173996
-42.18709
-22.964073
-40.197906
-12.66449
-61.53582
-77.35211
-21.952671
-76.590515
-51.809513
-22.694252
-37.20798
-28.945549
-1.1755753
-8.189621
-15.845608
-66.43089
-70.579025
-65.56295
-58.47515
-42.340187
-34.143005
-27.759083
-48.094067
-42.024254
-38.159748
-47.743103
-59.269127
-64.685074
-59.421543
-42.631058
-3.6451035
-6.4765015
-34.67668
-88.59311
-63.600784
-42.12247
-15.27739
-54.449524
-5.8854294
-41.003372
-39.835445
-82.81192
-86.92296
-78.53244
-9.12912
-11.637962
-56.28559
-49.677887
-84.025925
-63.95844
-23.831429
-32.117683
-2.9750824
-21.434898
-12.42347
-53.72841
-68.83747
-39.833893
-19.385433
-12.245619
-25.064892
-56.38388
-50.213352
-58.180355
-16.097395
-36.95715
-35.559174
-30.538483
-56.22921
-84.10915
-72.00031
-50.903717
-41.531143
-22.635063
-15.372795
-41.686897
-65.61964
-57.114925
-66.45833
-46.86029
-37.128983
-27.045906
-49.518185
-45.67667
-20.506622
-28.863144
-38.019585
-26.44387
-17.667648
-34.982086
-50.79091
-27.55552
-49.78607
-50.770866
-6.5978317
-46.408035
-37.329506
-40.13243
-61.92523
-18.445652
-8.3733635
-51.932205
-76.73018
-55.1334
-67.00325
-21.538559
-26.043308
-49.04703
-32.98492
-18.856949
-66.5251
-94.973976
-83.62772
-62.850143
-33.038864
-14.89801
-11.788185
-18.225662
-40.892597
-80.69742
-63.654495
-49.890656
-27.221989
-44.679256
-58.85889
-61.041233
-33.137383
-16.991592
-29.900352
-55.453545
-41.358547
-11.827693
-51.260628
-40.715923
-18.308262
-54.2677
-28.908134
-66.566315
-46.06779
-27.840479
-33.993797
-58.77546
-87.11761
-80.79109
0.9025364
19.60597
-5.3962193
-56.74881
-62.265797
-34.313965
13.489777
33.664246
-17.062576
-46.702667
-61.19393
-35.913544
-32.600693
-12.328186
-55.86283
-11.5326805
-39.843296
-54.93872
-40.469837
-83.19141
-83.81294
-72.67418
-25.222801
-5.3273506
-18.016537
-45.797318
-65.99251
-75.168144
-18.602112
-26.708313
-61.977135
-72.31382
-44.94046
-12.202896
-25.569046
-47.339943
-56.493874
-59.61931
-52.65928
-29.50724
-30.194931
-30.262184
-34.320053
-58.58008
-45.240913
-28.476067
-53.572792
-29.277748
-41.392174
-54.269302
-45.18258
-59.998924
-50.41932
-44.527245
-24.493294
-43.370136
-33.689377
-30.017868
-37.356926
-53.66399
-67.20267
-18.263016
-45.61128
-62.84498
-62.727158
-65.50227
-59.559753
-7.5554886
-25.76553
-65.85777
-65.580925
-68.7643
-73.111145
-26.1964
19.095745
-38.799194
-66.47581
-71.1693
-53.465065
-42.836197
-23.146187
-27.852856
-31.58036
-18.655624
-59.14229
-47.307293
-53.76839
-65.66518
-71.82829
-24.909943
-29.05645
-10.500084
-25.579262
-69.3781
-64.14016
-57.7886
-37.089157
-32.15986
-10.585182
-22.656563
-29.527885
-71.33621
-33.9529
-46.98743
-45.75133
-51.275658
-32.992897
-48.75658
-2.1491814
-36.26404
-36.267063
-66.90996
-38.454792
-15.940128
-36.809692
-30.260284
3.5083199
-51.990437
-57.885353
-66.68842
-1.7876625
3.8618546
-51.616447
-48.239754
-97.70338
-77.217316
-73.82366
-40.20583
0.3950348
-10.808594
-8.546356
-54.625137
-68.71811
-74.03223
-65.15389
-36.35968
-25.188808
-26.103088
-32.63906
-50.343605
-45.16021
-57.91871
-41.164566
-51.582085
-35.830814
-32.475143
-40.787743
-42.09252
-48.586563
-52.429924
-42.16133
-62.885223
-46.169495
-52.260094
-62.057007
-41.59982
-55.757744
-29.155254
-19.358093
-10.807564
-23.66084
-45.86026
-46.826767
-65.74408
-59.392406
-57.727962
-51.971596
-30.989021
-22.71196
-55.730095
-40.860336
-65.734764
-52.939636
-51.914
-63.775955
-51.74572
-48.035748
-63.68937
-66.28105
-32.99813
-40.366993
-28.419926
-34.763077
-61.566383
-67.10064
-56.43991
-66.644714
-27.208096
-48.370758
-52.08758
-48.100094
-22.879807
-36.463814
-44.451023
-28.702877
-32.388477
-39.216503
-36.020462
-61.177177
-60.129433
-55.934406
-40.629623
-47.61674
-59.767036
-42.76203
-38.30686
-25.516628
-57.408966
-55.74398
-52.94303
-64.935425
-52.88212
-8.862305
-54.9769
-46.62539
-60.45991
-49.465744
-37.934715
-21.227058
-15.146957
-36.167694
-51.757816
-8.614693
-24.996265
-30.470505
-24.168747
-43.01378
-54.68702
-53.618332
-29.163422
-42.392307
-15.194992
-5.498291
-35.479874
-68.18869
-85.062004
-73.38629
-59.573368
-32.19
-5.1792374
16.219688
-74.928665
-65.66296
-83.540405
-47.092094
1.9095001
-58.303688
-73.88028
-47.8088
-43.964127
-19.487392
-11.785713
-16.00035
-38.042084
-74.79616
-79.178055
-44.04902
1.3256569
-26.384468
-22.477905
-25.215237
-93.86172
-68.67969
-63.81292
-17.657764
-9.759842
28.166176
-57.173244
-51.813187
-80.25684
-46.401154
-67.30727
-19.474976
-25.478882
-46.297928
-41.978485
-96.496544
-50.264862
-39.602325
-14.275604
-16.249718
-61.485916
-62.182602
-60.27919
-54.31569
-16.183083
-20.889381
-48.55764
-60.964115
-47.637314
-68.16478
-59.926346
-65.414024
-51.535988
-26.09552
-1.1352081
-39.261562
-23.873234
-70.940796
-72.36347
-68.64993
-55.235573
-36.897335
12.398563
-16.416763
-32.361572
-47.250713
-35.39811
-34.543533
-23.18172
-45.490616
-26.958687
-20.698147
-59.92727
-39.422802
-33.50042
-50.259808
-37.393887
-28.238464
-26.893883
-49.20061
-68.726036
-91.8044
-76.70414
-34.825474
-68.89227
-78.18622
-59.712246
-23.34541
-24.897205
-21.793678
-37.905144
-31.244442
-51.73319
-58.98677
-34.699474
-39.0536
-62.007317
-40.73876
-39.472458
-9.804192
-39.19437
-63.759796
-67.83194
-66.357254
-23.90638
-19.68605
-31.232101
-42.74167
-37.72355
-48.925724
-72.32124
-62.786667
-50.822582
-57.287544
-27.229614
-12.87941
-19.07721
-44.44902
-52.345634
-52.546165
-75.06954
-72.37224
-47.74894
-19.450462
-17.670609
-22.213497
-16.576561
-38.631905
-50.15691
-56.194336
-53.595615
-37.398262
-27.280296
-12.547974
5.688263
-41.076782
-37.953606
-61.62205
-43.942055
-39.094833
-21.90342
-15.790768
-37.951668
-62.49793
-53.79966
-57.04002
-52.64215
-49.416367
-53.681244
-30.761436
-14.448288
-5.2569427
-75.26857
-76.952484
-59.671925
-50.41443
-35.917862
-28.069733
-21.023933
-35.73239
-34.605698
-56.381573
-52.48217
-57.0867
-58.002472
-38.258575
-34.49588
-39.792152
-37.746902
-24.002148
-69.07828
-53.85402
-62.02929
-75.63672
-70.03883
-55.34725
-50.587257
-14.720268
11.365265
-39.32287
-49.470562
-47.629436
-70.29277
-64.08392
-36.838066
-17.255447
-19.628735
-30.75661
-40.021336
-25.660713
-40.14159
-63.789734
-49.79123
-67.05261
-53.07289
-26.74939
-30.230621
