15100.486
12560.641
8032.4326
6223.055
5435.876
4957.451
4595.3086
4292.865
4027.2761
3770.5942
3551.39
3355.3555
3177.755
3026.667
2883.6372
2761.1985
2645.1016
2538.941
2432.5845
2329.4685
2228.5205
2132.2244
2046.1443
1960.3889
1878.1467
1802.908
1732.2712
1665.0005
1605.0742
1544.8457
1492.6602
1441.6531
1392.2404
1350.8761
1307.354
1267.5754
1230.9706
1193.2849
1160.1023
1127.992
1095.9895
1066.6
1035.8264
1008.0469
981.12915
955.4943
929.5203
904.74744
881.61456
859.006
837.57526
816.34717
794.9405
774.8861
755.1478
737.0824
719.1709
700.2336
684.256
666.2621
649.28564
633.91364
617.4958
600.887
586.3706
570.02856
554.7493
539.7216
524.60876
510.18066
495.30347
480.9948
466.33167
451.97397
439.23688
424.46478
410.8254
397.77966
383.52298
370.2832
357.28
344.72516
331.52222
319.4126
306.69653
294.54892
283.36328
271.28802
259.71167
247.6325
236.87689
225.49802
215.48877
203.99959
194.48007
184.32419
174.21071
164.3063
155.21544
145.60489
137.55022
127.847015
120.70682
111.850815
104.04873
96.89679
89.365555
83.67003
77.45598
70.970215
64.352066
58.920788
53.338974
48.209404
43.1336
38.36206
33.701275
29.869543
26.480885
22.794525
20.165596
16.22982
14.197081
10.730663
9.29916
6.8337097
4.7308254
3.6523743
0.7783737
-0.50081635
-2.393074
-3.349514
-4.7568817
-5.6915245
-6.799404
-6.547306
-8.350662
-7.594883
-8.243168
-8.946968
-8.571518
-8.419525
-9.151264
-9.649799
-8.85384
-7.9387054
-9.528461
-9.112999
-8.362381
-7.8576202
-7.561985
-8.458378
-7.783779
-7.17181
-5.753937
-6.426834
-6.4581146
-5.997135
-5.6130753
-5.3630714
-2.8164444
-4.2232094
-4.653816
-4.4867287
-3.7993279
-3.7995605
-3.0289803
-3.0849
-2.2908401
-2.3660774
-1.921238
-1.416336
-1.7839661
-1.3857193
-1.4035797
0.1722641
-0.81736755
-0.865448
-0.28858948
1.4441147
-0.08190918
0.3848915
0.30078888
0.21895218
1.2001762
0.3937645
1.4393444
2.6140385
0.7814026
0.7009506
0.26218224
2.2751637
1.3490715
1.0493584
1.4469109
1.8601398
0.9961052
1.6917458
1.0480499
1.4385204
1.2159996
1.2483215
1.0576668
2.1082478
1.155014
1.3018761
0.72743034
0.6336746
1.050911
1.3962746
1.2226391
1.1213284
0.60261536
0.6966095
1.3675995
1.3922462
0.9244194
0.5598774
1.2992172
0.7936554
0.9215584
0.6916008
0.59505844
0.34387016
1.0835037
1.534853
-0.10585785
1.5485153
0.55485153
0.6748848
0.36083412
0.7752876
0.51639175
0.51037216
0.18971825
0.8671913
0.40359497
0.21677399
1.1447392
1.1040001
0.3502922
0.7201538
0.32875443
0.6473808
0.6662407
0.9266281
0.44997787
0.3867073
1.4168854
0.16637802
0.2880478
0.4678154
2.1121063
0.33691025
0.77973366
1.6032982
0.6009979
0.26664734
0.9880333
1.3604469
-0.11802292
1.5349007
0.6325779
0.61699295
0.97795486
1.1935806
1.6328125
0.061367035
0.99235535
1.0847816
0.8917999
0.41676712
0.1598587
0.38331985
0.38695335
0.86408234
1.095808
0.8503113
1.0328579
1.1403122
0.34058952
-0.034622192
-0.026081085
0.42394638
0.52622604
0.27415657
-0.21068764
-0.104551315
0.14090729
0.39372635
0.57520676
0.8285103
0.99622345
0.40979767
1.7824898
-0.14290237
0.44234085
1.0156593
0.5344887
0.7570152
0.11940575
0.57481384
0.7081299
0.15954208
0.74996567
0.37593842
1.0093975
0.72930145
0.917305
0.50153923
0.5972729
0.4540062
0.2806015
1.0368328
0.5707283
0.37402725
0.5090656
1.8287754
0.35107613
0.7525978
0.24991035
0.34998703
0.47629547
-0.03143692
0.29668808
0.3895092
0.28667068
0.1330719
0.8143158
1.064291
-0.09937668
0.70025253
2.409315
0.5698166
1.0732479
0.32053375
0.64788437
0.74287796
0.13526726
1.0663528
0.12155151
0.6124573
1.3158588
0.6226864
0.70106506
1.0224686
0.9850502
0.50156975
0.33771896
1.9446087
0.21776962
-0.0069274902
0.68815994
-0.052345276
0.6319809
1.1346855
0.57686424
0.20879745
0.26001358
0.6898613
0.9400749
0.7225151
0.37017822
1.0602818
0.6657181
0.4342041
-0.20287514
0.45225716
1.1773262
1.0227318
0.33022308
1.1543827
0.12804985
0.22259521
1.2885246
0.3399582
0.5431633
0.29781723
1.1014652
0.65006447
0.14694405
0.8025322
0.62107086
0.32523155
1.6763306
0.27093506
1.178196
0.33427048
0.6590233
0.6283531
0.5116577
1.1673241
0.79797363
0.44958115
0.46263695
-0.10114288
2.5031586
0.4669075
0.9611435
0.7042351
0.34644318
-0.31482697
0.4907589
-0.17333984
0.8307018
0.43190002
0.46417046
0.45039558
0.1281128
0.5613556
0.7431221
0.70227814
0.13350868
0.7952652
1.0944862
0.13325882
0.2736435
0.2141571
0.76052856
0.12829971
0.23160172
1.2839355
1.2009239
0.59199524
0.39468193
0.5132923
0.8840809
0.3105755
1.3530464
0.075401306
0.7813873
0.50017357
0.6126652
0.6977787
0.5558052
0.5166435
0.90611076
1.3770485
0.34111214
-0.11991882
0.3307476
0.10098076
0.9323578
0.9798012
0.27106285
0.42857552
0.3538227
-0.15841675
0.22013092
0.019079208
0.109996796
0.35019493
-0.25981522
0.1974678
0.2269268
0.5805931
0.52983856
-0.08461571
0.16981888
0.19198418
0.49277687
0.040164948
0.3562622
2.4675407
0.42892456
1.2096825
0.3453064
0.19574356
0.25515938
0.7799511
0.12066269
1.2041473
0.17899323
0.9519882
1.1251526
0.49131775
0.36262512
0.30887985
0.2601967
0.09218979
0.0016746521
0.8572006
0.6358185
0.21064377
0.56412506
0.106163025
0.42200089
-0.14896774
0.6407509
0.6609535
0.39236832
0.33833313
0.6599674
0.5330391
0.20203781
0.3645363
0.4286461
0.7307625
0.4349842
0.9353447
0.24510574
1.1611099
0.6469536
0.9150734
1.0184307
0.5233574
0.749506
0.8812561
0.7816467
0.15421486
0.665329
0.21522331
0.84046745
0.5528698
0.6224747
0.19343567
0.19621849
0.6209259
0.5809269
0.3373947
0.8427887
-0.075172424
-0.045339584
0.1026268
0.36576843
-0.22676277
-0.28360367
0.47078133
-0.011638641
0.86515427
0.18200302
0.44898987
0.51109695
0.25325394
0.44542694
0.94641495
0.118686676
0.3206215
0.25768661
0.07770538
0.49126816
0.12472916
0.2345314
0.7726593
1.6228142
0.25382423
0.22531128
0.7199974
-0.016716003
0.3987484
0.6403885
0.59425735
0.33034134
-0.063007355
0.5718155
1.0023823
0.4009838
0.19453621
0.9178848
0.7582493
0.419199
0.7533245
0.42098618
0.06941795
0.5225868
0.6524544
0.6471367
0.3787918
0.13752365
0.3493042
-0.0050811768
0.45009232
-0.049404144
0.8502426
0.55184174
0.1210556
0.58558655
0.16053772
0.049627304
0.9041672
0.64731216
0.80573845
0.8955345
0.14595413
-0.2728443
0.39404678
0.3373928
0.89130783
0.42533493
-0.11112213
0.8242035
0.5044975
0.6177597
0.07381439
0.06425285
0.29136086
0.037944794
0.6509361
0.41005516
0.4165535
2.4125366
0.8735256
0.31991196
0.32629013
0.59339714
0.9332123
0.07086563
0.5416832
0.0021705627
1.6259155
0.054691315
0.5127983
0.9786415
0.26641846
-0.23027611
-0.318985
0.010105133
0.34387207
0.52093506
0.47887802
0.32410622
0.60609436
-0.23662567
0.02270317
0.65855217
-0.15652275
0.39108276
-0.031455994
1.8444424
0.17364502
0.82164574
-0.046613693
0.20397758
0.6163521
0.954998
0.4291439
-0.064460754
0.7085495
-0.12527847
-0.17760086
0.44343567
0.33738708
0.37949753
0.489336
0.2810669
0.03227234
0.6001053
0.83992577
0.81389046
0.21689987
0.5158081
0.6840019
0.16358185
1.0991364
0.6137047
0.2741394
0.18891525
0.29948997
0.76942444
1.4588852
0.20866585
-0.1413765
0.54737854
1.1956367
0.8801079
0.21883774
0.107421875
0.8946972
0.31644058
-0.17364502
0.48931885
-0.16296005
0.15964317
-0.009527206
0.096508026
-0.3877678
-0.16358757
-0.069934845
0.24579239
0.21922302
0.48135376
0.077121735
0.47450256
0.4055519
0.9429836
1.2726803
0.44270325
0.6223011
0.47824478
0.45871353
0.3477249
0.33838654
0.07264137
1.183197
0.5480652
-0.0002746582
0.5703354
-0.18043137
0.6116333
0.36289787
0.1997261
0.11673355
0.3792076
0.3769226
-0.14702225
-0.061767578
-0.04853058
-0.1949501
0.77843285
0.62293434
0.44792938
0.4172516
0.05361557
2.9386559
0.64292145
-0.03912735
0.012214661
-0.2503395
0.25422287
0.15922165
0.5969124
0.20943451
1.2536926
0.6081581
0.14211655
0.13258743
0.05858612
0.2554245
0.22738647
0.8751259
0.10013962
-0.25219917
0.9041424
0.48522377
0.8401375
0.5469589
0.37381744
0.12649918
0.02526474
-0.23286057
0.21069717
0.76148605
0.45466614
0.884367
0.5855789
0.029485703
0.8612995
1.2372513
0.031414032
0.73369217
-0.16775703
0.52739334
0.06656647
-0.33810806
0.45064163
0.078819275
-0.09564972
0.3551407
0.32362747
1.0291939
0.80272675
-0.5252991
1.693634
-0.205616
0.3290081
0.11138725
-0.19722366
0.49080276
0.74066544
-0.06951332
0.041446686
0.1777649
0.23534012
0.003868103
0.0115737915
0.1901207
0.28844643
-0.07971954
0.7040367
-0.20236588
0.60388565
0.18004608
0.23904228
-0.30494118
0.60871124
0.19833755
0.043117523
0.99858475
0.48165894
-0.0075950623
0.9265747
0.7142334
0.22679138
1.3608208
0.21938133
0.9981594
0.30656815
-0.028785706
0.02949524
-0.10077667
0.053258896
0.09166336
-0.007299423
-0.3595333
0.69488525
0.17187881
0.31254578
0.3514595
0.020616531
1.1447372
0.6731224
-0.0875721
0.058725357
0.3474884
0.6188755
0.5898113
0.0054893494
0.023115158
0.086969376
-0.18944359
-0.05272484
0.2106247
0.4723816
0.20991516
-0.18740273
0.18270493
-0.52495575
0.24923325
0.49744606
0.28286743
0.20069885
-0.011922836
0.05778122
0.17420197
-0.1550293
0.12911034
0.24442863
0.60957336
1.3118591
0.66609955
0.5789604
0.6213646
0.67861557
-0.15322304
1.3728561
-0.10961914
-0.046512604
0.3310318
-0.02903366
0.9264717
0.26311493
0.25190353
-0.16742706
0.061655045
0.527092
0.24367714
0.08372879
0.9518852
0.1401329
0.6176338
0.7342777
0.65714073
1.1260719
0.05675888
-0.1882515
0.09547615
-0.2474575
0.08848572
0.5936928
-0.30734253
0.23731613
0.19493675
0.19192123
-0.056797028
0.58545876
-0.22439957
-0.2767105
0.9178448
0.10785675
-0.22802734
0.1750927
-0.24855042
0.23897362
-0.31845665
0.21626282
0.57564735
-0.06283188
1.0018597
0.21856117
0.85233116
-0.021162033
0.3474617
0.1817112
1.0605507
0.6464691
0.2019043
0.1690197
0.61764526
-0.04695511
0.15917587
0.44533157
0.46301842
0.15431595
0.22875214
0.035957336
-0.11704254
0.59750175
-0.22914886
0.855217
-0.14818573
0.21486664
-0.18828392
0.17754745
0.60497284
-0.08594704
0.2684269
0.45424843
0.5539074
0.29670334
0.5640297
0.29922104
-0.05596161
0.023990631
0.4334755
0.107803345
0.45718765
0.08750534
0.15698433
0.22076797
0.1656971
-0.35269737
0.42750168
0.27148247
0.0029010773
0.2250557
-0.09127045
0.18073845
-0.16299438
0.85277367
0.27945328
0.4637947
0.57175064
-0.43152618
0.34005356
0.82962036
0.60608864
1.0386219
0.025440216
0.6767845
0.2555771
0.44161415
0.13370895
-0.21868134
0.08983612
0.00047302246
0.33189774
0.76587105
-0.005760193
0.16719246
-0.024152756
-0.029518127
0.39356804
0.5999775
0.3792305
0.21069908
0.33425903
0.9624901
0.12029266
1.7298126
0.38791847
0.1941719
-0.3006382
-0.8241081
-0.08511543
0.150383
-0.13585854
1.1856518
0.4333191
0.08620834
-0.040699005
-0.40769958
0.03793335
0.021419525
0.24072647
-0.5791397
0.015892029
-0.24460983
0.19902802
0.16895676
0.52149963
0.18170738
0.30457306
0.47621727
0.5254364
0.31896973
-0.20703506
-0.13824081
0.8978329
-0.17985916
-0.014736176
0.8102455
0.19149399
0.16391754
0.43421364
0.24414062
-0.065504074
0.33428383
0.4396515
1.0752983
0.38523674
0.7911205
0.4547615
0.68507385
1.1484127
0.33857346
0.11414909
0.16078186
-0.3561058
-0.18040848
-0.12591934
0.089286804
0.046333313
-0.19272041
0.2795868
0.38170242
0.49712753
0.0773468
0.17899132
-0.1441307
-0.30247498
0.41086578
-0.29616165
-0.033094406
0.48929596
0.3254547
-0.127594
-0.24794579
0.13054657
0.40825462
-0.08785629
0.029071808
0.6224251
0.28562927
-0.56472397
0.69213295
0.5100517
0.46106339
-0.017250061
0.34604263
0.03048706
0.5260925
0.060001373
0.06315231
-0.067214966
0.046180725
0.14972115
0.33496094
0.33886528
0.14526367
0.7715683
0.31163406
0.39787292
0.43391037
-0.04834938
0.72294617
0.34052086
1.1773777
0.00970459
-0.24552536
-0.11805725
-0.7196121
-0.03284073
0.9613209
-0.20196152
-0.31669807
0.74215317
0.22402954
0.052204132
0.36115646
0.4779606
0.2262001
-0.044010162
0.016511917
-0.36395264
-0.41231155
0.4746933
-0.043308258
-0.009609222
0.046310425
0.66269684
-0.016494751
0.6302872
0.0974617
0.08020401
0.7629852
0.8325043
-0.02256012
-0.045671463
0.49371338
0.5444374
0.063302994
0.22328568
-0.33548164
0.003818512
0.029506683
-0.23019028
0.49056244
0.3684349
-0.22183228
0.16252899
-0.047174454
0.48581314
-0.16024017
-0.15769386
0.23065186
0.4129982
0.6152134
-0.07992554
-0.35316086
-0.0048103333
0.023391724
-0.018428802
0.43535614
1.0007973
0.028457642
1.2769432
-0.18082237
0.052246094
0.10592079
0.09426308
-0.03492737
0.34835052
0.11112976
0.4401703
-0.22758102
-0.035575867
0.29702568
-0.24910355
0.24256516
0.00825882
0.031885147
0.6130676
0.12608147
0.26382256
0.030891418
0.9584656
0.7667885
0.29699326
0.2808628
0.6393528
0.17732239
0.6597767
-0.24697113
0.91090584
0.36525154
-0.27646828
0.4246559
0.0338459
0.008729935
0.18501663
0.0052547455
1.0870247
-0.08797836
-0.107494354
-0.48947716
-0.48416138
-0.67734337
0.30409813
0.006011963
0.1737976
-0.6092529
0.38288498
-0.33184624
-0.029504776
-0.3141098
0.3221054
0.23773956
0.35616112
0.12316513
0.51016235
0.7780342
0.32362747
0.04494095
1.6204205
0.60850143
0.104141235
-0.06475067
0.26875305
0.15398788
0.007926941
-0.216959
1.1503029
0.6387882
0.1785965
-0.09852791
0.36153793
0.49848557
-0.40410042
-0.0142707825
-0.10715866
0.503582
-0.24211884
0.0026893616
-0.46227074
0.33975983
0.2970848
-0.017658234
0.08147812
-0.23615646
0.18970108
-0.25268555
-0.16657639
0.25060654
0.19184875
0.6186123
0.57764435
0.22402191
0.43413353
0.5438614
0.35960007
1.4605103
0.09615326
0.137249
-0.12240982
0.30870056
0.7448082
-0.315979
-0.30981064
0.19231796
-0.3617916
-0.5478325
0.5086708
-0.5934868
-0.37687302
0.48913956
1.1110859
-0.33646774
0.1278534
0.106033325
0.4001274
0.40791893
0.016813278
1.2204132
0.055259705
0.11003113
0.4948578
0.49308777
0.61310196
-0.041122437
0.3021431
0.71430206
0.5657711
0.111881256
0.44850922
-0.22314835
0.015058517
-0.30096245
-0.6456051
-0.7896557
-0.27414703
-0.701931
-0.40722275
0.55794907
0.066207886
-0.6594734
-0.24422073
0.9315033
0.23711014
0.43021393
0.17264748
0.5384197
0.53684616
1.1352768
-0.01720047
0.5070915
-0.3029518
0.4312973
-0.1515503
0.063373566
0.5722008
-0.19730759
0.10984039
0.5066719
0.3458557
-0.35825348
0.060760498
0.017028809
0.30303192
-0.13908195
-0.25458145
-0.529335
0.7520256
-0.11432648
0.7850075
0.12913704
-0.5351105
-0.16558075
0.39219284
1.2700329
0.17849731
0.06531906
0.00019073486
-0.44750404
-0.1892128
-0.2753353
-0.05048561
-0.055646896
0.17073822
0.24349213
0.80400085
0.16222763
0.5571766
0.51999664
1.3053646
-0.33098602
0.5966339
0.21800995
0.5324421
-0.012897491
0.19223404
-0.92450905
-0.5361595
0.47658157
-0.9799156
-0.46951866
-0.099515915
0.23583984
0.109537125
-0.210289
-0.4717617
0.25578308
1.1355476
-0.43286896
0.09664917
-0.5730953
0.24264336
0.071712494
0.93312836
0.046726227
0.261755
0.15273476
0.9115505
0.68779755
0.6278763
0.65060234
-0.10150528
-0.25317574
-0.5083046
-0.17609024
0.65724945
0.22126961
-0.18616104
0.27231407
-0.39465332
0.3471985
-0.711998
0.4396515
-0.30561447
-0.290905
0.46598816
-0.42051697
0.10015488
-0.68294907
-0.795887
0.13173294
-0.8265915
0.8208275
0.4472313
1.0432472
0.9034977
-0.13549423
0.8717232
0.3596363
0.42793274
0.8231945
0.6045494
0.511837
0.4543209
-0.003250122
1.063509
-0.24189758
-0.9910221
-0.7012825
-1.2588062
-0.7401695
-0.041168213
0.14486694
-0.5355644
-0.21452713
0.032218933
-0.08667755
-0.17737961
0.7908592
0.20004272
0.5957546
0.42955017
0.2820816
1.2702255
-0.47865295
0.7535553
-0.14322281
0.9596977
0.11066055
0.6112461
-0.4779663
-0.20087051
-0.029193878
0.15755081
-0.23378372
-0.37952423
-0.40127182
-0.12455368
-0.27781296
-0.03755951
0.57912827
-0.4138565
0.8514557
0.54548264
-0.7375965
-0.102903366
-0.12623978
-0.043899536
0.37425613
0.59396553
-0.43354225
0.3306694
-0.29356384
1.3956585
0.11003113
0.476326
0.30919456
-0.5972576
-0.4226055
1.1283722
0.23496246
-0.16674805
-0.9084797
-0.009571075
0.037374496
-0.23736572
0.053375244
0.41757584
-0.28162766
-0.36572266
-0.26127625
0.7288017
0.16202545
0.6912422
-0.06797409
-0.6180382
-0.20228195
0.62246704
1.0964546
0.051607132
0.3918209
-0.29035187
0.86434555
0.9570656
1.1416588
-0.6208706
-0.33961105
0.23540115
0.14727211
-0.5265541
-0.3395481
-1.5463829
-0.08999634
0.024894714
0.5464096
0.031885147
-0.5317688
-0.3716793
0.40503502
0.94721985
-0.5687313
0.27825546
0.6538811
0.27279663
0.32265472
1.8702412
0.61240005
-0.28300285
-0.22851944
1.271656
-0.37085724
0.2421341
-0.35536575
-0.9854183
-0.589201
-0.8491173
-1.0490723
-0.99243927
0.5198631
0.92022705
1.5327663
-0.43925667
-0.25584602
-0.3929062
-0.37633324
0.5638046
0.4059105
-0.21274567
0.50850296
0.2701645
0.37395477
-0.38341904
0.97873116
-0.66633606
0.7501221
0.76582336
0.5534191
-0.35797882
0.92585754
0.37016296
-0.50193787
-1.098032
-0.43022346
-0.12908936
0.47950745
-0.78466606
0.48316956
0.90668297
0.23831177
0.6134834
0.71292114
0.91038513
0.11691284
0.38182068
-0.38101578
-0.6435528
-0.1625576
-1.0776062
0.41918182
-0.67993164
-0.63749886
0.4435959
-0.38336945
1.446743
-0.098083496
0.15755653
-0.2885208
-1.0044346
-0.15504837
-0.28262138
-0.016929626
0.43836403
-0.9231262
-0.12887573
-0.1390686
0.010879517
1.4543877
-0.2939186
-0.18063164
0.08607483
0.7788372
-0.58502007
1.0797691
0.7583561
1.3449783
-0.059322357
-0.48711395
-0.19010925
-0.6079731
-0.14929962
-0.5917473
-0.43829536
-0.12129974
-0.48594666
-0.42002296
1.2165184
1.0749855
0.856369
-0.17045593
0.19947433
0.31871414
-0.13412476
-0.20979309
0.17962837
-0.105033875
0.3866577
-0.49526215
0.070207596
-0.30179977
-0.18333817
-0.3396721
-0.9689789
-1.5094032
-0.5643501
0.6207924
0.9960861
-0.38827896
0.5910263
0.1661377
-0.003824234
0.9589195
0.31642914
0.63734436
1.2739677
1.0883598
0.041381836
-0.68112564
0.55825424
0.44490433
-0.4711342
0.10607147
-0.9800606
0.4504814
-2.090042
0.0046081543
0.772007
-0.8699951
-1.2094879
0.7128811
1.2653351
0.8760414
-1.0446625
-0.18730164
0.21879196
0.9513664
0.22208786
0.7299576
-0.14744568
0.6602402
-1.0361977
0.23477554
0.050628662
-1.8269081
0.85396194
-1.0529594
2.285553
-0.7959175
-1.1537247
0.43894196
0.90390396
0.24876022
0.04220581
-0.23537064
-1.0340195
0.11166
-1.402626
0.57522964
-0.5403595
0.032611847
-0.3837471
1.0976372
0.29121017
0.83200455
-1.8371735
0.3988533
-0.6847725
1.6047401
-0.00030517578
0.76511765
-0.44660568
-0.6117058
0.39297867
-0.3271942
-1.0027313
-0.43968582
-1.7460938
0.24417114
1.1781502
1.8459625
0.5639496
1.2581902
0.24697495
0.028453827
-2.058155
0.06772995
-1.1219063
0.86074066
0.014247894
-0.7071419
-1.3405304
-0.62633896
-1.2586517
0.7548065
-0.75263214
0.55815506
0.80744934
0.8709717
1.1078415
1.1199532
0.62693024
1.8372841
0.7987938
-1.0154991
-1.42453
-1.1040344
-0.17596054
0.22795105
-0.2148819
-0.03629303
-1.5072899
0.20888138
-2.6844902
0.3242874
-1.0514565
1.2051239
-1.9293213
1.1554604
0.5196152
1.5447273
0.50562286
1.5469322
-0.8678627
0.035312653
-0.0032691956
-1.2249527
-1.3145409
1.0026436
-0.44366837
0.12957
1.0345764
1.8818398
-1.5359688
2.1059036
0.34597397
1.5194511
-1.972992
-1.1483879
-1.8521881
-1.1903343
-0.38890076
0.18191528
-1.0483017
0.7025604
0.70070267
-0.38835526
0.8860321
0.003200531
1.65868
0.07533264
-1.917244
1.1916351
-0.42906952
-1.0083504
-0.74817276
-1.2101402
0.8315773
-1.4532471
0.31165695
-0.36325073
0.4255104
3.0702248
1.0102043
-0.20807266
-3.2254257
0.3002739
1.5448914
-2.375019
-1.9897499
-0.5913582
-1.2954712
1.554451
-0.7488899
0.85458374
-2.2242851
0.5345535
2.7667847
1.00457
1.4452782
-1.5091171
1.4613457
-1.3302002
2.6329308
1.5820427
1.6898994
-3.027008
-2.7221985
-1.7437668
-2.1601677
-2.94973
0.044662476
-1.6714973
-0.9407463
1.6459007
0.154953
-0.21738815
1.7609062
2.3147774
1.8170128
-0.48563385
0.8127289
1.1230125
0.21749115
-1.0641747
0.07351303
-5.084667
-1.4090157
-0.75719833
0.8122635
-2.6433487
-0.4999466
-0.079208374
2.6757812
1.6845055
0.9300041
0.061088562
-1.660511
-0.48783875
0.6620903
-1.177784
1.550621
2.3235016
-1.3739128
-0.63983536
-0.3591652
-2.085781
-1.3263779
-1.359787
-0.48062897
-1.787632
1.6985893
-0.23127747
2.6051216
0.75281906
-0.4180336
-2.6853867
-0.026554108
0.44813538
-0.5168457
-1.849247
0.80524445
-2.2676811
1.6064835
3.7885284
-1.2960548
0.603775
0.18139267
-0.9842987
-1.4697914
0.5316849
-2.1399002
-4.503647
-0.37054062
-2.3431625
-1.2023315
-1.0268135
2.8020515
3.4811287
0.19146729
1.2098427
3.2612877
0.6817093
1.014965
-3.9908638
-2.9863586
-1.4921799
-0.48236465
-1.4300613
-1.7492142
-1.6136627
0.03129959
0.09657669
1.4381828
-0.6594124
2.367302
2.8609161
-2.8061218
-0.42935562
-0.39478683
-2.0054016
0.97888184
-1.457489
-4.613903
0.16850662
0.36927032
-0.23746872
-1.130516
-0.97240067
0.5905304
-1.5364647
1.0145645
-1.0324593
1.9060669
3.3846703
1.3482246
-3.6610947
0.6257973
-1.1117668
-1.6530266
-3.0342712
-3.6878204
-0.45602036
0.78526306
-0.75273514
1.0694847
1.4890366
-0.28414917
-3.261509
2.2029762
-0.8800812
-1.8782616
-3.1359253
0.71782684
3.174984
1.966114
-1.1392632
1.9453049
-1.8631821
-3.598835
-1.1462898
0.24416351
-4.9931183
-2.2527428
-3.387886
2.8820724
-0.2708435
-1.5935783
1.2767334
0.087501526
2.1276398
3.0797882
-4.419941
-2.9091644
4.332039
-3.363556
-1.8635864
-1.4101448
-0.5852661
-2.9608765
0.5972595
3.0149002
1.74506
-5.205017
-0.0814476
-3.4460258
-2.5441132
-1.481617
-3.641842
-4.180519
2.9265938
-2.592331
4.0478973
5.5687027
-0.17785645
-4.766857
-1.2971268
-0.8456116
4.1121597
-7.9991226
-6.6267166
-0.7488022
2.5734596
1.1269226
3.7599373
-4.9468
0.57224274
-1.8250694
-4.3154984
2.4905968
-2.714119
-1.0796356
5.264908
-3.774109
-3.0933418
0.17174911
-0.81425095
-6.310993
2.622921
0.90631485
1.586525
-0.6583481
-4.9462814
-0.2736702
-4.096794
-0.21467209
-6.4364815
-5.5707016
2.9156685
5.9478264
7.485302
3.7909546
0.3229599
-4.0243073
-11.389168
-7.042427
-1.7895966
-10.259819
-0.08364105
0.32022095
0.3128662
-1.3127441
4.05875
-2.3274078
7.601082
0.030155182
-9.511642
4.1047707
8.230003
-10.602024
-7.3006973
2.1668167
-11.631767
-2.1481438
-3.69207
-6.378826
5.947773
8.946777
-0.18748474
1.699192
-5.6540833
-10.669563
-12.880199
6.7584763
-1.7285919
-3.3264656
8.48135
-7.23423
-6.9581947
-2.179222
0.9668083
4.6193314
9.937656
-8.902683
-6.9257812
-7.598606
-8.422306
-4.0548325
-0.016143799
-3.2431145
-4.2222786
3.8531647
9.776234
8.354385
1.193306
-3.522007
-13.465424
-8.177311
-21.09172
-13.440712
-4.748455
19.3852
8.54985
7.005745
2.8376808
-5.159786
-15.635063
-10.956821
-2.94981
-2.44355
-3.6697884
-4.7148743
-14.995079
3.2141304
11.1994095
10.689209
-3.4686317
0.33654404
-9.150421
6.9925766
-7.8550987
-19.578712
-14.84655
2.4316902
2.9822464
-4.046398
8.849342
-3.401085
8.550812
0.61515045
-1.3191452
-3.4814758
-14.304806
-26.985897
-17.428848
6.103428
9.102131
0.5803108
11.438675
2.6817245
0.71482086
-15.203659
-12.521435
1.2763786
-6.7957115
-8.432686
1.9446869
1.744278
7.3629417
-2.5555115
-14.015785
-4.1508026
-20.786827
3.3794174
-3.3136024
-8.278225
12.193275
4.692482
-27.538486
-7.3997574
-1.4557686
-6.492569
6.970978
18.780128
-7.6917343
-4.7216797
-10.529713
-19.648216
-8.426327
18.45282
16.41383
-32.74358
-16.178009
-21.268162
-29.639015
13.674786
15.236588
17.321705
-6.0896034
5.8674393
-17.40533
-20.013641
-28.415165
-28.96463
-29.470901
8.7272
35.201084
-1.0508957
3.0227242
-19.576595
-27.600845
6.0806236
9.832249
-22.146492
-38.40219
-27.653793
13.665478
23.024334
10.799313
5.1475716
0.73218155
-2.675003
-51.62695
-20.456268
-20.66626
-14.838856
-10.732304
0.09885025
6.7048225
2.802288
18.061043
5.367775
-0.09749603
-25.033615
17.709076
-17.697231
-24.330547
-15.31255
-8.942661
-11.832024
-2.0530624
3.9098663
11.407997
-7.8854904
20.16663
-19.013378
-23.76374
-29.002594
-4.130234
0.28205872
2.0916061
-22.885422
-27.462505
-9.486763
2.3798409
33.2516
4.3624344
-9.646759
-11.465515
-10.656601
-45.41913
-20.050499
-6.733158
-24.106937
21.808922
49.218178
7.1716995
-41.71938
-23.765102
-26.749313
-24.244152
-14.823296
14.751484
7.52446
-4.7835197
14.686054
1.1038399
-30.876759
-27.038536
-11.253887
-6.0331306
8.191803
-16.318844
8.889366
-3.0963516
-23.22194
12.728767
-10.6537895
-40.24308
3.42107
-6.022434
-6.552204
-27.31009
-0.0591774
-0.4182968
-7.7584305
-8.751781
-1.7649231
11.642628
-19.300777
-39.4541
-35.829796
-13.323807
18.171265
20.725956
-27.041588
-6.5270653
-7.045891
-19.333763
-3.4580765
-1.1805191
-10.811039
3.366394
-22.709831
-28.252792
16.166351
-6.6742744
-12.023067
-36.776436
-22.273327
-34.904274
21.864338
49.017036
-9.739643
-30.254257
-10.13895
-9.476139
-39.86908
-25.950844
-17.616047
4.298767
-11.92783
8.95668
40.423294
4.3328667
-59.264908
-46.572147
-67.53253
-37.33103
31.576435
24.436062
44.738213
14.45303
-32.34318
-15.975731
-36.767197
-37.71263
-19.496578
-7.815098
-16.268072
-8.665184
6.918911
9.45747
8.71965
16.499104
23.464314
-6.4611855
-12.499134
-27.018703
-10.093925
-24.365417
-27.292099
-6.8025513
2.8262482
-13.45726
-9.138481
-16.619553
18.466923
12.123623
18.978855
-19.83088
-27.96085
-45.66021
-42.413345
-41.49005
3.0660858
44.913002
15.791275
20.849533
-30.597527
-28.26519
-19.979942
-53.597977
-35.953995
-31.505539
-10.033936
25.714909
13.3726425
14.702728
-6.1103783
-11.913738
-4.054878
-22.8134
-28.01733
-1.5816154
-29.412338
-36.363724
4.820648
-10.972721
-4.7975693
3.9003334
-7.435528
19.588432
-13.509678
-25.53569
-9.992619
4.6931534
-23.448895
-19.297695
-19.469196
12.131149
-12.876041
-11.73341
20.547832
-11.424301
-0.17249298
-27.679417
-26.40355
-23.591991
-47.08994
4.2369614
55.18121
1.9869843
-3.1996994
-25.174358
-29.759243
-29.804684
-22.984829
-30.250961
-13.730499
10.062065
5.5342026
-9.703018
-1.2767639
-20.324104
-33.10138
17.970295
-13.163349
-22.864922
-35.33043
0.44890594
-10.426571
-9.172382
-35.08046
-22.684456
-26.255817
18.396687
-9.696522
1.479744
-37.38388
-8.814968
-44.99621
-0.97979736
2.7198105
-32.342907
4.84206
-15.479683
-38.786552
6.4981995
8.586327
-10.259571
19.396229
-24.558086
-76.07378
-26.942944
-40.098537
2.486042
6.170841
51.94339
-14.780983
-19.348946
-20.825844
-26.96907
-47.913338
-36.14887
10.087154
-12.235645
-18.781822
15.329235
2.1419525
-15.79916
-28.56046
15.520073
-20.835594
-43.308353
-43.447563
-30.205055
12.270584
39.651833
7.1156044
3.284809
-36.504787
-28.029175
-39.940407
-40.611538
-24.507774
-19.056957
11.623581
-11.5083275
25.218517
-24.863842
16.123745
-4.8943024
-32.96956
-29.260937
-50.555267
-14.739536
-8.833595
6.590225
-10.505241
-2.848957
-9.93404
-27.588135
1.0726128
-23.023869
-0.98028564
-22.669643
-16.93187
1.4675255
-44.10691
11.391502
-42.271534
-25.652699
19.438732
-34.85765
24.85308
-13.424187
-34.567883
-31.360676
-48.997295
-21.23632
-24.220695
15.993908
12.903774
2.45932
-6.951538
-63.362186
-57.687923
-23.310192
-6.274292
15.113754
16.825573
6.0068626
-44.74482
-36.46268
-50.586193
-41.425205
-9.705902
4.516098
10.428619
-7.037525
-34.98763
8.448959
-35.021378
-2.4540443
-18.417671
26.056084
-27.6333
-22.335464
-22.200352
-20.977917
-8.32896
-27.9426
-30.967402
-38.58642
-24.698044
11.529171
5.5557137
29.824139
4.4650307
-57.08764
-36.78437
-38.27002
-61.344738
-12.511177
-49.177765
-7.225769
52.298954
-22.983276
9.533836
-6.988964
-14.0898285
5.5811653
-49.434334
-45.937843
-39.994705
-21.753584
-23.472094
-42.90675
7.117935
-17.581684
7.9702606
43.378548
-3.8450565
-23.29509
-13.003807
-3.272274
-10.247059
-9.785454
-34.32206
-51.709747
12.236576
-27.785568
4.675312
-7.475006
31.713287
-57.365414
-50.60141
-50.591965
-4.573715
-23.937943
-1.2714462
6.720772
23.975662
-10.764393
-14.489532
-45.11322
-37.75077
-42.52674
-23.052406
-16.001274
-8.557907
-24.913979
-26.474361
-0.94353867
-35.758457
24.573399
-13.933628
-8.950523
-44.6537
-38.419296
-17.77063
-32.231438
-30.910786
5.245201
-13.296337
-33.101795
-40.53839
18.089993
-4.9551926
11.671352
-18.790829
-19.78312
-58.121037
-84.186035
-23.887684
10.322777
-15.4282875
32.48464
-4.236244
0.89388657
-10.43626
-42.707325
-50.87837
-74.948395
-50.231964
-41.35553
18.381449
9.101572
20.169792
25.889645
30.083721
-3.954403
-34.109154
-43.788227
-33.750416
-18.370552
-42.709106
-16.374165
-31.200592
-11.963276
-3.5437202
40.33338
-29.581886
-50.851597
-1.6718979
-50.58095
-48.451878
-14.3334465
38.26263
-49.69693
-15.435532
0.5956764
-19.082748
-44.2114
1.58358
-32.41583
-16.217617
-70.87189
-19.61547
-24.912369
5.116848
-31.149017
27.145742
-17.774765
-33.4595
-11.652847
-69.413635
-22.83839
-27.385899
27.198658
-19.316963
-27.43967
-35.59372
-12.630497
-28.977772
-15.4253235
6.2230225
-35.839867
-22.22041
-1.1926689
-59.576885
-14.641369
-36.550266
-19.710258
-4.6865005
1.5456734
3.274868
-22.169186
-76.32185
-63.397106
-15.482269
17.05835
-38.530888
2.6845627
-1.7910767
4.4168625
-90.198364
-42.415012
26.62814
4.6008263
-39.20828
-36.747746
-30.34864
-3.8851967
-21.253033
-37.86424
33.133553
-17.508286
-45.580063
-12.184002
5.572323
-60.355072
4.247883
-6.6032257
-27.273775
-59.24716
-48.067924
3.7159653
-3.0704956
-25.642502
-17.929976
39.97369
-20.9236
-24.747229
-41.351807
-50.542923
-43.261528
-57.282837
-20.32165
20.921972
-0.22540665
-24.123722
-19.240047
11.857815
18.470436
-51.39149
-48.00002
-43.05449
-21.41513
8.333897
14.2786255
35.212948
-30.938454
-39.733192
-23.281374
-66.04966
-55.455166
-50.24721
6.590742
34.318844
-22.32283
23.634224
-62.655384
2.9375687
-8.227255
17.22347
-11.997297
