14397.398
18370.36
12546.657
8693.215
7055.332
6222.4414
5596.9043
5061.2275
4695.867
4434.7383
4093.8513
3897.531
3696.9006
3425.8035
3222.2666
3022.601
2846.919
2655.5273
2471.3254
2336.2192
2169.1313
2046.2607
1915.1887
1806.9155
1630.3368
1549.6748
1405.3613
1324.3582
1237.9135
1141.927
1046.8807
937.3856
887.45593
819.91797
748.452
693.4986
599.1599
540.2428
488.93338
451.82446
389.29865
329.30234
313.76605
263.05356
215.51105
197.80191
170.93315
146.07199
103.51756
96.93831
54.721573
28.354126
6.219528
-2.1184998
-39.524727
-40.16713
-34.675278
-69.99725
-75.25525
-80.80309
-98.64472
-95.62989
-110.97535
-84.601456
-110.66991
-118.20209
-97.43376
-120.19093
-125.385635
-118.92382
-121.595375
-128.37308
-116.85501
-122.911835
-94.11955
-106.41672
-118.842926
-103.851425
-97.16805
-115.54022
-99.58055
-88.23484
-93.383896
-85.92687
-77.8434
-89.13533
-76.485695
-86.09088
-63.132736
-73.3509
-67.31076
-53.078003
-55.26117
-50.6548
-49.70269
-46.288773
-54.367165
-43.72229
-59.80797
-36.51146
-41.34118
-33.47934
-46.45401
-35.259193
-32.53235
-39.136658
-22.089783
-21.183533
-34.37523
-17.935593
-39.61058
-25.849152
-37.479385
-14.900314
-38.710144
-11.713867
-29.273132
-45.484177
-8.281052
-22.789276
-26.981888
-34.740677
-37.819
-15.532318
-19.818298
-29.695236
-31.476685
-16.740356
-23.935547
-17.131897
-22.694656
-36.577133
-25.58783
-20.99858
-18.668106
-18.345154
-29.357147
-24.018478
-21.485687
-37.728714
-22.216492
-8.646332
-10.379379
-25.784515
-22.963562
-35.49092
-18.929764
-27.830856
-8.336868
-17.815247
-10.340973
-14.27449
-12.958817
-5.779175
-23.592712
-42.384796
-21.182037
-27.412445
-26.872986
-16.951477
-17.612518
-19.536133
-17.071045
-19.313065
-16.529694
-16.870178
-25.235184
-28.525131
-27.463959
-30.320389
-14.05307
-22.22409
-3.5221863
-22.190704
-20.15033
-33.861572
-25.647964
-30.394913
-24.2939
-13.689529
-20.852844
-17.54004
-6.1138916
-12.829086
-19.631668
-12.125366
-9.438873
-14.77739
-37.899155
1.9351044
-20.00003
-13.857086
-0.07003784
-16.065521
-6.8532715
-21.740784
-11.893463
-22.91626
-23.551682
-17.572784
-26.213654
-17.90622
-13.755692
-20.74997
-11.553299
-8.2421875
-23.970337
-14.895065
-1.4559174
-18.517426
-25.976624
-17.274689
-20.558395
-15.6536255
-13.156891
-17.128464
-16.566727
-3.7300873
-9.833542
-1.5319672
-27.760788
-22.853424
-14.229355
-22.80069
-20.048157
-15.184814
-23.141739
-12.764343
-15.229446
-5.796707
-16.619003
-19.525742
-16.10048
-13.397476
-21.018509
-25.332077
-10.893784
-22.131332
-15.14711
-24.619568
-14.443253
-21.378342
-8.44606
-13.466675
-23.09198
-12.035767
-26.842926
-13.691299
-6.219223
-14.28595
-4.6010284
-4.2176514
0.90541077
-9.3433075
-21.35199
-19.765182
-22.204865
-20.777374
-19.529587
-16.113297
-9.390518
-12.870438
-6.127304
-12.066879
-9.314148
6.52182
-23.16922
-14.063416
-20.891968
-18.71106
-18.609314
-10.719391
-22.157104
-21.12642
-10.560547
-19.537125
-23.835785
-11.208969
-22.827454
-16.540298
-12.450439
-7.674759
-16.119507
-9.181717
-19.516235
-16.091644
-10.773987
-13.440674
-21.815994
-12.428253
-19.978607
-4.1623077
-11.55423
-11.275345
-11.875229
-17.83345
-13.137924
-0.71621704
-13.4938965
-5.293045
-12.196136
-15.888733
-17.86499
-21.468567
-14.266937
-17.743668
-18.83522
-7.653824
-7.209656
-14.511902
1.0985413
-9.623703
-8.240875
0.152771
-7.2499084
-15.130295
-12.079605
-15.732712
-14.681656
-6.1595764
-7.400696
-9.979492
-9.204407
-10.602097
-2.8144836
0.18685913
-14.847107
-2.587082
-15.094879
-8.621613
-9.553162
-17.43872
-8.204895
-3.465866
-8.071381
-16.821808
-17.8087
-15.800201
-15.535217
-6.418701
0.0683136
-10.750839
-13.658417
-16.957947
-9.998108
-9.143082
1.3565063
-16.016724
-13.72821
-11.109436
-15.749283
-14.219894
-7.999878
-7.667801
-6.38237
-19.719818
-15.482849
-18.420105
-9.317474
-14.140442
-18.262878
-13.065857
-11.557449
-13.173737
-16.05046
-14.527145
-14.021332
-5.895096
-13.997009
-10.001068
-10.999222
-6.5919037
-14.546051
-1.1065826
-13.39032
-9.40947
-6.3305206
-8.708984
-8.6492
-10.19165
-0.10636902
-8.505844
-5.163864
-14.421417
-13.741089
-7.2598724
-5.153595
-4.196762
-3.1332397
-4.2187805
-1.2101898
4.8576965
-12.102066
-1.8719177
-3.963684
-4.5522614
-18.818573
-5.7158966
-20.00795
-15.034225
-17.98668
-13.077652
-8.133911
-15.248978
-12.3120575
-11.149536
-21.678253
-12.020248
-7.933502
-8.905579
-10.803131
-1.1202393
-3.3391876
-8.052551
-9.988022
-11.411102
1.7342072
-6.0530853
1.7772522
-8.668671
-8.794312
-8.494873
-13.018585
-8.873291
-14.798981
-11.821518
-2.186798
-12.5503235
-14.494461
-4.427765
-9.953629
-11.255981
-1.4386139
-9.85025
-6.048477
-5.1397552
-3.531723
-0.66212463
0.5563202
-1.900589
-10.844925
-4.1314545
0.22947693
-5.883484
-13.490189
-4.180588
-10.792419
-13.547089
-14.823822
-9.566071
-10.441742
-14.435883
-14.357849
-7.4552765
-11.5625305
-12.014801
3.0617218
0.43043518
-10.735931
-6.7401276
2.864151
-4.3022156
2.7174225
-9.199417
-6.7778473
-1.5525818
1.2462463
-11.5750885
-14.745987
-9.131165
-8.11116
-3.2282715
-11.421387
-18.513962
-9.147415
-7.3376007
-13.261154
-7.4428864
1.5426941
-3.4968567
-13.280579
-2.832077
-5.1454163
-5.9629364
-12.713898
-1.8547974
0.1940155
-6.3863983
-3.3559875
6.7292786
-6.654114
-4.0807495
-0.47628784
-3.7276611
-4.542694
17.542313
-6.361969
-1.5630035
-10.69577
-3.673706
-16.282944
-13.954895
-2.4512634
-5.5673065
-16.002274
-6.6131897
0.8787384
7.793991
-1.4394989
-5.4499207
-13.559967
-9.618042
0.52375793
-16.04625
-10.14473
-17.144852
-8.112152
-6.1568146
-2.1267548
-6.8046875
-13.117233
-12.042297
0.3777771
-10.091568
-0.67276
-15.876587
2.5358582
-14.11731
-3.8281097
-8.342636
-10.5993805
-1.354599
3.6200256
1.8226776
-6.073654
-12.080704
-11.583405
-12.0681305
-9.874008
-1.6733856
1.5359955
-9.809143
-3.3886871
-4.56604
-2.3612976
-6.872299
-0.14543152
-5.750534
11.3723755
-11.713562
-9.778687
-6.3157196
-1.1520386
-3.0733795
-10.313324
-6.6583557
-1.9456482
-3.5035248
-3.1723938
-11.665298
-8.488892
0.9180908
3.5466003
-10.241074
2.832306
8.566055
-4.3476562
1.257721
-19.911911
-8.252914
-1.3569336
7.6438293
-4.4297333
-8.734253
-2.3254547
-13.013992
-3.4274445
-12.316742
-2.9976501
8.44455
-4.00029
-7.175705
-14.107513
-12.3181305
-7.008545
-16.5914
-11.52121
11.136108
-7.7106476
-3.9600983
-1.526947
2.0219574
-5.1250916
-4.0911713
2.9785461
5.5744934
10.004211
29.15921
5.1664886
3.3701324
9.977631
16.217041
7.5175476
-4.8078766
-4.019928
-10.442078
-4.4905396
2.1636047
-6.7822876
-19.487076
-16.700668
-6.385315
-20.100494
-2.6666718
-20.74385
-6.16156
3.4377594
-3.8697357
-10.708786
-13.410889
1.5617218
-1.8349609
2.579956
-1.0419006
-12.906342
-5.952652
19.388565
-3.5000458
3.5095673
-2.0987854
-0.89276123
-4.292389
-3.014206
-9.003891
-0.7245178
-3.6963959
-4.4674225
17.558823
15.112305
10.063171
-10.877121
-6.147171
-3.3096466
2.0774536
-2.5280914
16.024963
29.377579
-1.8703156
-7.996872
0.6286316
-7.425812
3.9352417
-5.0894165
15.28479
-2.3128815
1.4900055
13.432053
7.861328
3.4354706
-4.413162
-15.465591
8.609024
18.87056
-7.1409454
-3.7955475
-4.3101044
11.061783
3.4580688
3.8046417
1.7363892
6.830551
-5.6593323
26.292679
3.531021
-13.730118
1.5054321
0.0818634
3.9458008
-11.648361
22.081604
-6.723404
2.768402
-14.973541
0.97654724
-10.8974
17.5943
12.863815
7.827362
7.791046
-10.818329
9.255463
24.23819
-8.167557
-14.328003
-3.6193085
1.4691772
-3.013565
7.3897247
-15.782349
-12.505249
18.658035
33.367844
15.4655
45.933395
26.641205
2.501236
21.597382
5.329788
12.524597
2.835083
17.751648
-11.8437805
-16.947037
6.4014893
-12.405075
-3.6731873
-7.5918274
-20.743729
12.835129
11.182449
-7.400818
28.620392
29.676407
2.5101929
-0.9855499
-3.2771149
8.708649
-6.610504
5.989624
-15.073105
-7.4862213
5.5401
21.817657
11.734497
-14.317627
-7.3851013
4.558182
-5.3400116
14.679428
81.601685
23.697891
2.06102
22.040375
0.558548
-10.8797455
-27.002075
4.771866
-24.15718
-19.117264
-33.84781
-23.84494
11.802887
6.032379
27.383606
24.031158
37.77626
-1.8442383
24.37082
26.881973
-16.884567
39.600418
5.08403
11.846893
-7.8717346
8.078003
14.556671
-2.4065552
-33.292892
-2.9595032
-11.899124
16.987625
12.846436
0.7935333
36.55609
19.6931
21.463852
-18.929504
-5.410324
-19.435928
6.529724
5.9593506
23.518845
-4.1971436
31.86995
31.532333
7.4572754
23.394577
-10.039246
8.69899
-13.528549
-3.8811493
-10.373413
40.916336
-15.004486
1.8554688
36.468903
-6.8236084
17.993835
-15.009338
21.380905
-6.917877
15.292252
23.449463
20.618744
3.4011078
22.541656
-17.28714
22.891754
4.7207794
4.0063934
-0.6399536
-22.493225
22.439835
37.988922
-0.8722229
5.4756775
31.11621
-26.293243
41.837494
-23.853516
9.9782715
22.193909
13.378006
41.467087
-16.648666
-40.49907
-18.69809
9.110138
4.438751
6.182953
27.828766
16.28923
-6.5633545
23.048935
9.238312
33.227097
-1.5201874
0.04257202
18.420792
16.109634
31.432144
31.670639
24.454361
5.9233856
16.546326
-21.813293
32.66147
0.082351685
12.612534
-5.9887543
24.111618
25.333023
13.161789
33.366882
2.591095
10.811157
-40.209976
8.662796
34.999466
-23.512177
30.332
11.551666
89.545944
36.793076
-15.888123
-7.0661316
3.5257263
-18.38176
-1.854126
15.8789215
-0.0491333
7.057846
43.24884
27.920044
12.0216675
46.09491
44.73558
2.1273499
0.29508972
-21.158325
-37.467743
-52.4601
-3.1473541
-1.9731903
-8.550461
-14.668045
10.123123
11.570267
40.848953
-4.1313477
12.399902
41.13826
39.980423
9.844849
40.36133
-7.8119507
0.8551178
17.348267
-20.353363
33.557297
-13.7743225
0.4189453
36.637985
30.67073
1.5113068
-12.140839
-4.343033
2.4936066
-13.221741
22.056335
40.826447
13.787521
-0.38768005
-8.314774
30.03244
12.828552
-10.195877
-52.667618
12.81778
25.486511
16.342606
1.118576
60.854248
31.565765
40.398117
32.041016
-2.4990997
21.84134
-20.070587
-47.725754
-44.873672
-50.98352
-38.896347
-0.13386536
-32.108444
47.233322
0.7551575
13.68045
50.03293
37.744766
72.175186
27.507263
65.34877
44.98175
-1.9582214
-12.117233
-44.929626
-46.973495
-49.741653
-41.12619
-29.953323
-19.662079
-32.290817
-9.154175
43.757843
35.79898
22.63591
36.3004
39.03543
45.70726
53.50258
27.442764
-1.605545
-13.567795
19.346878
6.2556763
-19.58191
7.1336975
-9.23819
-24.616638
13.627182
-16.209793
3.545761
10.794312
24.924225
18.703552
52.043365
2.6211548
54.004547
41.290802
-11.622803
47.490173
-11.418915
-5.533676
10.556412
5.5946045
25.782013
1.004242
-33.10025
-12.84935
8.545059
8.708923
14.645355
9.951157
26.241516
17.814377
19.803833
23.834412
56.582703
42.009613
17.038788
41.26143
3.1107025
12.695831
-8.109482
-27.718796
-29.801697
-8.379013
-37.167572
-26.513535
-11.141266
11.850159
25.878006
54.37805
56.62332
20.42572
25.111435
31.656006
-10.082733
8.555618
-24.385284
-17.018158
32.21649
-8.098648
-2.6513977
5.123581
17.877335
54.123825
24.642563
46.699295
55.628296
-37.930634
-2.1046906
-0.9407196
-5.5629425
18.454514
10.002045
22.84961
38.044083
13.346054
36.297943
1.0626526
22.737793
42.59929
12.935089
-9.494705
-12.903473
9.149094
20.002945
4.8919373
7.3644867
-7.2128143
-9.899948
16.099503
-22.264877
79.15805
80.38966
31.824615
-19.605515
9.661407
5.306305
-22.382309
-6.0366974
-5.851883
-8.744537
-42.79274
-36.53499
-3.0362854
0.051193237
51.792282
23.938202
75.52928
26.684372
63.754257
11.7634735
-23.329239
-13.157761
-13.610596
-41.09912
-29.450485
-9.742325
-25.612854
14.722519
38.976257
-14.718979
12.892288
36.442276
52.895645
18.44104
48.774323
23.99878
10.985306
33.061874
35.350998
-15.908524
-16.028381
-8.133804
-3.6686554
-13.245224
28.491028
5.611786
-10.890991
-23.170746
14.548355
12.809174
3.198471
0.49183655
48.484253
50.492676
41.488937
14.266846
42.254593
-22.218018
21.23375
-0.5175171
36.424164
-2.759552
-17.041397
-16.51558
18.15828
10.67215
10.197647
3.9898224
-23.339798
-32.70639
40.599457
32.059753
74.45328
-16.843338
25.530624
49.166016
21.248703
-10.679794
35.850723
-20.73938
-22.114197
-9.949112
-13.445511
-7.6157074
-4.9170685
50.752243
17.912231
26.744308
69.64209
51.218536
-26.862045
-1.9290466
-0.52116394
-1.1624603
-4.896576
0.72068787
-0.43501282
-2.781189
-5.296158
8.869431
25.429703
27.216354
32.317856
9.153793
68.00151
21.808197
-5.440277
44.040237
20.063217
16.935806
3.4245605
0.5787201
-14.951782
21.863464
12.857391
24.122345
19.554749
1.6841583
-25.666534
67.70923
56.433136
29.108963
-16.028137
-11.614944
12.396698
-38.64537
45.98088
21.866577
8.669891
-0.60575867
38.335526
-33.12494
26.01773
-4.356552
35.239456
65.94487
23.886627
9.503555
-7.857666
18.249878
-36.75389
14.067886
-6.8776855
9.182022
-12.237839
42.42885
32.72812
50.15027
20.263412
20.697739
27.810669
-5.502533
34.984802
41.538376
-7.241577
-12.09848
-30.310272
-4.5999756
48.61943
1.4924011
44.287308
-1.1516724
10.829727
12.424286
13.50795
27.397415
46.391403
34.22316
23.435257
-18.759186
-16.168457
-8.507751
8.3918915
37.346466
56.064804
67.607925
-11.337814
-19.13118
15.939896
3.63089
21.050385
-27.393158
27.986755
46.075943
15.780655
22.708038
21.02475
13.405304
12.150452
16.901688
1.346878
27.214066
-20.616287
-24.783981
-5.047348
42.986526
40.979645
12.209808
46.341507
32.545776
18.455017
47.41774
55.020844
7.4705353
-34.231323
-49.35002
-12.30658
13.800156
6.1472626
56.855255
-6.159485
35.69194
13.304535
51.36708
84.45741
55.686005
5.8184357
-53.63536
-43.759384
36.66931
-21.23648
-49.336792
7.1292114
32.516617
26.761658
17.836395
38.486588
29.224579
35.688828
23.443726
-1.4871521
48.09694
37.699997
-22.319305
-2.9595642
-10.095337
5.3804016
17.127426
-6.8069305
22.445496
35.142075
55.759262
58.575882
14.621674
18.793854
-37.129395
26.75467
-34.046265
22.570007
24.893463
41.60533
26.04126
25.597061
65.7386
33.96498
46.7769
4.008713
16.366638
20.018555
19.146408
-13.936813
-6.020172
45.562912
13.235382
-13.888367
-3.4127502
-15.919205
9.57663
20.4198
13.920654
73.588455
27.179626
11.62767
14.950333
46.844437
56.76541
13.362335
34.369064
15.761215
57.613495
15.917603
-8.547974
10.290161
-24.698685
-21.021072
2.3484802
10.773636
60.7511
63.934647
33.06128
87.78261
27.734818
-0.98861694
-45.331528
-53.597794
-78.35591
-33.5365
-50.682632
-7.3946075
-5.691803
2.913803
36.80301
43.55368
56.545105
91.68761
23.290543
41.30017
29.203674
13.43985
3.6728668
-33.910843
-45.84903
-17.03299
19.336777
-29.05574
-38.74759
6.465622
31.67949
38.364456
15.510529
16.999008
30.344574
21.657425
48.4422
-5.6579742
23.309402
33.61026
24.056122
34.50644
14.104507
20.587738
0.68748474
28.173065
40.37178
36.37126
28.44394
-49.7352
-5.2588654
16.351074
-3.6645508
-3.1360626
13.766815
45.696335
-4.556946
37.081894
70.81508
23.133438
10.694855
24.07875
36.31961
53.228683
24.280594
29.723251
-20.53746
18.766998
-0.12850952
-13.836029
-4.3932495
-28.97026
-4.798538
7.092224
70.23131
49.62195
63.29741
24.77356
52.8434
55.03334
-18.48378
-27.248611
-26.330353
17.691147
31.374039
57.829895
-17.84932
-21.198486
25.128693
30.516968
-7.3897095
30.584885
31.471909
42.67578
70.83365
113.61694
94.91971
10.7473755
7.063675
-39.564423
-46.752213
-49.963882
-55.09439
-36.38652
-33.72966
-10.435959
-2.994873
53.802856
55.330154
26.951813
40.099808
93.224396
19.338425
42.57254
61.345276
34.6409
19.81749
-9.466217
-7.157715
-42.793335
-41.68466
-45.059006
-20.89206
-13.319214
-15.201126
2.4603271
35.44809
5.84375
41.61757
64.043274
27.089966
41.523117
30.34758
38.846603
23.0943
24.400986
36.923096
44.77304
2.1134338
-22.255447
-15.208176
-14.235413
-12.197998
3.9935608
-24.676392
-6.6758575
14.339905
18.54889
19.331604
-5.179184
21.609512
48.883743
31.995956
1.9956818
17.66629
23.831116
12.096115
66.05974
1.6616669
51.68396
50.07968
32.78711
-21.564377
-18.45935
-19.536331
-18.151062
65.462814
17.649857
-21.205017
-1.9994049
-13.899124
24.24141
5.0518646
29.682678
63.565735
8.0225525
71.045944
24.498138
42.09674
19.4664
-13.241058
-4.368088
43.14624
-17.840485
-15.242691
5.1762695
4.4968414
-9.051086
-6.5345917
-0.31854248
53.954773
36.144104
51.154602
51.00531
55.96768
37.954666
91.77864
15.408325
-14.300156
-1.4539032
-37.03183
-7.28714
-22.843079
-13.470963
-11.209534
-5.530533
24.450623
96.25978
48.02365
51.702805
30.554276
-31.92772
13.520584
26.034546
-2.258545
20.022278
-17.843582
-11.782501
58.637115
40.71913
38.52539
-10.572372
5.6844177
4.968643
-30.714508
23.423904
7.4209747
44.791748
20.546646
20.2005
-14.601364
-0.5753937
35.539337
-20.37967
-12.639023
-20.255936
64.67873
50.244736
51.73694
63.416565
23.13385
-0.2765808
16.334488
-3.5050964
-26.180481
-10.763153
12.444855
-8.291473
16.323471
46.12245
54.408417
31.176804
38.714157
41.66725
4.7466583
7.611374
-20.393143
-10.452118
32.999695
-9.84288
-18.48796
18.331299
15.907074
6.888031
-8.299164
42.746384
25.458786
12.704697
12.969254
84.18794
51.98111
21.41655
76.47308
27.754745
-4.7792664
11.141418
32.162796
-20.463501
21.24855
-25.029755
-14.037689
23.84311
-5.581299
10.811874
45.634003
34.258255
59.756516
76.4324
31.789566
8.986984
-5.185364
49.703186
37.334198
5.747864
4.2325287
-7.7716217
14.772842
29.264038
6.6915283
20.687271
20.74208
89.74216
-6.4017334
38.53691
19.196136
30.396957
54.521942
16.15004
5.4096375
-6.0258484
-6.3114624
10.359909
24.97963
29.883438
14.824829
14.621597
24.874313
26.542145
33.02266
-22.372375
46.925552
21.431198
91.44264
69.76456
-10.421036
-2.8868408
-36.51892
-2.41156
10.687424
-1.5406189
3.7541504
37.473206
47.252502
50.86995
29.334366
14.482941
-25.163132
32.565445
36.469574
11.763733
43.526306
16.069443
51.980515
-30.131699
31.698608
22.051025
53.004654
32.39836
53.06517
46.2305
55.378647
-3.8128357
41.875412
12.576126
-4.8658447
-11.426788
-10.729095
2.3402863
36.335556
45.26776
52.898575
50.47728
83.23276
5.6696167
-11.201599
2.6731567
45.22354
35.234497
9.502869
12.5954895
32.5112
57.732285
37.82115
70.98866
16.90561
-55.840897
-11.574249
-18.569565
-11.187668
-21.617859
12.888458
52.197723
8.161636
75.397385
115.17583
48.847855
35.09268
-5.1091003
-33.356293
0.832428
-37.96135
-22.13646
-33.575195
-26.043625
37.045
29.181732
15.500366
37.56201
44.444824
22.491959
59.124786
66.28148
24.062454
10.216354
-12.708786
8.992462
16.579086
-10.956039
-10.791534
37.808136
22.653519
36.15799
45.56723
26.174347
25.315231
18.162567
5.034073
60.08287
-19.703552
-11.852722
-37.77646
42.38591
21.945663
76.51921
120.20227
15.186584
3.638504
1.7861328
24.031998
-6.9201355
-28.825836
-7.6882324
-7.8515625
10.5407715
26.581467
42.477814
3.888855
22.603378
43.474136
39.453186
76.487686
34.519394
54.560913
36.23253
5.2124023
-28.187286
6.143524
25.799576
-33.45195
19.13919
-1.1823273
21.654495
9.032669
43.863815
44.92929
80.08026
54.203552
43.316345
18.130905
-19.290192
-4.4386597
-13.9951935
-26.613281
17.859726
-7.960785
2.6659546
19.595001
17.038727
26.08545
0.22059631
38.844467
61.224823
91.645004
62.600723
14.662842
37.383865
17.552948
-10.09021
-5.1484528
1.5211182
-42.451523
6.395157
44.576935
23.984406
-6.795929
44.329346
47.58902
73.819626
32.481186
55.05603
12.787079
31.363327
-2.2524261
-4.972534
-16.427505
68.48898
10.772186
3.8765259
25.025803
30.312485
-7.0412903
45.233337
32.871765
76.31264
13.155884
43.670288
22.74562
-5.8841248
22.295105
53.7088
-8.757095
-14.23996
-5.399994
-34.755676
-0.63516235
12.739777
-3.0850525
18.973541
6.5801544
12.018967
18.522095
63.48622
68.31476
57.33342
22.021378
45.07376
40.22194
26.111908
5.760956
-27.20346
-3.4824066
43.159912
6.3302155
29.580276
9.784805
13.726837
-2.4162292
31.855057
42.537506
7.218399
-36.55774
-28.693726
60.62729
36.76474
36.0235
30.068924
49.72287
66.84387
40.6073
44.130493
58.20427
6.125046
-18.908875
-7.5316772
19.30922
-28.759918
43.573486
43.31198
40.836884
-6.773117
41.64418
55.71199
79.51628
28.06694
18.783539
51.86345
-33.083908
5.4091034
12.666458
39.3313
-13.514832
-15.567322
22.743698
14.638596
32.54489
48.02307
25.108734
47.998917
90.413956
58.303085
24.31366
65.8909
50.29628
-38.168472
-1.4760895
-40.742035
21.871872
-24.668137
-13.139374
49.58629
54.55301
46.821793
21.68666
1.008255
95.54143
50.57628
100.09758
44.16606
16.27478
-21.810593
-58.394684
-51.18431
-42.559647
-36.389038
-53.11232
40.376755
48.019714
42.899963
84.18184
113.08983
46.904114
45.458344
3.9881592
32.09291
-0.49746704
-38.25177
-0.34516907
-23.779083
-18.500656
11.461838
43.069412
-1.6255035
29.572372
3.3441315
-18.689621
1.4434357
12.355164
57.25273
0.8392639
23.582596
26.532806
10.33638
15.986572
5.3631287
50.149384
8.503235
1.9841614
40.33876
26.999298
56.532578
-3.8177185
14.071945
9.752655
3.767624
25.773499
20.26178
51.14006
37.366272
-8.012665
11.300217
9.681992
-22.567719
2.579712
27.780823
57.05536
18.82605
57.022415
57.518112
32.784576
69.710236
21.133118
0.40986633
-17.60994
-31.485062
-11.743393
46.850647
37.38463
54.67215
38.533447
33.186752
8.793243
-11.733536
25.088303
55.02466
12.261337
1.3334961
58.783676
12.108978
38.636047
46.136673
18.627823
17.620316
-28.345764
-6.29924
26.98883
-26.778168
60.137375
46.662384
16.576096
4.836792
15.849747
19.661911
10.439133
11.581299
52.239655
61.948105
40.579086
25.64125
10.4301605
65.823105
23.24907
-14.401962
24.626328
25.0466
23.602646
7.377121
10.550858
57.4601
39.724014
80.34628
130.56561
25.658386
-27.222565
-61.606064
-37.06665
-6.9460297
-66.59288
-30.337769
22.185318
53.482178
26.569519
49.48439
69.01532
77.372574
45.541214
72.79541
-5.390915
17.818161
-5.0222626
37.297104
-6.300064
-45.695328
-27.760818
-13.7031555
-7.1906586
51.58986
42.90477
59.610077
31.699387
6.35849
51.939407
26.574158
29.292252
17.753052
14.386093
-14.547501
-18.69899
11.069565
0.14567566
2.5611267
11.3728485
28.58046
15.1323395
16.260376
17.690094
66.15924
28.161484
24.951721
25.09613
-13.529434
-9.078552
15.481613
46.050674
49.446396
8.731522
24.640137
8.727844
26.914352
69.47395
2.622223
31.944305
8.322174
53.405
12.06488
33.19864
38.633545
6.6079254
-4.319809
-7.662201
55.252274
24.02417
27.347305
-16.662796
6.278488
-1.6066284
65.34114
61.882034
13.954376
32.82631
-5.8463593
78.67932
19.906357
67.19644
-54.043213
-37.777374
-10.323578
-22.608063
18.433533
-5.08078
36.24713
113.238434
88.1192
29.104797
60.304672
44.409317
5.65744
29.067886
-8.424347
23.869324
6.706421
-13.073685
-9.337112
15.731003
13.966965
-2.3657532
31.205826
27.470215
31.353455
54.303635
44.01497
4.6464386
41.72133
64.68651
34.383255
-36.64212
35.287277
33.005173
0.54930115
37.76793
12.726761
-16.450089
35.115738
-35.408844
25.589737
18.25586
-25.77211
40.889465
97.44035
56.554413
25.133392
1.2153625
29.480011
-10.087555
42.17041
-11.092682
-39.615646
16.518402
7.0085754
-0.9202423
-1.6395721
23.19252
102.258865
72.91322
44.75598
55.42241
42.206635
27.73796
2.0376282
43.958374
-50.221497
-41.016678
-55.64502
-20.456375
-3.1774902
2.4092102
11.690994
31.948288
17.217468
53.81595
75.447556
38.957153
34.45543
34.538162
19.230957
38.971283
44.32579
-7.6178284
-7.557022
-19.885681
-13.380371
16.506134
16.355255
-9.653244
22.889725
60.87831
36.647003
-20.013474
-11.236145
36.667114
-6.3301544
64.456635
30.660294
-13.232544
13.116837
-24.277237
59.53943
41.78842
27.873352
64.426544
61.79065
32.259827
10.251434
2.5144196
-18.016983
-5.5871277
7.118927
-10.694351
0.88490295
7.2106476
-7.196457
67.80917
54.241547
53.073853
67.98677
30.25418
-14.472046
7.9015656
-21.608398
-23.443848
51.97644
17.238953
-15.56279
39.529663
73.03345
17.719711
-7.2084503
44.98697
35.17035
32.197357
13.012711
54.513336
3.8099213
31.537796
-11.8811035
28.964493
-33.394882
42.11461
43.345856
2.3810425
76.646576
39.955612
4.5147095
42.29593
70.19125
-16.779282
-20.904984
16.78984
-20.846573
1.9243469
-0.045028687
10.370056
65.17256
26.326782
48.18248
64.49165
-14.999344
-6.165024
24.6277
11.795151
44.408234
37.923767
17.173782
46.200867
59.998154
11.837952
27.6073
2.8657837
58.900253
0.546402
-41.469162
-29.777802
20.745514
-20.233673
61.93254
29.864288
37.660217
10.216431
-5.4578247
51.4355
36.92737
34.50157
34.938354
47.16394
33.385056
13.800873
0.8258362
53.73755
3.2145538
-30.113693
33.758392
20.39537
63.092255
64.72252
52.775986
35.485397
-20.576706
-13.713028
8.482468
1.0884552
47.310883
48.325302
41.51477
10.225037
38.33969
56.05725
9.655197
55.621704
19.30629
56.78073
41.433884
31.334549
-0.8500366
15.238953
-4.821991
2.0923004
-21.09607
33.366714
11.984055
26.849487
55.30255
86.91261
45.30394
16.533142
39.521408
59.864258
-2.9200134
2.7025452
-24.045868
-3.0466309
-21.0979
42.852722
11.131348
22.020523
-22.984848
56.914703
81.188034
96.80473
11.830551
41.07245
13.908188
-23.888428
10.388702
5.566986
15.248032
50.17572
38.1772
47.162872
-11.248764
1.1771393
53.755188
60.99942
44.50267
36.845444
79.19594
31.881348
-13.1324005
9.472855
14.125427
6.4822845
-20.877838
-9.755615
24.1427
-8.395187
17.464813
42.250458
73.70349
52.94719
152.42146
-18.493103
35.95085
-9.729324
3.0185394
-24.29013
18.928146
8.230667
-10.458313
55.97084
50.13437
28.089386
26.362228
81.54945
26.974518
53.77542
16.481308
-4.350235
16.265244
-0.30960083
38.31093
-14.478165
27.499863
-3.7783813
42.703506
10.945877
25.13028
81.1113
45.145737
35.17415
2.0257416
10.956863
6.928772
52.795486
39.303864
25.619644
17.119797
-6.6647034
-2.4761047
-21.261139
-2.9022675
7.891678
43.2343
50.150635
45.03862
17.218994
41.95169
34.737717
24.786682
76.80884
43.060287
57.244232
125.545074
-13.475143
-57.998047
-7.993332
-62.386276
-53.9702
-1.6800232
27.376038
25.413406
118.291504
26.117935
80.243286
47.834045
32.0186
24.81314
-8.752411
14.095352
5.024353
-4.956848
-0.43754578
-5.840439
-14.144669
30.300858
-14.210251
-10.794006
69.50282
85.89815
50.761032
48.523163
59.657455
23.596634
14.784225
20.65622
-16.994583
16.707458
-6.547531
14.600616
6.276108
31.265747
45.04448
38.45529
35.61461
48.98987
26.740494
3.8515778
9.590195
-15.024155
29.979507
16.802948
35.95819
34.25508
74.229935
79.55359
-10.952972
37.356033
-2.2611542
9.6409
-9.708084
44.47493
11.452072
0.46870422
13.629654
42.456497
56.45543
10.848602
41.273605
42.19449
24.59642
37.40265
41.062714
50.251892
87.7818
1.4445953
0.3618927
-34.25995
-24.586777
-4.3159637
-3.023407
-35.985077
52.64937
12.8107605
71.88423
60.7269
79.54703
70.78949
26.67099
-13.820892
40.76822
-13.615952
25.923447
18.586105
43.838898
-3.5375519
46.968475
4.7473907
0.392807
20.117844
-31.105652
18.665527
-15.732285
68.51509
43.205917
26.994919
59.496124
43.34102
23.20311
52.073822
51.566055
92.05496
34.486893
18.3275
-42.777596
-16.945023
-47.00717
-28.559296
34.78914
44.494827
10.568329
19.616821
50.62439
46.207764
70.26463
50.58452
33.587433
7.153702
14.668655
8.94664
46.255157
48.49597
-1.9764099
92.96063
-16.134354
6.588196
36.243454
-42.620895
29.945114
23.216782
39.43254
27.333145
13.774628
26.756332
72.024536
43.5195
50.996353
13.003693
13.552124
13.119461
29.45317
0.679718
-6.3234253
19.972717
79.61577
-1.0747375
42.20024
30.898972
33.329514
2.4317932
16.310287
42.16983
71.53882
102.33696
8.411087
23.69519
2.632141
-19.352386
15.481888
74.743225
6.63797
62.15126
18.244827
2.72258
18.306015
-14.326996
56.993958
19.290588
20.26474
10.413345
76.48859
23.991959
47.295044
-1.709732
13.937332
27.128647
23.770874
19.965622
40.11023
-1.1486511
-13.287445
2.296753
2.612442
37.529877
54.49405
68.59796
19.482498
-12.174011
42.10074
73.54639
44.533386
16.153732
34.717743
-24.499924
18.860489
-6.4786835
33.78421
43.288834
58.60367
23.513184
10.062988
96.380356
12.58667
22.226807
64.953674
-3.8963013
-22.79663
39.975937
45.828583
61.65837
2.9848022
-36.21173
67.30318
11.249283
40.35945
14.916107
36.53856
82.85617
19.923828
-15.53772
-13.16774
0.07821655
3.5653687
7.871475
75.45236
33.473907
24.409683
22.89885
53.895416
36.28737
57.67108
58.137833
18.339218
19.778381
-19.989914
14.864075
-3.48938
39.781662
2.5405426
26.730713
2.2008972
87.27881
119.2619
8.253937
-11.5837555
-34.27133
-12.553467
5.610092
2.3169556
57.461136
66.28941
36.241577
62.91864
67.711334
57.499985
29.281174
41.75029
-22.621933
0.10684204
-18.26181
-11.786972
3.5602112
17.244522
11.829987
39.35147
43.266556
50.2166
60.897797
61.829834
9.489777
18.667114
1.7779388
31.066101
53.347916
46.186356
33.471542
29.563644
-21.594887
17.513443
41.143753
73.91972
-0.23867798
45.450317
28.199219
57.4534
43.03592
-27.193314
47.117813
90.61873
23.435593
9.21257
24.58957
51.694366
-14.500671
-10.878693
-16.504364
22.737625
29.839737
54.793167
75.68399
119.59366
11.78479
3.6660156
3.4119873
-4.4692535
45.72249
-31.508537
-2.4039001
41.856995
13.727829
1.4840698
8.077576
19.354095
88.78577
30.85379
3.0914917
-11.181992
42.82881
60.886566
11.8203125
0.034988403
31.47136
18.593674
61.474487
-13.685928
-15.474686
1.9263458
16.114029
44.514236
3.2865295
-14.4800415
96.9185
73.19838
-9.687805
63.0849
49.50403
31.812042
40.455643
-10.688248
-35.658035
-38.38128
-40.78987
5.0947723
-4.009018
48.86386
24.453506
95.14848
82.31491
31.070602
59.799347
47.22661
29.163239
-14.373459
-14.422073
-3.4978027
18.659866
-9.61879
2.2928314
9.565277
0.63778687
12.9079895
1.1062622
36.285065
11.5203705
1.0241241
40.435425
14.544159
65.81926
51.12462
49.739243
2.254593
15.494278
81.05403
4.320816
2.6889954
1.3231049
-8.544006
-43.83635
-3.9101257
7.5188446
16.712585
23.042633
38.85405
72.52255
42.733994
48.215332
68.431
2.359787
10.332962
-15.747711
1.6921539
-7.1496735
-17.46196
-9.511826
41.35443
38.523132
49.1147
5.4794464
13.825867
62.481537
14.421036
-6.082138
72.46265
29.46048
35.236603
-4.2899017
-29.132133
-10.934265
-26.135414
39.872375
35.0907
10.619034
0.39271545
35.313614
4.5134583
48.871674
51.16095
33.510803
1.2228851
31.205643
46.24736
11.120926
18.81717
86.8634
2.056717
17.841888
41.51071
-23.169601
7.2395935
18.404327
51.634888
15.466721
28.697906
59.85942
130.29733
0.871048
40.40747
6.3913116
-5.727417
34.445374
-9.423523
1.726654
33.127
44.66043
26.674088
30.515411
86.56847
33.004196
24.736313
57.1817
-22.339417
-16.719864
-27.08339
6.404068
29.469116
16.154327
39.75232
34.826096
67.841736
56.701187
31.70671
16.78598
52.082367
-0.46965027
-23.564484
20.91249
-21.457306
-8.899109
30.632385
77.739075
48.510696
69.83917
60.499374
21.515686
-5.5245056
39.833817
37.65747
-54.818504
-2.8031921
23.746185
10.881454
22.815918
2.234375
51.856583
4.6641235
61.18918
29.946228
46.444122
50.503647
5.5478363
5.2954865
-2.4006958
-5.2065125
5.259018
-21.705902
-3.977539
35.724518
26.981201
14.651459
20.915634
60.76915
96.16704
13.650589
51.366272
53.86264
5.7302246
2.1062622
-10.46965
-13.177902
70.70102
7.4197845
-16.64215
20.491333
9.094437
73.08928
48.13736
19.443848
69.351395
52.519897
47.623703
39.38063
-28.431305
-18.808128
-8.456604
-26.52533
-21.916534
-15.095749
46.117615
54.14978
84.14128
63.52368
73.94922
-8.919525
-0.4472046
-2.9708405
-29.063538
-17.909668
2.9613342
4.1341095
10.261597
12.813889
37.122177
71.69426
14.652069
44.342514
34.917786
89.648224
19.173462
18.890976
15.735199
-4.134308
-18.444748
18.19777
-27.201729
40.47592
38.622467
-32.01233
45.3739
17.495697
58.869843
28.47615
43.32782
33.027985
32.68405
30.797562
10.766418
24.609695
17.604462
8.2752075
17.568024
-13.412392
14.127945
13.865158
22.736343
79.24426
35.272003
60.1465
-10.429367
-5.1336975
-18.55333
20.395355
51.3925
26.294296
35.913788
35.299637
53.63925
36.738678
5.6724854
-10.437927
28.897156
21.208893
9.442474
93.95775
7.519211
55.41516
-11.682991
23.06041
26.871857
-33.04712
37.669617
19.307892
35.350555
25.937714
47.28607
3.2957153
11.311691
36.938232
7.485016
27.275177
-20.806274
48.178482
18.838959
15.08577
32.180786
50.363068
66.869644
52.29268
65.28635
26.871658
-27.955414
-16.789902
-71.21546
8.746933
33.49826
5.838257
20.110596
67.385544
20.632324
68.67746
33.713593
53.392838
29.201859
37.079727
-16.652138
-10.871178
2.4176788
-25.50232
70.650345
43.598755
29.21048
-4.169754
22.54863
27.510788
68.961395
-22.033157
80.10948
42.10814
38.281845
-31.95816
27.26912
-49.232582
-19.859756
-7.6051636
14.094894
6.686905
59.108
109.39479
25.750504
29.926529
42.478577
42.019592
12.370575
55.85298
37.487762
-12.94371
-26.394653
6.4104614
3.4386902
3.6954346
32.38086
18.375076
62.403915
74.751236
30.707458
35.846954
72.6895
66.82127
-27.22741
-14.2164
-11.278458
-8.653854
22.619537
26.960938
10.402695
20.15599
37.67067
25.181778
57.10681
30.890762
64.521484
27.102142
33.744873
44.13466
44.3264
37.808655
5.672104
23.209106
34.479492
1.2849884
51.623276
-4.154648
19.440628
4.265457
18.054138
7.6057434
31.459656
44.806595
45.308395
65.7735
47.792496
112.51372
6.9188538
71.458496
-2.8385315
-43.196007
0.49832153
7.690979
9.829239
-22.113388
-2.6230927
-13.006271
48.82538
80.85095
92.41989
39.79225
63.906296
62.24504
-5.909424
-36.75717
6.666733
53.398636
12.830124
18.634338
-0.69203186
45.780807
-12.824928
11.189529
20.820557
31.145416
61.781387
8.348709
64.88539
55.75009
14.245972
60.76744
-4.86409
12.896301
-29.99067
52.78209
-31.355148
65.82521
36.042328
70.89267
51.9317
63.849274
46.98088
21.818817
1.6822205
12.627167
0.68045044
-26.809921
69.1855
27.316254
64.84898
44.159378
1.3737335
10.79718
35.53888
66.64981
-6.4363556
57.02362
8.180878
50.247726
-2.7774048
-17.645142
-6.2717514
37.336853
16.295532
59.177307
27.27893
54.057312
36.933456
16.059036
48.086975
26.625519
18.785034
74.82181
34.615005
49.426178
-0.4810028
-14.50058
15.434402
-10.539398
31.396164
4.8983307
25.927902
77.52719
33.53459
5.939102
61.21988
9.490295
88.30731
24.692993
26.42012
-43.183327
31.566483
29.254318
26.822495
3.5714264
9.15094
49.01393
24.405457
53.29222
25.06511
47.89482
53.498474
65.07471
47.82773
-5.6043396
20.078064
28.78415
5.9333344
37.327774
-14.043564
-29.966736
42.907394
25.746735
101.99899
92.8374
64.3564
59.11728
30.026215
23.874954
62.921112
-9.703461
65.13345
-36.42241
32.425873
-52.700073
58.71582
62.78543
15.777496
41.083023
131.46713
15.681198
44.45395
27.919952
24.225616
0.9794159
3.6893158
10.358322
-2.886078
61.80977
30.268509
70.27121
45.78395
3.1409912
23.16626
5.3459167
8.0186615
14.288696
32.11766
-14.993332
54.7883
65.081894
17.88739
30.360962
30.676743
56.256042
38.83235
14.338806
16.911224
51.3497
7.46846
51.17079
22.02118
62.2182
-1.1664124
26.170288
-21.50225
-0.1954956
-11.28727
-0.6890564
23.084915
94.63522
69.11835
90.4353
118.32799
0.6859894
37.322678
-18.659637
-3.0374298
-27.08577
-13.252266
-19.586914
37.032623
40.947693
31.995834
72.74933
92.27994
103.659744
-3.4888687
-12.869209
38.74193
-36.068237
-22.181389
16.678558
29.102997
-14.028717
3.3134003
36.25409
46.45221
29.217316
43.398865
19.72203
88.78334
23.053497
30.30835
51.28087
3.6634521
4.567566
-18.023148
13.489456
14.411972
4.209915
36.916122
0.51119995
85.84494
57.644318
27.816864
45.879684
16.000687
12.722305
19.297592
25.820633
26.982956
94.65869
62.442444
-10.892799
22.71434
37.076157
-10.796997
111.69664
7.185852
12.686859
4.0176163
38.629364
1.6398163
-27.112808
29.372314
-5.4624023
48.28856
33.944687
69.61989
38.96997
54.60109
84.269196
34.950623
-12.115334
-0.61086273
-49.823593
2.242096
-9.3324585
-1.6868286
8.770477
65.12903
52.42256
53.944412
79.26169
94.50127
68.66727
68.26378
-23.848793
5.656296
7.7611694
-32.329338
-11.368172
65.57799
-5.2029266
78.8692
48.436966
43.749847
59.569
73.69516
31.021896
64.1189
38.486176
73.16492
34.574203
22.93657
17.219788
-31.878548
67.96524
53.220215
65.88324
12.23291
35.23828
30.625595
-1.4243927
27.760284
19.667648
20.55397
21.833023
67.225174
57.81491
71.306564
10.07225
30.586273
18.680267
53.970078
58.45102
18.743713
46.738632
-1.7221222
32.352005
81.0302
28.69896
30.766495
6.259079
52.143433
28.718857
70.66214
71.16446
1.219429
39.767456
67.89458
78.12273
15.796494
18.98111
56.372757
-0.35382843
22.88034
-19.768303
7.7288055
4.613098
72.459305
123.06256
156.43507
114.261154
41.720566
-23.784058
-34.267708
-9.769974
-18.537987
-9.558151
-33.94214
-17.665009
12.234222
49.780273
32.930862
35.6837
28.74469
60.071915
43.505447
31.566925
57.080093
2.4853363
21.238846
13.837067
-13.534088
8.004471
-14.300346
-28.43335
50.31308
24.056427
37.566467
13.246597
33.825134
22.148941
55.327362
33.966232
27.5719
37.752975
53.37027
65.85109
50.588745
27.210876
-2.899353
-31.051926
-40.824203
0.38282776
6.477707
37.568268
16.514908
63.935547
20.416214
48.649582
44.669296
-10.311005
36.83496
14.815491
-18.548813
29.165863
68.43019
23.375885
50.871414
16.108002
40.557083
13.281448
-5.310951
64.49365
21.401016
45.384674
120.39722
141.99905
25.898804
34.18541
-24.714447
-30.999
3.1674042
-37.511116
8.320831
45.3676
87.614365
116.00101
83.58267
36.836975
55.835724
10.605011
-3.338028
5.004013
-5.637184
28.003265
-12.55043
-11.125488
22.381317
1.5300598
35.47104
62.65689
42.072372
77.65616
48.258118
33.748108
32.630493
37.5645
6.460373
19.962341
-22.975296
20.571564
7.152603
41.40454
92.52457
79.31978
88.5134
64.31377
86.19171
30.528366
31.277237
-33.34105
-2.6906586
32.333847
-47.0831
-19.460625
58.611847
66.18028
48.668198
52.47551
97.60248
118.659424
85.42255
56.103653
17.514954
11.164444
-20.687943
24.640778
23.574905
5.6443634
-5.278122
0.8689499
-1.6483917
56.081665
68.09567
72.18042
98.18303
81.82614
41.1111
28.416595
19.62854
8.939407
-0.9118347
-18.900055
10.652161
11.621704
68.8504
57.430817
65.944916
56.215668
37.49733
50.162735
28.476028
33.789368
17.059753
30.109741
14.539291
53.12462
54.57202
104.545715
40.780945
46.23831
41.379364
58.77771
40.630722
33.208557
-1.809082
40.040375
2.6596222
63.910522
55.4823
40.89093
50.25943
40.86284
47.94217
80.58066
29.754547
27.884537
38.55272
65.66316
-27.52488
14.039001
9.455193
29.787445
78.513275
65.07402
80.599655
81.23361
45.774338
37.328613
76.26706
60.159683
16.795044
27.863358
40.729675
0.5638275
-31.48845
-4.8240814
44.924805
20.760818
81.569885
75.78642
55.541565
25.502197
43.79149
28.820541
38.43936
25.81755
37.71054
1.0017242
40.794556
71.789276
56.036774
37.958084
50.144455
32.87889
55.890076
17.815208
20.13099
8.970108
6.9001465
41.733032
22.079971
49.496643
22.675827
36.996597
68.33836
150.90286
57.054794
54.989594
55.821457
35.642303
3.352272
-28.666656
-53.922073
39.940887
20.129288
81.52692
60.819153
75.8611
-11.862976
41.198395
93.79094
83.09248
50.0679
55.604767
90.475586
-0.66825104
-16.034508
8.860046
4.2261887
88.85585
27.217995
46.150314
59.780838
71.90791
29.199387
29.827255
35.910446
5.358673
-19.089333
24.44278
-0.4208374
54.280243
33.221436
65.03302
74.9843
49.638412
79.42587
55.1192
22.353394
-9.097572
10.595886
-20.67685
11.87056
-10.210236
62.37712
62.729004
39.355667
108.49779
55.015625
57.339233
28.733902
29.898895
2.4993362
-20.760246
4.0652466
5.087158
20.644669
24.403717
110.83507
78.89581
62.66971
40.72528
50.47197
-3.6668472
59.966843
32.590286
-28.310455
45.252502
35.937515
18.165817
62.523758
78.81398
54.551636
52.967224
59.8656
-2.5196762
38.1259
59.549988
40.24582
27.959244
32.196243
5.139122
49.807327
55.672745
73.50899
48.878143
-1.4384232
74.57898
50.508957
14.36483
48.210785
60.872482
37.84944
38.050446
54.444855
73.18437
90.1664
81.41383
40.96617
28.374039
21.239723
18.403702
17.17591
39.223907
48.555115
37.51573
8.644012
42.729034
63.774048
74.14923
59.89612
74.54541
22.598785
32.651344
36.921417
11.076515
40.747864
65.49461
5.766716
0.22999573
24.615677
49.069916
52.215576
113.507065
63.76935
75.76428
40.87143
93.10686
37.037994
5.8265457
7.7208557
-30.093384
-18.290787
45.53972
63.19194
82.77504
67.39578
100.49953
81.16821
52.349014
70.048096
48.817963
81.43317
18.665062
0.28072357
22.80423
5.87677
-9.558533
-12.542496
50.649414
51.88925
44.29033
144.2564
62.447754
74.19432
31.614365
11.33477
59.87503
48.677658
68.247284
-16.508995
14.553696
26.759842
12.719879
36.827133
50.9597
60.167618
89.99747
56.79538
68.407135
67.17757
30.36966
41.92482
31.130798
-0.90219116
4.1247025
33.894028
48.247253
39.263947
37.611847
60.61656
75.484406
31.63443
5.1995544
48.47351
80.475296
28.918716
37.02478
54.25209
62.813187
22.64769
-1.8805084
48.75609
58.55156
65.38008
17.04525
62.710663
34.648056
48.369827
62.86328
46.67993
89.16934
64.39226
61.721024
48.94603
58.71393
30.785217
35.471222
20.935585
11.542633
33.031723
44.61943
15.05426
45.015793
98.29559
109.79637
94.162415
93.38632
20.842941
36.00943
-10.817825
-6.3873444
-27.809616
21.204666
41.4852
72.96744
44.169098
33.86685
87.67662
51.436203
40.148224
24.860458
34.619476
10.2487335
26.08451
38.610596
12.526329
55.513443
-3.0111847
57.198135
21.659302
42.823013
59.016617
59.51358
32.039
32.829033
77.9229
34.15175
-16.14074
-2.4519272
49.2995
12.843941
86.879105
39.141815
58.819794
74.601974
35.708664
61.08722
36.175217
1.9028549
20.949776
15.316742
28.427673
37.621674
52.85074
21.248772
73.15024
71.34708
104.17439
73.4628
37.6502
13.789238
-9.49147
4.7810593
33.493164
53.812576
25.046906
80.49655
86.431366
31.444778
29.531746
51.740707
48.493607
80.17671
67.92496
67.8598
53.9825
58.208435
58.386215
58.25
62.95775
58.647827
51.972504
12.824936
29.3368
31.925598
34.98449
39.593155
36.935516
65.87581
62.46115
82.91867
80.27872
21.294876
55.378387
43.91617
10.119171
15.651787
26.335999
12.561722
21.025986
39.72238
66.38992
55.393158
82.19783
49.875214
48.83599
51.483917
-6.844185
26.712006
15.913391
29.495201
60.835754
61.633057
3.7781448
79.0959
61.162766
54.448013
41.57094
21.70163
50.867325
48.91371
34.013535
56.52643
57.61473
22.7938
-17.67643
19.048492
48.514877
66.79257
53.084778
73.452896
50.383545
62.719986
82.59161
33.6175
83.04312
31.32457
7.40683
67.810776
9.376053
62.640778
21.823212
38.213974
44.670837
42.173462
47.80262
62.44182
62.788925
63.174454
20.558517
29.748795
18.659424
43.98665
74.19885
21.55487
25.388504
62.105865
81.03363
96.156845
28.794167
-19.819397
48.84694
53.25122
18.1949
53.491455
9.6623535
62.64241
67.2952
70.340866
58.000412
113.140015
54.03511
18.851204
3.5143814
26.584335
40.737534
-7.7142487
12.905701
32.94191
17.540604
30.069572
71.80449
60.452576
62.746063
88.95088
42.821503
30.599007
11.241638
31.584167
7.213623
43.797035
72.65747
81.63887
28.331253
25.294403
-6.317253
69.791794
56.332382
82.63997
44.813705
36.948532
30.751923
58.911377
43.601425
52.08647
55.07843
33.004143
60.23491
57.166306
57.389282
17.55317
15.001884
48.535797
26.82254
41.79586
72.48312
72.85727
16.519821
31.102364
60.603043
65.90634
75.8353
2.3925095
35.013443
61.54779
58.01387
26.441895
16.143478
-5.745064
77.128586
31.619194
56.17244
53.49948
54.263123
24.470276
26.5514
23.511536
56.404984
53.010223
40.179764
67.366486
51.335083
9.796738
20.689835
29.079071
48.034607
19.378082
24.906586
74.59033
46.63565
77.89906
91.48451
62.9785
44.322372
32.01043
6.017952
48.439095
34.72574
24.074806
76.87038
76.9247
79.8376
45.040146
77.56586
29.722168
48.50894
20.683876
18.393654
13.725616
46.090195
39.76117
52.529083
43.954803
45.140305
39.96637
43.81076
58.84102
34.79619
50.64215
14.28508
8.6392975
48.85193
75.38005
60.265106
79.41652
25.925262
49.802155
59.041992
76.5314
31.977036
15.012619
-0.47369385
37.64653
37.161987
92.75104
53.265778
73.16533
35.204086
72.13016
50.72455
41.443466
63.16617
12.853073
16.820358
62.038055
42.4993
51.659622
54.370773
42.576874
33.83177
65.25955
67.66388
7.04541
26.489136
35.18486
47.904045
22.205338
24.497772
67.90254
71.24811
58.84381
42.119064
55.074738
25.798447
37.314545
52.88423
44.665695
40.325157
42.645386
65.039474
72.86708
24.354187
54.94565
51.556686
49.102432
52.02388
51.455963
63.165344
42.51384
84.26228
51.290756
49.570465
32.04132
6.887741
32.514206
38.015793
44.917343
87.16464
90.80751
46.417175
51.226166
46.072693
44.41078
26.26677
48.430878
65.21355
64.470856
65.6792
35.06962
63.028427
31.026848
20.998405
41.465576
23.844337
32.31218
42.71759
61.55246
74.09053
47.04747
69.04671
60.678574
27.130463
39.38138
41.368805
52.672836
61.06894
57.4162
78.39455
38.87741
49.853027
50.361786
-13.310684
39.504776
38.42916
58.210663
67.59384
56.703674
38.826553
52.02301
58.811447
40.429672
42.071022
37.829308
41.074776
17.931122
31.947083
69.296936
41.096817
51.92958
69.304855
46.020294
51.775223
42.302948
44.367294
78.039246
79.89612
22.36303
25.519585
1.3630981
54.712723
19.908066
43.158913
35.87941
62.9738
71.23653
65.35593
45.23355
51.70021
24.799644
13.178864
21.523827
35.609818
56.254578
46.256683
75.01216
36.70259
68.142136
6.6690216
30.89373
25.486
76.519424
51.029327
54.67758
62.51494
38.35685
38.48349
48.569336
92.52533
79.65677
47.11862
44.343613
47.495613
43.88848
19.109344
10.086136
21.30754
50.68019
71.02525
72.76253
66.119644
62.369873
52.64644
27.855698
24.229424
68.46884
21.333405
12.462746
26.050972
30.351639
24.015984
65.75131
94.03703
60.8851
102.52234
60.42212
40.20546
6.608963
16.9693
4.521721
20.12616
76.45597
55.552612
65.954254
67.82759
46.182655
61.132645
28.2863
45.60884
15.033295
23.452934
-0.7919464
38.065796
39.585327
43.27066
88.807144
65.073685
49.803207
63.310043
20.564728
58.131256
33.917816
0.9975891
16.035126
15.637634
54.141144
81.10327
52.72989
58.89366
79.60434
53.943283
41.868942
43.354767
55.070602
25.712982
25.70681
48.503174
51.46544
-3.6580353
43.44745
16.92694
96.77354
88.79309
47.583817
47.77478
33.004913
30.656204
36.004852
60.14543
15.944992
28.943146
16.913078
79.378204
79.57697
75.03436
64.07352
60.158157
62.389572
39.66588
19.793503
45.035538
19.408203
62.60205
39.15091
49.894836
45.38272
20.842712
55.819275
24.702393
65.95438
50.283142
86.61606
61.647705
45.302094
29.92942
42.887276
22.984772
54.718872
96.77071
39.92035
40.83899
42.770744
38.69542
7.1891327
66.22728
8.419991
50.772247
72.0574
68.71159
68.28375
29.629387
40.128418
0.69384766
25.867798
48.37776
42.91342
74.371826
12.129021
58.185867
40.706223
71.01622
28.05989
41.302788
53.71637
52.34584
47.527954
31.244751
26.82434
53.94362
78.22136
17.682693
30.718887
82.07576
23.971298
38.324318
53.228683
57.35022
49.43524
75.27185
38.86464
43.617554
35.918884
59.676285
55.859177
57.71698
51.18799
44.41382
74.1951
25.38649
50.05635
66.48752
39.798164
33.56723
45.94197
52.44104
21.196602
65.39172
53.4263
79.19513
23.24289
54.824127
25.949516
17.520828
41.186584
42.123985
50.913086
54.40222
50.145523
61.03755
65.6239
61.192017
47.04799
50.071686
52.501785
55.422623
48.196625
4.107277
15.174149
52.092377
35.13378
61.886124
73.0208
48.067078
77.563416
85.0293
27.648415
54.22638
39.289764
31.967285
18.506615
12.79232
8.075172
58.19696
54.902496
90.518906
95.67291
35.66243
50.387833
33.39949
52.276337
62.407303
58.94171
51.27391
60.476837
28.656166
38.32585
30.464684
52.490982
39.029205
43.70085
78.081024
60.07225
56.837112
40.2287
51.601456
43.113594
16.607178
36.0886
21.14479
32.403366
32.413788
28.956757
55.48384
48.593018
43.19393
36.834564
48.64865
46.36026
61.260635
4.816391
45.40239
43.180496
63.315765
49.149597
51.982483
47.624756
33.003304
67.942276
57.868378
49.47641
23.660332
45.7202
44.392044
41.310577
43.41565
37.917336
37.86212
24.512543
26.78981
63.26387
69.91528
77.503494
38.03105
-1.1996536
41.422745
35.84703
61.11264
63.852524
44.19301
40.655075
18.19458
47.041946
52.89145
60.42726
72.93727
71.33594
41.572678
48.239517
27.750847
48.425537
35.55815
63.972305
56.710297
12.34819
62.177765
59.819626
49.30754
66.59535
51.57939
54.526672
12.826988
42.67404
36.884613
47.33293
28.441437
36.65516
62.58084
61.1418
9.472061
90.92102
68.642426
43.341736
35.311707
27.541595
26.393661
25.131119
25.082054
78.07764
35.76564
26.504066
64.349304
83.155334
31.310623
47.907715
83.91193
28.522583
25.205215
58.88011
46.38951
31.527756
67.67665
29.70169
60.07199
55.426773
34.97284
46.49008
85.3056
65.43344
66.68927
51.106766
32.514793
48.94348
13.326103
55.175934
27.264618
28.000183
46.204323
78.71108
69.053925
54.70485
77.04393
84.09628
39.16716
39.876114
15.934448
15.571907
33.15924
23.837646
50.91565
38.61783
40.864502
82.83365
52.740753
62.1942
24.657753
57.974045
56.568848
22.226135
20.496841
14.123398
23.821167
17.767258
57.642426
70.87964
58.120407
62.392563
45.500862
41.37822
53.95854
41.72696
36.98857
42.08893
76.99425
-6.6648407
18.998932
52.85109
55.191597
80.02678
68.71486
77.65149
69.16528
60.33516
29.13504
13.295242
44.8024
48.38188
63.834152
31.688591
35.103973
57.358307
48.84912
43.876556
62.28929
73.07936
44.08737
58.43982
66.31464
17.359238
29.568115
47.65332
46.066452
43.394386
68.36331
63.79686
48.410378
71.105545
34.304977
45.66652
31.657745
68.53996
35.42227
72.52496
35.93358
49.491608
37.95877
41.156082
57.92772
32.927505
53.967926
6.7725754
63.065704
47.832657
82.24808
70.32567
48.020386
46.1877
59.149994
37.665634
54.571198
27.884216
27.451355
52.23149
56.55722
56.140472
56.72351
50.445297
37.56096
45.615387
57.825455
57.911087
55.515823
48.709335
58.880707
42.922943
70.57643
55.50525
38.375076
44.444885
6.247612
54.52133
40.680244
30.618317
51.454956
64.0806
57.847504
76.95158
53.208664
15.709274
19.421669
49.394623
40.68036
61.353058
51.078476
56.374374
73.98773
25.403427
39.853806
25.170738
32.441727
55.79454
38.27076
53.9843
44.823273
68.283035
51.427658
57.574936
42.79178
36.5402
61.28578
31.53727
38.77009
54.190872
62.993317
67.351654
63.13307
43.82393
43.322113
29.028526
44.251205
49.939224
32.72357
55.46866
75.8333
36.11618
39.476257
66.89758
37.96517
50.545517
33.446968
52.331696
55.785538
36.03192
49.51082
33.82625
53.260117
40.147934
58.86606
29.672867
52.3647
66.14697
55.405716
67.92192
52.45685
58.338364
44.03466
38.31025
6.232254
56.61786
30.804405
38.313835
86.20386
81.21974
58.743042
67.788315
44.347374
41.222694
38.188904
49.16526
18.519852
40.90236
55.01439
65.41885
50.977158
53.1868
76.46442
35.934326
38.67704
61.001984
37.718582
32.40068
42.137627
42.030807
53.80774
51.820953
54.27231
69.94504
48.342957
48.643585
29.687943
33.60125
45.778793
63.65187
32.19548
55.512695
49.35295
49.700836
83.52074
62.8992
22.26844
20.11621
44.313232
50.91899
44.76911
49.588455
62.915634
51.84169
44.09173
60.073135
35.150978
66.2728
42.16606
51.74858
60.235306
45.986435
41.99086
35.644257
39.084824
65.10791
39.219254
62.968414
42.613693
58.65802
35.84488
66.21921
43.101715
50.052307
56.8752
34.879135
55.26718
33.580048
40.9748
53.698425
66.321045
37.06459
52.407257
54.60814
44.01877
57.514618
75.32956
55.443924
21.076637
16.0186
40.83821
30.493431
53.611313
69.49347
46.053375
28.66166
70.07315
52.38022
55.753113
55.69731
46.953278
43.353058
35.160706
39.071487
34.859253
55.532425
61.14499
54.357605
64.13454
56.97847
37.8563
44.83506
43.878517
40.63791
25.108696
50.93422
40.062943
62.62462
69.33833
52.29294
75.36577
45.983177
49.453873
40.985138
43.63994
30.3013
25.958603
48.77536
56.00737
48.25238
46.647263
53.568497
75.90347
63.354935
57.035843
49.071213
36.039352
31.27565
50.341217
46.63011
64.47702
58.89009
45.89171
73.25372
59.073364
44.369537
56.228455
42.99028
26.580292
4.826271
48.81134
73.45883
54.91893
49.681732
74.27849
47.047592
61.333954
45.733337
33.784668
31.17176
39.85585
59.132385
62.095932
44.269424
56.76346
42.834824
25.32431
53.204514
65.345
74.321945
44.51258
49.320877
29.341179
51.488907
57.73874
49.12059
55.785873
53.189743
28.807083
42.346664
34.18863
59.36226
43.8584
59.258392
67.9198
50.79033
43.62378
50.403572
32.21776
32.33657
27.067017
46.505806
40.98445
53.54197
55.92839
60.83464
57.75357
59.539413
33.76866
28.355186
55.4759
35.195198
47.6957
58.762527
40.69857
47.61528
52.073578
55.979126
55.794357
52.126587
47.486282
49.365524
44.696136
41.62799
41.858032
36.86006
57.704987
50.352722
55.7054
53.825546
61.17546
58.89586
56.703674
60.824707
34.534744
28.390701
28.326187
27.483047
72.07933
64.2843
53.35295
46.591187
62.254807
32.046318
27.236496
33.743668
48.28351
48.565094
30.89193
20.167229
49.677643
52.30887
72.64899
75.548416
49.188004
34.282402
36.758926
34.48947
19.824486
45.60443
64.52611
57.115036
59.39627
87.77996
35.43019
29.86467
40.94246
48.61051
57.954697
64.70679
68.28693
40.70044
48.819626
63.799576
61.67578
50.26332
47.60997
40.7377
23.652184
45.83261
54.883514
36.99579
45.511658
68.24922
70.89641
52.82985
52.07515
29.607811
13.8700485
37.373215
36.24034
63.348557
74.071465
64.0213
56.708115
31.7753
40.409317
44.526276
51.398926
54.09442
51.487778
62.516357
62.43696
61.072586
46.246597
51.28636
8.09095
54.36479
57.234894
36.482643
74.395874
54.022766
61.347
44.981102
48.49015
46.660248
43.88333
31.67868
37.353294
50.261406
45.318863
52.834763
66.54173
39.782455
36.55829
44.31819
43.79223
50.25836
65.45154
64.73332
47.813675
37.203194
58.60794
45.06607
35.803894
40.689087
47.124847
51.320496
55.766556
64.12323
56.10637
45.557343
37.07882
49.82216
44.218887
28.957336
52.48398
47.304115
48.14804
35.29415
59.265854
63.33635
31.3246
60.81221
42.703247
61.498047
49.42926
55.65056
30.341164
55.12787
54.698196
39.262604
39.16176
69.0726
49.72682
47.635727
49.116104
62.037415
57.024536
37.70935
43.568398
42.439346
49.156334
54.805542
54.480835
49.253418
38.810333
55.50361
18.486992
54.908752
53.515686
58.74681
54.433105
35.90959
32.707146
53.07666
63.606186
38.205627
55.220444
36.724625
48.283104
64.89412
63.42769
55.733116
30.699898
26.60756
52.43995
78.551926
55.836105
45.086975
39.441566
45.894585
28.805252
37.534256
51.97264
63.318024
59.77626
43.685486
42.441154
59.362335
38.54059
66.841064
22.508835
48.424522
53.93947
80.04006
61.27874
47.23915
24.435448
54.221268
46.510254
25.873497
58.650177
53.150696
34.081787
48.240814
48.822845
61.13597
53.190277
56.83972
30.660759
46.797546
31.511932
60.56862
47.63736
45.33252
69.42349
61.589417
47.22487
47.915802
49.596527
38.46675
34.28157
29.354126
57.421402
76.89368
80.40877
64.24199
45.25923
37.651154
38.908905
44.002663
57.826126
44.75966
40.27529
49.82344
65.437805
63.097076
59.072357
33.498062
55.71196
42.944153
33.06549
37.27186
38.3851
35.704483
64.68823
59.99695
54.552338
50.673813
48.955063
40.885605
7.296646
47.133095
69.13562
49.808517
48.460648
56.52545
48.587723
48.315887
38.697998
47.342194
67.22098
46.728188
71.68613
51.39866
50.68052
44.936005
45.450104
40.676163
69.2711
47.89026
48.90898
63.823547
70.870255
42.26245
41.610497
24.685066
44.039825
41.713318
49.362183
50.37075
63.629715
68.79335
45.339348
28.677399
43.46575
32.214584
64.11797
64.54663
47.242935
50.64132
34.785744
53.900734
26.107086
43.6819
40.302002
53.795563
38.616272
44.969215
42.500313
13.350365
55.262817
59.66623
39.476974
45.684372
63.266098
59.672195
41.636566
54.59108
47.92154
40.98233
34.940117
31.023727
53.01448
68.77492
64.75557
64.613945
66.61511
46.46982
37.664528
21.861954
25.570091
20.055428
64.48605
63.383522
69.687546
65.94652
43.92611
39.040375
25.489517
45.449783
51.962692
53.802887
60.449768
62.33201
64.87616
57.500854
44.424706
51.668457
68.443146
36.62973
48.728592
11.555771
18.25077
57.227585
60.97159
72.28383
66.39751
60.942352
34.908157
45.689156
26.842598
-2.9974976
48.50511
60.04692
52.95298
79.813934
65.16414
18.967583
38.311874
26.78717
48.449142
65.88292
54.421265
30.230804
37.142487
50.038834
64.555176
51.215744
56.337433
53.01523
49.851334
38.314545
60.739075
25.904495
51.49608
42.623184
65.344406
49.184937
46.66577
75.11915
62.962387
42.614685
34.24936
45.543915
36.593964
37.335846
29.569145
59.261887
66.8627
45.654602
52.48163
64.9942
46.275154
47.945114
40.147995
35.02659
53.268982
55.146378
46.43782
36.308594
38.57675
47.490677
74.20987
49.666306
69.37685
33.81855
28.781448
33.19925
20.042526
29.931885
64.86255
42.007156
76.157455
83.42305
86.67642
35.386566
12.5767975
24.397171
26.236916
60.951706
51.40016
75.51599
105.00313
60.793533
55.17073
27.164154
13.349808
19.300018
23.10765
44.256104
64.97395
85.39748
78.32132
52.766937
68.541855
50.9545
1.0282364
-24.809822
32.720306
58.255936
65.97041
73.217896
75.77084
51.201553
56.878525
21.725746
38.170486
37.625084
27.211472
40.827957
40.175407
48.14303
33.972847
63.955124
59.83818
65.913025
54.132553
57.204323
21.857208
41.11847
29.595383
37.0972
79.47599
44.300873
61.65042
53.36609
63.769646
56.9971
45.7341
60.265594
51.593994
39.431145
37.081024
35.28824
56.166794
52.903275
56.908524
56.95787
66.4848
47.88002
68.138695
32.23172
39.38011
37.86914
37.390488
39.03946
67.06688
59.928497
60.327087
58.793144
24.369987
48.291748
38.49968
31.998016
43.706192
58.454086
65.53288
71.53637
58.60309
55.8425
39.63691
45.42092
29.34938
38.057816
49.056946
69.79524
60.211395
54.055664
41.360184
48.277023
40.88414
31.529083
31.388214
34.461594
64.00807
52.189316
45.51008
68.04343
35.946198
37.22252
43.30922
46.229477
41.763397
40.744347
52.041016
66.50104
45.907608
67.0334
41.099678
36.339233
56.528633
56.932472
40.57422
30.98439
51.753677
51.25554
62.73516
58.41652
57.9552
63.860634
53.2278
33.719543
45.515762
39.32692
29.115692
39.429184
75.06473
58.078888
39.282898
40.372925
54.276993
58.93608
43.451073
35.36
32.51123
52.43863
64.13244
35.697327
41.47647
74.678894
65.17767
47.56018
52.75193
50.478775
47.973488
62.68878
45.142494
57.2296
49.124985
54.88392
31.950691
40.770058
57.728577
54.751335
56.83393
41.220596
39.28871
43.03502
48.930145
34.574356
51.425797
35.88784
54.702576
39.10948
54.157806
49.923386
53.09014
68.64577
23.849289
42.365784
26.581161
59.897675
45.46319
65.84679
72.01849
56.686523
54.691864
29.351166
39.825012
61.72209
62.395523
55.308487
40.748154
39.155815
47.57576
75.34378
58.8188
53.11876
45.677277
52.460106
22.252449
45.374634
41.09861
59.308594
70.676155
51.3714
59.705414
45.14537
46.335045
34.81378
37.352806
59.464996
36.298737
58.753876
58.505096
36.254333
54.562973
31.963158
42.802635
62.55561
39.967987
35.407417
67.46799
54.834167
53.830093
60.177338
27.045593
48.2566
36.985016
67.36166
46.731827
55.595444
69.20368
65.2398
28.999573
62.976288
50.924812
22.661118
52.176964
56.81604
67.83249
64.231064
62.998337
33.885284
38.292633
28.304047
58.67328
23.118637
44.275734
69.91637
51.647293
42.812126
43.04367
21.790634
43.171974
50.186615
53.51204
56.46849
42.93226
58.27897
41.168175
38.11129
59.6892
66.737
29.709122
44.949066
56.927048
48.39718
68.283295
43.475014
49.791153
51.22769
41.13846
51.429176
57.674522
57.51602
56.526253
56.96431
44.266357
34.457367
51.798126
59.668472
43.79654
39.808098
56.407967
60.023956
50.752228
60.41754
36.88581
30.659874
33.221634
41.23584
46.980347
55.640625
50.859985
35.48294
52.539673
32.368065
59.840775
61.62075
72.353455
44.060806
34.394638
37.5129
18.413116
48.640457
63.665268
57.246117
69.53693
62.882965
35.44046
40.563965
46.467316
32.40448
43.053192
37.65657
53.863968
69.490845
71.67141
73.17293
39.154648
36.111572
29.241577
35.054504
31.168915
44.221573
66.96443
72.5392
59.67272
47.31111
28.643692
66.89048
40.43528
46.927956
39.56871
45.249817
56.87258
55.027176
64.624344
54.727974
55.585052
65.98201
43.439377
21.061691
19.114548
55.119812
40.311043
62.564636
45.88669
76.33069
56.40071
53.30197
48.26143
7.1003036
16.721687
52.643738
49.466766
47.339424
66.93416
58.2285
77.52852
46.418106
26.991928
34.81852
29.2473
47.275085
56.266533
44.11541
75.57256
46.967896
56.23075
38.98668
53.12851
51.91794
47.358887
49.477264
31.451584
66.96205
50.924805
44.200516
51.66741
28.74733
41.45497
41.461807
57.59278
65.583694
55.272568
50.928482
17.888374
31.432251
51.22621
59.294296
66.45115
74.25205
58.942078
24.349731
45.02986
55.271774
57.110504
42.701057
41.227455
53.183975
57.297592
66.594864
62.9348
60.807175
56.988266
35.927223
30.036179
29.50206
45.86931
66.66216
53.433914
62.967545
48.35515
53.748985
43.89763
24.174843
35.41337
50.990997
44.511856
50.93992
52.76542
55.893433
61.367218
44.523872
29.996292
39.529396
29.807358
63.75441
38.41899
47.482254
74.28998
46.615578
66.995575
60.617905
29.862518
15.832619
29.281677
41.99331
68.328674
70.02965
55.710953
77.87166
58.452827
40.349823
33.20234
16.214355
39.88443
63.56636
52.34916
66.662384
61.36554
61.446198
28.446426
16.929268
50.401184
59.763016
43.54223
55.112534
69.045364
67.55153
61.89801
35.800537
12.693626
39.53087
42.125473
49.70871
70.719925
57.605797
70.05351
61.17253
40.471077
44.2836
32.894455
52.391632
40.95459
56.90892
63.03215
64.80347
53.86052
39.193893
40.23581
54.00782
47.65428
43.77919
28.371178
45.718063
52.466187
61.528214
74.53222
37.646004
37.8367
48.43818
40.87668
62.43348
45.416733
44.764206
45.639114
51.908234
43.822464
40.781097
53.396454
54.24823
54.748062
55.377426
49.504013
47.3713
46.81987
36.380066
57.94005
58.95546
54.761612
47.937706
60.14531
43.74225
40.32061
42.98919
35.928177
62.48166
57.88218
62.15651
48.715225
46.595825
33.938255
39.36151
38.16368
59.46241
68.810776
61.970055
50.45575
41.057404
41.8004
54.651382
44.688736
47.864815
56.30728
61.652206
50.769073
53.765594
46.379517
25.518982
46.02664
36.10048
47.164734
52.96237
57.289825
64.25833
56.444153
51.36689
42.31224
40.16774
36.156433
29.747482
50.37027
63.71045
52.7891
43.705566
54.0157
51.669075
42.31317
41.27424
44.715363
49.3208
54.792007
57.86303
71.09429
62.054726
57.93808
45.09227
22.29721
38.364204
53.14821
52.04158
72.348785
54.658623
38.277298
49.292732
46.784317
34.864105
38.608826
43.481834
46.472153
53.219543
71.34679
65.251205
53.061554
43.676163
28.327957
31.205383
51.30961
52.381996
48.39267
67.385925
66.95329
63.60579
35.765686
18.94191
34.49135
48.20455
58.677773
58.288147
71.50782
51.96026
56.26709
28.287094
39.32141
47.83789
36.272675
55.32306
65.282036
53.217514
53.361053
47.706223
38.67038
49.4134
34.99536
49.537277
40.99656
69.77127
64.174774
56.755417
43.970688
50.201782
41.375595
52.610504
48.036774
50.74742
54.23838
44.686035
43.35427
52.778954
64.73265
61.58988
42.116524
34.392776
40.81105
41.570564
61.01339
58.85784
37.3432
52.923927
44.045616
53.547653
53.132896
35.561615
38.521133
45.875824
59.89354
40.49617
60.0477
50.431686
53.03531
51.583786
48.47075
33.821686
42.167725
62.960052
56.79384
65.33499
51.18431
35.502335
37.166336
51.46071
49.237335
58.171837
71.836174
61.174644
48.07254
38.353165
48.89908
32.671677
47.218697
55.582603
58.539764
68.52801
49.24122
30.620018
63.255356
46.64586
33.673767
50.349915
51.79648
57.64647
57.609695
54.855896
50.234283
35.752518
41.443977
42.140358
37.576393
65.66974
53.73059
55.892998
65.274315
40.3227
40.172165
38.161896
43.7807
49.582962
61.29399
33.271606
47.55768
49.691956
52.340363
70.16599
50.130524
46.786743
40.22046
39.93466
19.2453
54.50876
48.97866
75.07958
52.312134
50.09053
51.44757
35.035156
58.256287
43.140396
53.639114
55.90811
55.12455
58.58635
52.358627
59.42109
54.66899
43.0065
43.015053
47.588234
17.275253
55.912506
59.415314
67.99817
57.23587
31.869858
36.377655
25.96946
43.705482
37.52379
46.20114
47.871185
64.89761
61.964912
39.192116
38.553833
43.06804
53.426407
37.163307
56.97406
63.904068
30.282616
48.930756
65.70595
71.52034
41.730927
51.814835
31.363571
55.578125
43.648323
52.538055
73.166275
44.36232
53.174454
51.996742
49.194733
31.366783
32.468224
53.21779
43.57695
62.508522
46.436768
52.058975
45.535034
50.03412
59.8124
43.566772
37.57512
35.47753
41.64521
58.565956
78.4278
73.241615
51.119125
33.548576
33.806633
49.83268
39.44098
55.89913
65.711914
70.38083
57.535553
47.43193
20.05513
31.081123
43.740097
37.428375
63.689102
63.13671
60.665283
44.62651
37.56286
31.711082
55.550232
47.409378
51.94806
45.093964
52.393913
44.998833
63.685516
56.398407
44.065994
47.07573
39.897972
44.058273
54.023422
51.90454
65.648224
40.274155
68.35618
39.263657
61.293762
58.266098
57.218292
39.256683
33.343704
42.163567
53.80394
54.509308
53.646072
61.66896
40.689392
40.848824
43.668518
43.65146
57.287178
49.318314
36.270752
56.039352
44.722183
46.065582
54.578377
50.425385
48.067047
45.03572
46.85916
33.636497
33.33525
48.22003
62.620193
65.62388
40.819458
49.480515
29.766937
31.007431
62.055405
77.083176
58.26116
46.856476
30.464836
51.99183
62.83722
47.149384
56.70497
42.89955
51.97985
48.56807
61.106026
67.40204
41.40123
35.541992
44.459114
54.996017
35.149826
60.184105
53.041862
54.397476
52.50215
57.853485
31.099907
34.229233
47.311066
43.493355
61.314667
47.111984
64.92886
52.477097
42.001617
33.844345
46.3767
28.426064
58.577675
58.200096
62.598206
55.038162
50.82254
45.724907
59.135498
40.823708
53.275803
43.136543
54.161835
59.621544
46.77507
55.167892
34.023605
47.21939
41.21573
57.741196
39.879562
44.58564
60.686424
31.119118
52.90844
53.637535
51.36709
44.026794
42.76957
46.001205
67.92457
52.77652
56.481964
49.004837
46.685455
47.270065
54.161407
46.845528
58.043396
72.78943
48.323166
51.343674
46.585938
34.28286
40.170494
51.71267
48.036407
42.981857
53.813614
48.120743
47.268036
42.60495
47.976974
19.843513
65.99997
45.64653
50.669952
49.90052
45.60936
52.15647
34.510437
39.290115
35.89499
76.9553
79.44118
46.6669
38.189056
45.809097
36.744812
55.751534
69.45442
71.15985
51.893517
52.354874
46.834183
29.199333
42.664413
40.707947
61.484093
50.686386
50.2025
47.33348
37.44574
28.52713
56.78282
39.264732
60.1942
46.48047
62.674873
56.86876
42.8687
42.658752
39.156624
58.21649
26.263565
57.863243
76.66496
46.420654
40.2679
60.074677
33.23433
34.879494
53.722374
63.92054
55.121872
59.76944
55.269737
43.91266
44.32335
34.066956
47.02791
57.293785
70.14609
59.590103
40.685684
45.97751
51.222366
35.671555
50.548813
39.294777
70.358
61.701942
34.86754
47.69879
44.67144
52.19252
41.906456
54.884354
45.562912
48.70346
46.80414
55.694473
49.77485
60.75052
42.586258
38.31685
56.016205
48.18775
50.54367
38.592003
45.790955
55.753166
45.80767
47.83412
48.876427
35.059242
54.34703
61.090088
31.348091
51.562775
40.719162
70.10335
57.69194
63.57547
54.78824
34.410988
30.24672
43.321846
54.391212
74.26181
70.58646
54.369034
21.767357
44.373337
56.270706
50.945015
51.60515
54.24221
42.941193
52.40631
51.07776
54.265762
47.662888
39.779747
45.574203
29.447922
55.789696
69.44661
59.952545
48.21602
28.55909
37.028946
43.28956
51.588455
32.768692
67.14735
68.687386
39.04193
48.974487
34.060852
54.107056
37.328087
46.314346
71.22519
45.60161
63.74961
51.808594
44.73358
42.112015
40.112007
54.36685
57.148476
48.393433
61.648582
25.256523
46.675865
41.07019
53.472603
53.192337
56.41269
56.641907
43.43003
46.838554
40.525414
32.46138
25.070633
58.47814
63.42105
77.29351
46.116455
33.829956
21.810272
48.512894
42.26799
59.034454
69.27018
39.558975
46.221443
38.874817
40.29489
52.288345
47.666138
44.827515
87.14276
62.599976
33.653206
44.040512
2.7659912
57.04814
82.42305
67.89203
68.81664
33.197372
37.34797
23.913246
32.943405
24.915474
35.18878
54.08922
65.27007
63.407623
53.216965
46.6868
33.86856
20.922287
60.730415
65.66632
81.51712
39.991806
63.075607
44.85781
47.68966
15.292549
41.347107
53.021606
64.76266
61.168213
62.070297
28.077118
40.708878
43.92267
45.552063
53.23063
53.81154
51.154602
59.363396
57.457626
60.667908
64.994675
39.001083
29.219223
34.180504
50.768814
62.247887
57.160645
62.960495
38.14283
50.97847
35.64628
46.64981
61.036705
48.315636
56.841095
41.2164
49.320923
36.88079
44.407455
49.221992
53.38382
61.572296
41.90107
47.935966
28.60559
55.52639
35.324738
55.937515
56.04899
66.5461
56.40558
26.310791
35.095474
43.74063
62.273224
50.557266
71.20599
39.90387
37.757294
61.336044
68.3548
40.39682
43.465996
32.178436
38.345016
59.21305
79.57869
59.162933
36.609344
31.509247
31.576736
36.190712
75.541275
56.252625
57.183647
40.309692
37.529007
48.02704
28.652626
64.61757
50.660652
59.32013
56.095825
52.328857
55.482605
66.6032
31.577118
51.187943
48.169884
45.195686
67.583725
37.932983
60.418396
62.74729
41.21389
20.311981
56.200653
66.52009
59.966263
41.956055
46.90168
42.475067
39.73339
26.326927
44.67743
54.018196
43.287384
47.49272
55.890823
70.84547
52.366898
38.170273
26.619751
47.49028
51.04825
68.130356
56.553
56.116295
39.889664
32.3273
34.08696
44.956314
39.86351
86.05671
57.02368
33.15976
46.391907
53.135788
18.40554
58.138496
62.78398
56.835373
33.558357
38.3208
52.390427
56.25415
49.462936
20.858734
40.446884
46.875427
75.108795
43.502625
62.975258
46.183044
44.033203
33.128883
33.555984
38.842407
50.774002
27.448875
64.36354
59.812866
43.206688
42.840073
43.313286
30.798607
52.595016
65.486885
76.42723
44.90915
29.588829
48.800537
46.67552
35.538452
62.156296
57.599823
46.42019
35.500465
42.28193
58.877052
58.40219
58.70601
27.635124
43.316338
64.41847
65.7786
59.088287
59.837402
52.213913
22.052444
21.264969
54.941956
50.166412
50.111282
70.757324
40.47946
30.190475
24.437134
55.231194
59.270424
47.869987
54.027496
43.619003
46.744194
45.75441
76.23146
64.416725
43.738937
31.825775
28.717773
57.050995
70.28267
65.794426
60.406708
53.83362
17.017258
27.646782
17.347343
80.37703
72.086914
57.049644
48.61499
12.151787
27.681396
10.544052
69.224304
81.097374
64.945
33.691032
11.578323
22.642815
33.132736
68.29728
78.02115
71.3778
23.482391
34.94806
36.96797
64.82316
64.82245
69.19988
52.32184
59.22867
37.388428
53.634888
38.39122
59.763245
66.35451
50.007156
44.51915
55.56756
39.56501
35.39978
46.093323
51.95456
61.364655
16.05957
53.38418
59.29744
47.148727
38.358307
33.342186
39.34163
59.511505
49.02542
61.355446
43.065674
38.743286
47.405777
65.51351
71.57776
55.7993
43.982964
38.86167
11.719482
51.91308
56.380936
68.93991
72.69495
53.293945
20.076225
-9.718918
58.77777
68.6982
46.95611
65.40047
37.3143
39.163948
23.278893
41.91957
60.005142
80.11923
44.210663
42.945435
54.785706
51.12349
50.883575
44.408936
43.329193
60.630905
64.33449
35.013
53.125427
52.677414
50.730614
29.553963
31.850754
55.90645
54.08538
53.2798
43.80838
45.14447
65.727135
60.699852
26.799904
51.539528
48.62503
47.2958
46.33988
52.995735
59.843613
53.676018
59.611717
31.108734
31.459755
43.097694
61.602814
66.45308
67.79447
44.1644
39.550774
43.234467
38.54393
42.290077
55.601997
58.670883
47.594925
44.46254
53.502716
43.104156
54.533356
64.22432
55.254112
49.08483
39.43682
51.570396
55.162384
39.07782
46.462433
35.46817
30.521141
37.697845
78.55297
44.805756
50.585907
35.191536
12.646332
39.13616
72.7556
51.63945
84.67535
64.79326
41.99695
52.926575
32.973328
39.23871
51.965736
49.94124
75.51762
63.57189
43.42103
59.32493
22.849564
33.96438
29.924286
63.68145
72.24942
69.48842
48.132668
25.390724
38.949867
33.7042
43.463936
69.86592
56.58293
53.066246
51.55551
44.220688
34.440872
49.336945
52.41018
45.673973
58.135597
41.005157
51.345276
45.985626
41.1307
44.935196
75.3383
66.45079
47.789337
40.087593
37.78434
40.87796
43.722145
62.1718
61.297455
52.2753
39.365616
34.955055
39.432915
42.679855
55.03859
60.54946
53.172928
31.536903
26.035973
42.632973
84.86037
81.628395
39.457443
26.894974
48.02044
45.526733
65.79977
64.382904
46.054558
52.75531
51.709694
47.938644
52.561928
43.656723
53.903786
20.814621
38.880478
35.75293
54.04226
65.13846
59.437393
48.252983
37.354813
31.826126
32.265213
54.68518
66.3949
70.15912
54.048462
41.9934
24.858536
42.893486
70.12813
62.931244
61.522713
51.20919
40.693344
29.200134
50.53927
77.77698
54.026886
45.583122
31.073181
22.636192
57.630516
92.419365
70.033226
35.26667
43.335747
27.281311
42.466675
41.837982
42.067284
84.34718
41.992348
46.038986
39.235825
17.814056
24.30352
48.864655
73.82254
65.41234
77.77003
36.921196
21.322586
28.938278
27.896553
70.69242
76.80221
89.29484
41.749275
32.95376
12.16832
47.534546
76.07956
83.45514
50.171852
46.280045
29.386482
35.175835
42.467102
33.7351
50.56871
39.09858
60.962265
31.078224
28.958893
45.087875
32.082886
38.98062
71.47114
62.002403
37.47941
19.267296
36.486115
72.50871
80.474655
57.71559
45.805305
48.648193
37.163902
49.863388
49.87504
69.00002
60.964462
37.525772
55.7603
53.698647
16.843338
27.389427
46.88111
57.10959
58.686493
79.75996
37.206177
39.78325
30.771973
23.336472
62.171402
98.982285
68.67067
46.94684
46.718468
22.611557
20.671394
25.938232
82.09991
53.8032
66.30654
14.309288
45.603104
25.442856
49.41935
59.185677
23.354767
41.0129
37.327362
38.30253
76.07148
63.030502
7.9901886
26.482895
50.773697
65.21383
73.293205
50.06143
50.826775
47.80945
29.413559
17.673698
71.396675
77.2892
41.43229
49.850098
64.88719
49.17173
0.7926941
17.29068
78.708305
98.4411
43.973145
18.788406
41.82161
30.275253
20.801254
68.63047
78.87829
64.26464
59.539795
6.868431
22.669197
64.885216
79.90537
54.08232
51.010986
33.736526
23.873047
52.976006
43.393898
69.427986
61.919098
56.149643
23.376404
46.91194
47.81881
58.71591
64.362625
49.735138
61.21328
46.825836
12.603996
34.7202
54.03882
71.4439
68.254036
37.70391
3.9516296
34.517906
54.711174
67.82118
85.45011
52.02088
37.690292
48.083412
27.031868
37.168213
55.16298
89.06821
46.951263
47.02214
43.41223
24.439384
28.146027
32.755844
63.288322
73.49655
44.960922
43.097305
29.954834
25.894234
49.275955
39.539978
79.90429
62.763092
64.28885
39.14235
28.07991
60.15609
56.878082
61.34439
63.206947
57.456947
30.79969
13.815781
51.87709
55.58568
70.3486
54.45867
28.96605
33.569
56.78691
61.211304
47.612663
50.13993
62.6528
46.343872
40.71438
27.049873
43.271584
61.959335
57.292633
52.149803
52.105293
41.31578
45.118355
60.592537
35.79294
24.022835
69.50054
64.91109
53.739563
31.266342
31.097847
50.271248
40.857727
46.4162
54.782227
75.86683
65.15344
45.311295
29.663872
38.567543
32.20871
80.66934
95.09943
61.044685
13.793915
34.87442
39.028435
39.518677
65.823044
67.80606
22.301651
35.066414
38.963097
41.10044
54.755333
41.773575
53.031494
46.258186
20.618866
55.557945
51.14145
60.792786
51.901566
68.55427
48.555763
51.16249
45.585068
49.159286
53.990135
60.693367
62.42074
57.8226
51.739876
23.709412
24.736908
61.742798
76.77505
79.76628
54.734528
40.691154
11.512558
31.00142
61.056076
69.26891
70.706764
47.726936
29.80262
11.177971
38.51687
47.138824
62.172234
58.44313
55.759285
22.617432
18.481049
55.257492
57.16201
59.213974
75.328094
61.4588
37.178062
40.37802
31.485542
57.59928
74.492096
72.666466
48.280655
51.411087
42.118988
33.769867
36.5363
64.35916
40.81285
51.168457
46.29564
60.338898
32.30426
67.95143
35.855507
41.868706
51.537407
56.295815
60.243385
46.21016
31.985703
48.50123
53.667336
55.32276
44.766396
47.593918
48.47753
47.77352
54.86055
48.54133
54.800774
55.207695
44.155075
41.50566
25.234383
68.19267
69.97829
44.705376
39.374763
54.027527
45.67836
47.368134
37.945908
53.96472
57.33793
63.528297
44.682625
44.952087
36.50087
26.697868
61.31134
61.174675
58.490936
63.550186
45.54209
23.019836
33.19026
49.48732
66.20788
76.7635
68.33009
36.00744
23.712189
41.545334
56.265823
46.88346
65.957825
36.13788
21.053406
60.372513
51.23931
37.98195
65.68511
38.068848
36.568115
54.61962
27.236992
65.459366
65.40871
52.625954
27.832405
67.113976
33.16532
73.63505
64.13274
20.58693
50.449158
19.225967
57.334038
38.23359
56.37677
76.29212
12.370285
42.18727
45.131927
88.544136
34.671707
40.028313
58.153564
40.74524
37.212006
31.871567
37.881676
56.098557
58.618584
65.778854
52.60634
22.657433
53.830597
61.955215
62.514748
64.662
58.540108
57.819633
35.077934
41.23056
61.608284
52.209045
60.534637
46.56334
55.900208
37.08104
39.803482
39.74057
43.782875
49.042694
59.739212
37.84527
37.14749
43.656418
64.564384
59.796974
59.824234
36.89775
31.05674
48.06485
68.749245
61.509193
46.127274
43.653748
65.51667
27.708832
24.305962
62.863503
50.286987
63.375473
63.426727
40.16053
43.929535
39.720184
55.389214
58.533997
62.80667
37.125824
64.53733
33.448837
36.710213
39.543434
62.95044
54.83792
64.29755
59.663025
31.846489
31.145218
27.481033
57.23429
53.79795
78.12415
45.807472
38.18364
27.480057
47.921997
66.695755
71.66847
58.000687
43.150658
35.410995
52.10164
55.856766
56.537674
42.34639
43.159462
35.299965
68.71413
59.53232
51.310013
34.440544
30.524986
32.23324
58.380043
81.1572
62.43795
31.881607
27.165047
49.884666
50.652946
57.10463
55.721092
60.924606
37.755463
38.879196
58.62007
58.214172
56.064453
39.973343
38.96328
41.312515
34.92553
53.134033
57.479935
53.283043
47.25448
47.042946
38.701614
47.367676
54.733192
49.377365
58.917442
62.68296
50.43003
56.468773
60.788147
40.162666
45.416008
61.487823
41.781677
53.69252
46.17443
43.71029
58.93248
58.256844
38.748848
22.447708
42.435806
61.41748
61.386147
37.81987
43.311646
33.661156
36.681976
65.00352
68.47335
62.862724
55.94259
37.282516
37.903893
45.974594
58.533546
59.896805
66.41861
54.23088
21.003052
19.217667
62.281464
76.59368
59.359024
42.270966
23.920898
41.838173
41.098442
66.87689
46.240578
48.96241
17.294136
32.641556
50.866737
50.568115
48.82911
59.778183
47.759415
35.35717
38.76596
59.306503
72.0911
47.26777
56.311203
44.735657
56.1864
49.644196
45.95175
46.36239
41.684578
49.872322
55.793266
54.030083
20.854263
59.045982
54.326996
49.62603
40.234573
58.6966
51.750954
40.2079
34.97017
64.42299
48.43141
31.482208
71.393936
47.20018
39.232582
29.1353
49.297836
30.349121
44.622063
68.427536
48.91591
29.835617
40.31379
18.970795
70.23667
63.167816
60.978485
50.00318
22.720848
57.35739
63.107124
75.31705
36.880173
48.58535
57.026093
70.36664
55.79904
51.204178
59.49788
57.167404
29.60778
43.605133
50.844482
49.045723
43.819565
43.020477
55.549934
19.973763
37.144844
57.752052
68.60505
40.542786
22.670242
32.598175
47.84281
62.93596
48.46547
39.87146
71.22216
25.319687
23.052597
46.55793
90.034485
83.441864
50.61451
31.505615
35.167877
26.728592
58.19159
92.04868
37.26925
57.09839
10.248917
30.49662
8.560204
94.28331
93.0774
39.16063
-3.5230026
33.763374
44.835503
57.505722
81.23008
52.77162
36.87638
28.283012
47.39427
52.56765
67.32867
61.714165
63.012054
42.426414
19.083824
52.82631
60.68238
74.271454
49.451668
42.98635
21.662292
45.926346
50.355804
55.46411
85.409134
50.724945
21.2305
10.357277
68.13997
61.691185
68.15454
45.707863
25.77478
43.368843
48.43364
46.996292
50.231697
58.423363
55.352264
47.57572
40.110893
57.0512
44.65374
59.69371
43.050987
45.327843
47.452896
47.32995
61.300865
47.454865
51.279808
31.922203
50.068527
55.599533
68.082214
46.588966
36.033447
35.076775
51.690773
58.69024
37.70832
41.765274
68.8801
40.115417
33.222176
58.258568
25.485947
51.171173
50.317787
67.51429
40.637703
36.118988
47.07814
62.991302
71.55249
56.62397
19.038391
53.83039
44.584305
66.30828
77.905396
46.00125
8.311203
36.76808
72.58618
58.639862
72.50989
42.18097
2.0764008
34.60543
67.50506
54.69496
61.35064
40.97338
25.220505
44.342255
44.054947
67.65757
49.01021
55.61978
50.61947
49.554176
34.29023
58.848785
82.876114
57.176384
44.730637
34.45108
52.567444
43.823494
54.154465
60.38089
57.02327
25.474915
38.95919
46.56353
72.09592
57.508423
35.016426
42.32807
35.998528
46.79471
37.16809
73.80049
61.59449
45.98472
47.875404
32.7231
45.133987
69.52855
66.510826
47.753334
42.14125
50.69349
39.920204
39.689133
74.1129
48.89157
19.160706
39.98121
55.23191
69.03062
45.77041
26.093483
40.94519
56.4059
62.871666
49.300278
40.72126
53.781143
51.571747
44.128426
58.367348
64.58243
46.128174
47.225296
42.83777
51.28798
60.424217
32.559624
59.689484
54.84588
47.43331
18.963165
51.140762
63.001373
59.699753
54.23194
36.929344
25.779701
51.928787
54.70378
42.382805
75.4913
42.915207
45.542427
29.503555
43.066757
57.135048
75.87823
59.497284
43.636253
30.307755
33.34484
60.471497
52.06955
65.9307
51.75154
43.531387
18.034042
42.44445
57.92314
69.38034
64.87497
43.273087
34.877106
44.37877
50.252853
73.698814
49.64479
62.975296
62.515877
38.251816
33.00489
35.808365
54.835205
88.004776
58.875687
19.716087
10.584831
17.692093
42.59369
86.20595
77.591644
43.888313
15.690826
26.08879
51.34909
79.306625
98.71307
62.85115
25.942818
36.511414
40.884247
61.580826
63.435715
65.36008
46.120445
14.953613
38.86611
32.267227
58.481247
53.13382
44.33593
43.03573
55.904205
55.537476
30.60968
69.60188
41.52334
46.988556
58.533302
38.40641
59.22519
46.644035
52.48442
44.541183
41.749466
38.976242
44.92092
79.472946
68.27508
55.72738
45.033432
18.765892
33.81347
73.98695
79.23937
63.23638
34.836258
29.67765
31.23648
38.204483
61.420624
68.59823
54.077415
57.31784
31.849632
25.762299
48.929443
75.65176
73.178955
34.45936
21.800667
42.59458
55.0278
51.89627
60.50213
19.326225
39.938652
22.541527
63.62475
51.040695
30.414528
58.695747
9.492523
57.2679
80.7076
90.62037
-0.41474915
19.612099
17.588463
88.172935
89.59632
64.28659
39.355675
9.35363
23.38475
62.37883
85.261284
78.70455
41.68576
17.065208
23.21196
39.217484
82.200134
74.73451
46.713036
25.103928
13.694962
46.382782
66.489105
84.167885
57.947624
24.398796
41.501472
37.94294
33.743004
78.65044
67.52082
57.460197
15.779793
52.993027
50.832123
75.108345
38.283005
44.17369
50.95144
41.16745
33.190567
42.48107
52.63324
61.12594
61.979187
48.148026
39.134903
51.145744
30.20781
58.504547
65.11098
40.674835
47.42578
46.101288
49.864418
43.220757
70.45622
63.1596
14.274384
38.762085
51.93918
64.451645
39.84371
48.242615
23.097305
46.022858
56.163727
79.01144
61.131355
40.47242
24.714561
59.099228
34.00827
76.77968
80.270905
35.500397
29.470009
36.96292
64.21619
62.320816
56.241158
51.122215
31.957062
21.810135
56.21643
46.267563
56.69815
58.360245
32.580177
36.163895
52.994102
63.452286
48.196243
29.028038
66.03584
67.56954
17.866684
62.496964
71.49795
50.59752
47.16706
22.76036
51.995377
74.52516
66.52015
45.008232
30.404419
26.682701
55.363754
66.744415
65.554085
45.67196
41.72328
32.289413
48.378525
52.58809
54.849953
52.465233
49.687897
29.346748
41.76403
53.972824
67.81116
48.17984
38.183357
33.513916
60.665558
54.53636
46.48249
50.211273
58.887314
53.605133
32.21054
40.984642
58.18933
63.37043
53.869675
43.705315
31.025528
26.701141
60.185417
87.447105
59.694534
41.13807
36.975433
43.93724
38.362846
58.89705
59.78839
48.501053
36.379494
21.48497
56.85781
65.816734
39.554413
63.472916
37.643234
46.187614
47.228813
53.531517
56.90319
59.81028
52.039948
35.793518
33.042694
30.900253
77.14127
63.290573
55.307655
28.996101
15.088676
45.06543
66.125755
70.75488
51.980515
55.726456
25.247147
27.02729
60.600533
88.82386
60.982178
43.39277
21.748337
37.559128
57.049805
77.79074
40.171196
41.511436
35.606804
42.435997
39.72879
87.19697
36.127617
56.60202
51.67138
36.048523
49.850388
66.06113
46.32097
45.753662
33.81945
61.11921
49.806526
36.93891
48.335342
14.516808
59.6566
68.05314
61.28974
44.402534
25.817383
41.180573
61.277687
72.661835
73.755905
39.953003
21.985878
38.55961
57.828537
71.05024
78.708786
24.524117
30.243332
50.40058
60.924362
60.979156
75.215195
32.429337
17.855118
45.79953
60.494675
72.93882
54.69689
30.256012
26.182426
46.673325
81.887955
23.810005
24.098412
17.972855
41.991577
56.603455
76.54894
58.038307
56.273376
30.638512
37.272667
41.147835
72.527824
69.00247
47.67652
33.074265
31.52098
40.277817
39.878403
89.47442
44.322464
19.192398
50.852455
55.479446
74.17964
51.67424
33.20514
33.649185
50.36058
71.1826
78.93339
49.952637
16.571426
22.024124
40.38803
109.88575
57.111855
36.277496
-12.321686
17.79377
73.03456
88.52908
73.09387
20.537682
-31.132729
37.97061
84.57703
93.43808
49.65567
16.815453
-33.23458
58.546684
98.86981
68.225746
21.976631
8.728188
46.1593
65.67704
63.506348
42.118805
51.745636
61.53881
17.271492
53.19226
66.86447
65.002335
73.201965
43.361435
31.2537
55.359985
20.985321
59.55053
80.025566
51.175323
32.497223
33.840546
20.425606
35.18193
91.2221
53.503334
48.14865
21.895714
34.22055
63.600517
71.130005
34.991684
29.214691
43.34577
43.01764
55.184036
34.804436
43.158463
53.44442
88.51045
14.292351
51.892258
57.313286
36.81324
66.98271
78.357414
40.50128
30.360428
32.824158
36.578835
76.134346
62.443756
65.60852
3.1107712
38.999954
81.71748
68.61147
59.394264
40.188057
53.438057
48.035423
34.667076
44.75421
49.694534
57.02806
36.07366
54.26938
38.151245
26.84594
77.725494
77.62775
23.72667
46.212402
35.06839
13.3480835
86.25033
54.310593
57.94181
22.5495
38.313354
54.660965
69.5273
69.55017
51.284836
52.164978
24.564827
66.85033
59.923874
29.80655
50.595978
42.482597
52.625206
34.851463
43.295197
53.614685
49.792366
28.56044
55.99341
21.509758
56.385185
50.85836
77.49033
34.009377
32.18036
37.095154
65.98723
54.63851
44.963974
38.753937
30.07611
59.233894
81.635635
60.402527
28.952606
52.286995
-3.3354263
94.20386
113.37862
44.59572
-15.348038
-3.472351
40.239235
94.61888
125.22725
24.732994
-41.261017
-8.869965
58.38983
104.585625
106.04789
46.176956
-23.590965
13.213051
46.20623
57.18698
47.736053
61.4226
52.749374
20.133423
26.923485
5.3432236
72.74773
22.185677
3.8656082
107.47244
93.45164
65.55665
1.8012619
4.292717
67.177246
35.12082
9.051552
49.22619
66.904305
34.711792
8.683037
57.92446
93.97827
64.18856
42.432022
-1.7346954
2.4642868
103.07461
102.31215
7.3657
-5.9534607
23.45089
70.944824
57.068977
64.51134
50.96251
11.921524
37.647118
44.76609
113.53712
49.22941
32.92449
-20.826416
66.001945
78.51847
80.56858
-47.131042
-22.279762
95.17725
92.369705
43.382942
-21.609589
-31.461258
30.243637
87.33657
108.310486
34.825745
-6.552498
-36.358795
54.63394
123.96848
113.45694
5.368187
14.19931
30.985489
62.309753
84.19439
102.66184
-4.2666855
-2.21875
30.504944
74.57066
70.16186
53.615944
26.365372
11.539909
36.85958
92.72822
73.029526
17.400955
31.6305
30.268051
80.47472
75.87918
61.13153
26.675064
11.093338
33.227158
67.84013
106.066826
75.83705
-14.066757
-27.426384
10.047226
105.32264
95.21064
34.620354
-1.639389
-40.67633
43.763954
121.391045
44.855957
-43.575165
7.755806
29.61499
28.24424
60.11882
60.071938
-25.705757
6.008133
-25.083748
50.147484
133.90775
46.60553
-25.440239
-17.168533
9.074348
97.17261
138.49396
21.955933
-30.948723
-29.159027
30.49794
114.80209
72.27992
86.048355
-20.556137
-62.822174
20.919594
49.74285
130.09889
96.09813
45.757027
-41.852577
-42.0403
123.051216
102.688576
38.89586
0.7133179
10.937126
17.933563
31.753586
-4.3424454
22.955963
4.2090607
119.47712
-7.443573
25.803314
20.688507
96.55882
64.84394
63.010056
21.08516
19.38005
13.814339
66.090515
74.56825
101.64841
-20.291992
3.4751587
101.1202
117.29914
35.81096
-25.536896
25.014633
121.96001
85.42445
19.664627
-3.9692307
15.088226
71.308426
42.440285
94.53116
40.161926
-3.0175018
22.45549
50.227127
81.551834
89.00506
63.09082
47.196335
-4.624283
49.31446
45.016495
55.54039
76.151436
56.496872
-12.214905
13.725838
43.18753
78.72028
58.169334
59.23831
20.582573
9.66877
16.503273
85.19923
92.386185
74.84171
-26.027496
27.783249
57.15502
77.92323
82.485916
35.874046
-25.043427
11.606628
91.04041
83.38406
52.539146
14.521515
2.3223038
58.451256
74.33964
67.07205
38.359955
55.069794
50.356323
45.53853
54.458366
37.630447
66.477005
52.66983
60.91697
60.339157
23.602356
28.784256
55.367752
79.8394
56.24743
47.777306
37.643715
52.26271
33.83882
67.72071
77.673386
46.004745
30.515442
51.24768
29.535309
59.729927
44.111366
43.980583
54.233414
48.96409
33.35337
42.469086
34.995438
80.37538
60.797455
20.719238
42.934853
44.52867
59.416443
74.55913
47.210304
45.376045
30.521843
51.48729
81.63268
56.917984
43.34233
37.75699
47.53624
77.085014
43.15856
36.9814
31.398384
59.138977
66.13298
44.838943
7.2901993
65.42618
73.63267
53.66417
27.141975
24.876816
43.426537
78.916534
60.689957
46.215515
23.869171
5.638626
47.026505
83.41476
89.73213
40.478355
17.15931
25.814201
59.25509
64.86646
56.3974
68.47002
55.499626
41.105507
22.907753
47.8647
74.44555
49.15368
58.84343
53.020874
39.673904
39.699364
56.14112
58.018356
38.238434
61.123154
42.840485
43.467995
22.163765
34.668953
66.08494
74.88534
66.57194
-9.535782
36.98874
57.00512
51.79361
59.36254
73.03063
19.853561
37.5076
21.545547
88.52636
74.52948
56.764404
34.141083
36.351242
20.354805
69.55295
76.121124
62.87095
17.13794
25.703896
44.027832
64.09734
83.09567
50.966797
55.056152
15.468994
33.40248
49.539825
50.654266
80.59943
65.08317
-12.635376
-4.9341125
60.0533
58.593903
89.82797
43.706703
29.089111
38.694817
35.690277
55.94066
75.178825
59.08824
49.272346
20.256767
41.089027
45.07386
85.428665
36.070786
43.784187
71.33512
6.189522
40.643738
75.5504
79.38931
48.091896
19.847992
20.164307
71.95342
73.11871
69.233986
56.259125
13.151649
34.512863
67.32532
66.91032
60.435463
58.669815
36.788788
34.3049
44.50614
45.588425
71.49322
55.171143
30.417427
31.132217
46.09442
59.8674
77.00351
50.64248
38.922752
22.554253
55.734062
57.697205
59.00776
61.55581
37.227272
16.28276
41.283783
68.478004
58.606735
60.542953
31.472237
48.70002
44.964684
72.52803
47.555008
80.172104
11.656113
16.573837
48.615417
72.68291
80.15094
48.499107
15.3004
7.991417
46.61666
91.12482
64.03753
37.85869
18.92234
25.900734
42.124016
69.42359
85.2626
58.937546
-2.6645355
39.062744
56.31035
58.02523
48.23828
56.97898
38.23073
42.723442
54.040833
31.475792
51.701065
73.53807
62.81073
41.04545
38.462517
42.214752
63.171707
48.848785
52.780716
33.03135
44.382484
54.761414
62.73169
45.411995
55.834076
58.94835
38.76622
30.20694
71.257904
67.51112
29.075401
40.43904
42.901245
46.599457
53.088974
60.07628
29.383545
37.127502
48.965225
61.209045
40.0803
63.353714
52.33792
43.115173
59.51657
49.635574
55.289055
50.902428
49.433342
45.434822
49.123215
57.00746
52.12578
36.12345
54.061935
58.405807
45.591873
36.71866
42.52159
54.275803
68.25549
53.91561
39.473343
37.1913
58.326096
62.45407
47.382126
38.21061
24.219398
46.232872
69.81998
52.270256
46.87139
51.76915
34.587807
77.14402
54.27133
40.878326
37.744583
63.04609
49.454704
