672.46875
2653.248
142.30566
220.6582
102.399414
143.7041
100.91016
88.68164
208.03516
111.76514
211.59131
129.82007
109.33179
169.21387
178.00293
145.7749
171.44629
147.06348
146.85303
112.67676
63.40222
126.2616
130.77844
164.59058
90.193115
67.374756
82.43787
58.144653
104.734436
53.595215
70.49866
105.37097
36.181763
74.99939
93.58746
60.028137
25.527557
28.620178
94.00238
71.180786
59.25482
43.3869
52.92737
69.33719
106.3913
45.66046
46.01535
21.5
31.047424
58.37503
30.390503
30.314941
12.57309
42.92816
64.85858
44.16696
45.087463
42.564423
45.451996
34.802948
38.259064
11.851685
32.272522
28.641144
40.29129
29.688293
33.36203
68.500885
20.201263
75.00418
62.60022
30.13327
58.934814
51.731964
45.569
30.775238
37.595123
65.57556
37.140717
29.96286
51.40262
34.81534
21.716125
48.24762
33.475006
29.96875
65.2814
19.825409
24.23468
49.125244
74.94263
45.084076
20.204193
43.956726
60.355347
34.77191
64.631226
24.159882
16.916351
48.990845
27.41098
48.595306
20.779755
31.911682
37.22632
20.912415
19.62677
37.20694
28.172821
29.745575
20.607147
57.170013
30.916748
59.668304
50.141937
31.248749
23.575073
61.908905
21.125702
58.5007
63.797028
27.59024
48.8096
38.76172
48.790955
29.994324
44.264618
44.21454
12.846191
52.621704
45.749207
12.511261
9.154114
55.04715
23.331055
19.751099
19.182922
34.495697
7.155426
11.884796
48.229767
40.589325
54.34204
19.167389
14.356018
33.559418
52.207947
15.627655
18.855835
17.152924
29.486877
47.306305
39.496918
51.202698
38.421875
31.68219
32.885956
17.078552
24.666626
18.728973
32.36148
39.228058
7.8935547
21.623322
35.90399
40.89142
35.633392
29.204681
11.429352
27.023743
28.369507
25.703003
38.08438
21.36789
40.604126
19.804993
28.204987
32.56604
27.906311
16.022888
54.78253
33.05185
21.882141
39.716003
35.301605
32.151947
32.68811
20.336243
9.469299
14.38797
22.246155
36.36902
21.174622
10.60022
18.8432
46.96826
44.377228
16.519135
19.592896
31.924835
15.817749
33.55951
25.43283
19.549194
33.13336
38.424408
15.728149
19.550598
50.73465
20.17517
13.274811
36.971344
17.956451
21.924011
18.375488
19.316101
21.080292
13.4149475
7.514679
32.410553
52.859283
50.554474
6.4076843
28.306274
27.500916
-2.3024597
18.369843
26.414124
6.243225
40.829285
17.06665
6.322876
22.462646
27.681366
60.686707
38.97278
9.671814
38.31543
30.329437
9.508362
39.125183
20.844635
8.152283
24.098267
40.009705
46.809235
31.201813
45.42694
56.589233
20.018494
3.3735657
51.245728
20.45044
17.847809
23.432312
20.574738
22.446472
3.9629211
9.677582
18.732025
10.0425415
19.981873
16.134583
40.80075
9.266205
0.7819824
0.30041504
15.094788
18.09137
8.313202
11.346497
19.314331
27.677917
11.297516
17.071106
3.5643616
15.788849
20.362549
3.638977
6.819702
17.772766
30.024292
19.247223
10.750916
16.60025
25.473267
7.898346
11.529572
-4.5447693
19.486877
14.074493
11.919647
26.005524
-6.4326477
4.816437
32.96945
-11.528168
12.617676
-3.147766
3.137207
11.403107
19.116089
28.121246
11.004822
29.989258
28.666382
40.018066
6.2413635
11.522461
29.531494
-1.7475891
-16.020905
3.8532104
-7.310272
32.772034
26.59607
12.680359
44.752808
24.630554
28.134308
30.220795
12.454376
6.7211304
-41.85144
17.112762
17.12445
39.061676
9.002655
4.084381
0.4038391
12.002808
19.016907
-14.480591
33.60959
11.345856
-12.243195
41.447968
-7.225067
23.963074
47.6091
-5.7397156
-10.53421
25.986572
-8.338593
-0.4586792
-27.392761
1.9320374
-32.165314
19.352234
12.448242
15.535553
24.708557
33.135437
30.043945
-6.913727
19.996155
36.703735
22.489288
17.06842
3.550354
-17.841309
-26.40564
-14.911194
2.5438232
-0.45739746
22.243591
-18.4729
-20.364685
-13.040863
-56.099976
-61.979828
-30.127197
-24.084595
-0.27398682
-4.858368
-10.735626
29.231445
16.313904
-61.420258
10.054871
-43.27832
2.2844543
-31.262299
-11.366241
-6.9670715
3.4673767
-9.078308
-15.3160095
-37.12097
3.8708801
-30.57608
-7.561249
-24.30719
-36.070374
-3.3302612
-8.6614685
33.090454
-1.3797913
-10.741272
-11.680115
-2.8457336
-13.119751
42.84659
-65.50137
-16.66388
9.607544
-10.111847
12.7229
-54.4881
31.167603
-2.4560547
-43.317383
21.091888
41.109222
-12.3797
36.01468
-36.145416
7.2624817
-34.174133
10.311462
-49.454163
17.824097
-5.3417664
-29.825775
-42.55713
-12.384216
-22.907562
5.251648
-14.39267
-8.647522
22.518982
-45.44815
35.19339
-12.594238
-106.70969
-9.848236
-13.708252
-8.120087
-44.565704
43.056915
-73.46347
-27.673615
0.9172363
51.920776
-16.202698
56.736572
-8.324219
32.862396
30.25467
-54.455536
12.529724
-12.861633
-27.556427
-20.521729
-6.44812
-18.604889
-55.841217
-3.8502502
-10.45166
5.9744263
-14.382355
-41.460175
19.2807
7.438568
-49.41205
-13.749023
-2.5616455
22.880554
25.830872
-6.908264
-34.68213
15.978882
7.324066
14.970795
-14.235992
-17.684082
-5.10614
-28.928589
-33.233307
-29.445282
-3.9403381
19.737946
23.280853
-4.1312256
11.75119
-6.127716
51.72177
-27.861176
-39.23291
-64.279755
7.300415
20.681519
28.431732
-9.191956
12.045624
-2.1822205
-4.5745544
27.591614
8.747711
-67.03494
4.5731506
-24.530914
-10.578033
-5.2437134
-66.07367
-52.555206
2.6466675
-18.573822
-17.450317
-20.700378
-57.235382
-25.292908
-4.0240784
31.9646
25.02362
-12.389374
-48.444244
-78.35855
-49.338257
43.382202
-10.167175
25.837372
-32.15503
-12.113983
0.11373901
-81.73703
-0.13800049
-60.404144
-36.838318
-24.516754
-29.38382
16.956787
-33.957214
-46.226562
-40.136658
-43.443207
-24.393188
-32.550934
-7.2397156
-4.09552
-42.760864
18.523834
-20.254059
-36.27133
-5.705902
-20.902954
26.214355
-31.689697
-6.0921326
-29.64798
-14.473663
1.2127075
-11.237549
-3.4096375
-17.218262
-36.852844
13.991425
-59.946472
-21.807556
19.695557
18.87268
-57.408783
-17.488403
-35.31018
83.467865
18.09961
-22.751099
19.093689
9.234131
-20.007843
-17.467285
38.394714
24.62268
4.9526367
-8.475586
-21.590454
-67.54422
16.84732
-35.84903
5.6374207
-19.379486
-33.75363
-3.4562378
-1.3853455
-5.0076904
-28.928986
-4.487152
-33.301727
-53.402008
-30.85498
-48.85501
-24.343689
0.31628418
-6.6291504
6.461334
-31.242249
-35.743805
-26.906158
-18.423157
-41.79309
10.111816
-62.04474
-34.78067
-10.816895
18.190613
-26.8844
-41.66095
-23.296814
17.898834
-74.79062
-43.797638
-25.247559
-8.099304
1.086029
-14.510742
-45.818268
-49.202637
-10.379913
-78.905914
21.832855
-12.380585
-4.061676
2.2270203
1.5591125
-50.99524
-49.046295
-43.613342
-50.07556
-39.631134
-18.594788
-2.1620789
65.17755
-0.2149353
-28.488739
-46.26178
46.454407
-17.761597
-5.4849243
-127.523865
9.403748
-19.500305
22.889954
-65.698
-2.984558
-34.979523
-68.126434
-28.919373
-41.4606
-45.011932
32.734406
23.402924
-62.7959
21.550018
4.8976746
11.811035
-55.034943
-60.382324
10.116943
-14.151642
-48.924805
-0.1187439
-9.390411
-12.005371
19.114532
-8.352509
51.38031
6.8960266
19.846893
-17.157227
-4.331299
68.23593
2.2929077
-19.320374
-3.1209106
-35.578888
22.527283
27.689789
26.92398
25.676392
11.475281
0.3453369
-25.187286
5.5349426
-42.43164
21.83496
8.342987
9.587402
4.2571716
6.4345093
4.9752197
-13.451111
27.342072
0.6324158
-39.388
8.783142
-25.51236
76.04489
-2.841858
-0.1557312
-22.859833
4.7514343
-8.587738
1.1827087
0.8145447
5.2636414
31.54779
14.316467
-11.786957
-28.649017
-16.587158
-17.058167
7.8598022
12.143921
14.282562
-6.18985
4.165558
-9.304901
20.624664
33.214844
2.8901367
17.349487
18.281311
15.860748
19.490326
37.741425
4.3155212
17.47934
19.998352
34.58487
13.2586975
-6.7707214
24.78601
9.533173
11.041107
9.347137
19.907898
20.60617
16.394897
-62.977783
17.693817
8.769409
18.255615
-12.050201
20.651215
39.452087
34.934845
4.346466
21.320587
33.439728
3.9521484
7.456238
26.561066
-8.790955
32.720856
40.847076
40.25772
35.279175
1.0645752
43.396942
39.43622
19.737793
4.5447083
24.040558
24.037476
11.1519165
17.85434
20.05899
56.229065
45.17041
40.153137
41.52069
31.56076
33.47455
96.614044
14.999542
13.768341
23.711487
40.82144
16.478485
15.372986
17.199768
25.574219
12.774963
33.522766
53.58969
67.74588
46.683838
22.613281
26.250244
19.495026
19.77008
28.055603
4.289795
17.461548
16.310638
7.48407
20.749786
7.7606506
24.89679
12.055115
42.373047
25.2753
14.055237
21.048157
21.426575
42.661865
22.03418
10.239868
20.062408
5.958679
17.10495
8.500488
15.313629
6.263092
9.207764
19.001495
31.662292
10.114868
42.929474
12.182587
26.097595
35.605713
0.8988342
19.813904
24.069946
9.247406
13.886932
9.474518
15.356201
26.451965
7.256653
13.991272
18.440704
6.265869
20.189789
9.1510315
20.411713
5.8890076
14.568481
13.908966
15.022614
41.716766
20.965118
2.171692
17.529327
22.829071
23.648376
20.294617
35.612183
-3.3833923
1.1540833
22.69809
26.199432
11.528809
15.322968
1.8829956
0.035003662
10.418701
5.2463684
5.1732483
0.9359741
11.668243
17.331573
17.33783
22.288177
-1.8449097
26.955597
8.206146
6.580414
17.870087
13.997925
16.182495
2.9482422
26.046326
-0.4875183
11.4340515
14.751221
6.724701
12.028259
38.06308
-1.8151855
14.608612
20.918823
22.124664
14.901642
20.435211
11.207886
-11.869049
-6.8063965
11.09668
36.325043
2.815796
-2.2228394
19.56668
2.5420227
19.102509
0.8479309
-4.4067993
20.046936
3.4795227
46.32715
33.950806
-43.635956
0.031982422
-9.096527
-32.441742
-16.329865
-39.467987
37.39801
53.143494
-9.261261
11.804993
28.47342
5.5548706
4.8048706
-1.9520264
0.47824097
35.715485
9.898407
-13.131622
-0.99295044
-7.5301514
-8.0972595
-7.0183105
-11.883789
-27.985565
7.26178
6.5201416
4.577881
2.3075867
-14.457886
-29.014252
-43.650055
-28.719086
51.002228
34.942932
22.754852
14.883148
5.787903
21.94107
3.3847961
6.922516
19.971222
4.962372
17.302307
-4.3544617
-1.0886841
2.0595703
26.551025
-17.933685
-8.483612
31.236908
-50.74585
18.081726
-44.266174
26.760468
-24.748962
14.41391
12.276215
1.0286865
-9.966919
7.4942017
-1.1841736
2.5224
28.754395
26.85913
11.305847
-23.639374
13.554138
2.5224304
-10.847046
22.143768
-7.9707336
-15.424988
25.049805
-6.189453
-3.2641602
19.933746
-2.5623474
-27.2258
9.451355
20.65268
-4.834442
-39.914948
-18.232971
32.9162
-4.009308
2.2992249
-32.892944
-7.3385315
-11.318176
-29.738068
2.7696228
13.090271
-38.627045
-32.249847
-5.857239
-72.15622
-3.5092163
-16.95398
-26.380035
28.450989
-22.73114
-11.594391
-13.243866
8.985687
9.259247
9.530518
-10.690277
9.971954
-7.174835
-15.945251
13.387146
-3.4085388
-43.20627
10.886902
-8.745728
-4.1455994
-32.945526
46.042725
24.873627
-22.62738
24.170807
26.769989
13.890564
12.755402
22.52655
16.30185
12.237091
13.9019165
10.961487
7.002472
11.77475
14.045715
-0.041137695
-0.8982849
0.14605713
24.322968
11.164246
-7.337799
7.392517
0.8546448
11.7092285
-7.2531433
12.555176
1.888916
3.4267273
14.794342
15.201874
9.914093
-9.682251
13.942047
-40.778687
-24.709717
-9.773376
-7.028839
-34.158142
-17.89566
-50.89093
1.8702393
-13.621918
25.14746
3.6333008
-63.82791
-78.13013
-13.237122
9.411713
-68.71149
-16.199402
-63.463135
-2.0466003
8.332428
-43.420044
-7.7010803
-0.8779907
-72.25482
38.039337
-6.550232
10.0624695
-110.312256
-80.592834
42.10074
5.4832153
24.483093
9.0
8.074219
5.4005737
-1.0202332
5.232605
14.877167
7.688965
10.399414
-2.8537292
20.686493
-25.016937
0.0385437
44.285828
-27.342682
14.739716
15.433319
3.5341187
-0.18756104
-3.7713623
1.9171448
-27.417786
28.528717
-6.6765747
-7.5072327
-12.457733
-29.251678
-5.5519104
-15.202942
20.315125
0.8918152
18.077728
-4.7938538
6.052368
14.592682
-0.7173157
-11.227417
17.427704
14.715668
15.839905
10.494324
-33.627686
-10.990387
4.145447
-3.278595
-22.568054
-7.581665
-8.765442
26.666168
-4.0266113
-11.943481
-25.198547
-21.057281
-36.28128
-3.1590576
29.485138
-1.6230469
-15.78363
-48.125793
-3.5966187
14.595032
-35.781036
-5.1107483
-39.088776
-60.200226
7.9114075
-81.796875
-10.637665
-95.769135
-7.996521
-36.62848
-12.110657
-33.319397
-17.254639
11.400726
-10.078339
50.852356
74.60907
-38.249084
-42.74884
-2.5077515
-40.176727
22.216187
14.826202
-7.52652
5.497101
16.701965
-4.1314087
-44.67859
-10.523254
-13.7144165
-84.081696
-25.830566
11.631195
1.7212524
21.549042
3.8700256
19.390411
-2.0789185
21.065216
23.49704
18.08664
1.630127
25.609985
6.0572205
6.0421753
-7.3547363
3.2269592
-1.0267334
-18.319244
-19.852142
20.391663
-19.174591
-8.295746
4.5166016
-15.972748
15.654877
2.11969
-1.2348328
7.0967712
-4.858429
51.003937
7.246826
-5.716339
1.8786621
-2.2977905
-49.256104
2.0774536
22.82602
16.746979
7.754303
64.15988
-14.694733
3.4684448
13.144043
1.3749084
-20.576233
13.0937195
27.898926
-49.07303
6.915863
-52.07025
25.51117
-24.35205
-8.448669
-51.164
16.154022
-51.062317
-15.008514
-3.026184
13.305786
-10.713257
5.3564453
24.135437
1.3124084
8.55838
16.582275
-0.8704529
11.190521
12.098022
-6.685486
-32.798737
0.49197388
-10.173828
-19.090698
-1.5791931
-13.735565
-10.493744
0.46051025
2.8070374
-6.451355
-28.757599
34.209595
4.5039673
19.037903
-2.6402588
18.586792
8.835114
-4.6564636
-25.686676
3.2449036
-23.414642
-54.933258
-15.956116
-36.248535
-32.977234
-13.81897
-63.63141
-21.105804
-18.414246
-40.425354
20.237762
-53.533844
-49.11606
-31.763641
-32.379486
24.018494
10.69696
-24.662048
-9.05423
16.159943
-31.360931
28.702515
-7.787201
-28.632843
-10.849731
-67.978424
-70.776794
19.628082
-10.138702
10.264709
8.078766
-50.700287
-1.0302124
-26.936157
9.113098
0.9566345
12.149963
-24.063873
-2.100891
-19.257507
3.9075623
24.264893
24.159027
-35.659637
6.1587524
-46.80069
27.194641
23.57965
20.681824
1.0253601
-30.647858
6.3718567
-9.077881
14.948273
-13.40448
19.546814
0.20800781
5.217224
1.5922241
-12.702057
-5.688629
11.283661
39.287964
-27.475983
-2.311676
2.3632202
21.674805
14.854858
-2.9645996
-34.196655
40.89096
-1.8881226
8.735382
-24.236359
12.4782715
14.700317
3.202362
8.387421
0.35281372
34.209625
-5.045227
-2.2480774
17.529083
-35.62793
7.9796143
-25.12973
-21.336823
-16.92572
-29.251831
-1.4096375
26.136658
-44.026184
30.89679
-25.458923
9.912537
-6.28244
-32.4653
9.924438
-13.196564
-7.8984985
-54.53424
-12.577026
-37.895966
3.1629028
23.262695
31.171722
8.505402
25.200714
15.266327
-1.9342957
-3.8457336
10.95578
-11.596527
10.279938
11.046356
11.868011
23.9292
6.8473206
-38.74646
-50.095276
-35.68506
-41.6662
-3.7697144
6.4682617
-4.6187744
5.818268
-17.260895
-44.660248
15.12619
-5.902008
13.746857
-73.68268
18.289948
13.319366
-85.67618
-9.728546
20.64621
12.75354
-10.818359
-48.141296
8.024963
12.892487
12.608582
19.146332
-14.73526
-34.59375
-11.509644
1.6962891
32.51767
-4.421295
-0.25369263
-42.12326
-17.68396
0.6231079
21.27826
9.5529785
3.3996887
-25.525848
4.110443
-12.259857
19.321991
-7.92865
-1.1678162
-10.95578
-5.9565735
9.535461
1.508606
3.2690125
19.161652
12.088623
-41.911957
-10.525543
-72.4306
-32.980286
9.161957
24.229828
-3.832367
-7.147827
17.537415
-44.899353
20.986877
4.7024536
7.025238
-11.19577
14.42688
-8.78595
4.9358826
-8.98288
-4.9613037
-34.53061
-3.6330872
9.621429
-18.03418
-7.499237
-29.51419
-20.759247
4.627594
-15.836609
-5.841461
7.7932434
-50.618958
-22.962006
3.0194092
21.024872
-6.901001
-10.758575
-22.358856
-79.09949
-32.635284
7.834778
-19.35617
-0.35723877
-32.14688
8.174316
-10.644562
-11.888458
4.1402283
-1.0618591
17.848022
-36.541138
-56.254395
-21.43338
-45.46466
-29.192932
37.049408
-14.666199
-30.024963
-73.436646
-49.187775
34.739746
16.879822
-34.2854
2.8986511
-39.003937
-7.9154663
-16.920593
-7.039551
-6.1000366
-37.880188
19.401123
-21.27887
-11.895233
4.5983887
-1.1715088
21.15802
-3.2443848
3.3432007
-9.2447815
0.22189331
11.273865
-25.831726
6.552887
11.915955
15.041351
6.9403076
3.9856873
-8.853912
-11.674835
-10.886566
5.9796753
5.5249023
0.09640503
2.0148315
-9.279236
13.907806
21.323914
-2.0608826
5.076935
-8.072052
-36.344727
6.9909973
10.265076
-9.597107
17.315002
-15.77359
11.536224
-22.104553
8.035431
-31.486328
-47.017365
1.2212524
-45.986145
6.6500854
8.168243
16.6203
7.783844
-6.9868774
5.2153625
1.4708557
14.77066
-9.004303
-54.609863
-20.320923
-0.006958008
22.9581
10.661926
18.295227
-9.716888
-49.809296
15.773895
-15.641327
16.186157
-3.9105225
-19.548676
-5.232788
1.9320068
-31.802063
-37.300964
-5.1769104
-34.212433
31.37259
3.0213318
-12.19342
-27.800507
-8.026611
-18.152466
-27.067078
-51.052277
-12.101013
-66.49594
-92.85272
8.661743
-60.997833
-29.888733
-6.863373
-55.95343
-7.925934
-91.971985
20.835785
-94.29022
-7.6447144
-11.402466
-27.43866
-61.148346
-56.61029
-24.452332
-71.503296
-22.996826
-91.995056
15.201721
-9.919891
-12.202301
-5.5673523
4.9413147
1.226654
7.9090576
-26.487244
-36.297943
6.102478
7.3462524
-3.8210754
-37.757874
6.1446533
-0.4654541
-22.6221
-23.384491
12.422455
-3.0488281
4.2816467
-41.0549
-34.89789
7.8108215
-18.151459
-27.859497
-27.14029
-24.520416
-18.513458
-21.78241
-102.73505
-52.91162
-23.253326
-1.9537354
9.401154
-56.81427
11.022858
-7.948517
-6.337555
1.8340149
-6.570862
-28.004822
-23.272827
-55.938354
2.975769
-58.282104
-37.325165
-22.552155
-106.58536
-23.146667
-15.1710205
11.5159
-6.018036
0.7529907
-18.963837
3.6566162
3.3701172
-6.826996
0.020629883
-4.509308
1.4320068
-4.177063
-15.939453
11.845673
7.793762
-20.259033
-34.21524
-63.631714
-13.856964
-87.34427
21.911163
26.004456
-15.445496
-26.235107
19.805542
12.280304
6.351776
10.575195
-11.329193
13.416016
-16.213348
22.651672
10.011749
6.8697205
18.056305
3.195465
25.705383
14.616455
16.76352
-4.7153015
10.855072
9.0399475
0.22640991
8.255096
8.916412
-0.9356079
3.4342957
2.4230042
13.639008
5.1166077
8.654724
-3.2213135
3.051422
6.0598755
-25.821625
-13.757904
-24.520905
5.253784
3.6004944
-7.949341
-25.041351
-2.076416
-57.94339
29.84726
-30.075378
-10.097443
32.85208
-12.620911
-35.84778
-17.575562
-3.0453796
-54.726654
-5.366577
-56.84445
-27.753357
-64.93213
-36.79184
10.728516
15.200012
-46.154236
-30.815338
-14.184845
-12.044067
4.29422
-97.73599
-29.440125
-16.460266
-21.354828
16.890808
9.419067
8.686035
-55.664978
16.517395
-42.981903
5.725952
5.1494446
24.150635
-2.6150208
5.186981
10.174072
16.189148
2.9417114
7.8097534
3.960144
-15.37323
0.7145691
8.814728
8.558868
29.799927
5.3637695
-0.6029968
-8.202606
-10.884705
-26.541016
4.674011
-1.9466553
7.607666
-2.0955505
1.3878174
-11.178711
-5.3278503
-15.165375
13.372986
2.885559
-39.152374
9.337128
-31.828003
-51.439575
-19.05841
-61.75537
-9.398193
-7.64032
-8.759216
-37.28421
-3.728424
-1.611206
-16.40802
-7.8912354
-4.289978
-35.533142
8.159088
-25.591492
-9.215881
-40.563446
-22.89862
6.452881
-60.398834
-17.713165
-11.373962
-69.35614
-19.028503
-4.107086
14.14563
1.4276123
-24.674072
-18.85141
-34.667786
-35.818054
-8.44458
-15.397705
-0.5621033
-83.99051
-51.34784
-4.0780945
-27.795593
1.2619629
-2.6383057
7.6478577
-36.556335
-14.463989
0.14694214
-8.729431
1.0621643
12.932404
-6.5073853
-20.04477
4.7390137
-22.661774
15.9366455
-18.40744
-35.469513
-56.764954
-11.886505
-19.735016
-34.733826
-54.52777
-15.488892
8.314178
-8.6744995
5.7770386
-34.367004
-0.17663574
-20.82312
-72.49844
-32.399353
-100.70227
-32.876892
4.751526
-53.624695
-19.74054
-44.896576
-37.801636
-46.315216
-18.364655
-51.15799
-40.145905
4.9872437
20.18509
-2.5912476
-80.66443
-13.748535
-39.89218
-36.29315
-84.37372
-99.5509
-72.14581
-19.41504
-19.427277
-10.55249
15.417572
4.3154297
-22.810791
12.257507
4.025879
-30.607086
3.96344
15.520569
-5.481903
6.1177673
-8.221191
-68.032135
-28.338257
16.667267
-35.692657
-28.374268
-10.837036
-40.090332
1.7644653
21.840363
-12.4218445
7.968048
-17.748352
5.411194
14.066589
-29.723816
-86.65085
-24.3396
-14.691467
-57.082916
-2.1389465
11.393921
-43.343597
-104.11661
25.297607
-16.508392
-8.150238
-3.6192627
-23.98935
24.489594
-41.74768
22.071594
-85.20618
-79.118774
1.3346252
-74.21777
-4.6115723
9.85672
-26.940216
-53.186737
-70.58963
7.330017
5.4532166
-57.344604
8.24762
6.4605103
2.364624
3.4211426
-5.105255
-5.2422485
-10.906647
7.0159607
2.1064453
-9.544678
-28.731415
23.461395
-19.885406
-0.26290894
-9.943024
-5.099457
-3.2122192
12.4566345
-5.999634
8.097351
4.574585
-9.681
-14.082306
9.269531
-11.890198
11.023041
-34.156708
-10.669586
-14.071259
-10.831696
2.251709
3.8775635
16.55658
-6.0349426
-17.986267
-61.015106
-6.8405457
-15.7413025
39.448975
-29.062164
10.088562
-2.2901306
-10.227966
5.4880066
2.2091675
-6.2778015
2.7862854
2.1533508
0.09475708
2.1411438
-0.1973877
-10.799042
14.101746
12.623627
6.2131653
1.6550903
-1.6934509
1.6046448
6.068695
8.542877
-1.348877
-5.539734
-1.8495789
1.8666992
-9.56073
-4.1063232
8.85553
-10.952301
3.8665466
-17.235596
0.39242554
-6.5190125
-4.041687
-5.0930176
-14.890808
-4.416443
-1.2541504
-7.2431946
-8.308929
-9.66864
-17.355377
-8.535095
3.1080627
-9.790527
-13.111359
-8.290222
-12.83139
-26.95517
-20.68164
-9.206848
-18.232513
-12.48941
-13.213867
-16.872223
-1.0020142
-36.30954
-16.062134
-7.6893616
-36.74524
-33.283844
-121.61072
-6.4112244
-61.201447
-27.977478
-38.865387
-15.239197
-40.061096
-17.055573
-6.886505
9.30127
-30.153625
-114.04373
-62.746674
-61.456207
-30.48999
-52.767303
-29.357117
-36.263367
-11.488739
11.223297
2.8896484
-43.510834
-33.315613
-10.340881
-29.297363
-4.757263
-7.5865173
-8.077332
-6.777771
-11.41394
-13.070282
-24.891083
-12.508392
-24.478607
-16.04129
-26.13794
-5.8235474
-22.933685
-48.551117
-8.50412
-25.02063
-28.1091
15.360352
-28.74176
-95.59561
-6.159424
-113.64169
18.53769
-66.93811
-38.89319
-33.683594
-40.459167
-19.937775
-30.884705
2.4205322
-32.701416
12.759003
-29.6203
-56.94452
-9.2482605
2.660614
-33.245697
-61.05713
4.600586
17.072449
-4.8055725
-21.579926
-10.396515
5.1957397
-4.9913635
6.607971
2.1276855
1.6143188
-8.624512
-14.492096
-11.427002
-23.467285
7.4864807
0.402771
-41.17401
3.6333008
-12.119659
-29.604614
-5.921234
1.4512329
-12.477356
-40.623627
-16.398956
-23.688538
-20.45514
-42.713776
-100.999054
-2.7871704
-31.457642
-13.592285
9.141418
9.383881
0.023773193
7.6268005
33.320007
-80.79202
-18.213898
2.958252
-62.16455
-43.12903
-31.541077
-5.176941
-3.853119
-35.746735
13.877075
-54.366516
-43.54828
-114.02695
7.2832947
-5.7931824
-9.863159
-16.09848
-20.38861
-4.044861
-13.07608
-34.779755
-8.427795
-35.67462
-71.302826
-0.20303345
-28.82132
-50.50772
5.51532
-35.882355
12.247803
-13.1006775
11.064117
10.313446
16.888123
7.958618
-57.560333
-96.772705
-6.673401
-28.022247
-31.001953
-28.392273
-13.213257
-24.634583
-2.1686096
-26.9859
20.9693
7.407074
-47.74695
-62.283966
-12.162842
-62.663635
-23.84967
-13.463409
-13.552612
-43.654175
-30.96463
-29.23584
-27.636963
-91.34213
-55.019745
-57.648804
-62.35733
-63.63141
-53.918427
-29.17279
-31.688354
-120.8501
-36.003723
1.6486206
-33.438446
-52.439056
-27.54004
-21.550415
-88.47043
3.2131958
-11.695343
-126.23801
-52.783203
-30.769897
-21.501617
-71.29025
19.295532
-5.095978
-43.621002
-44.885956
-72.93973
1.7164917
-41.68643
9.280243
-45.153107
-37.379364
-63.721863
-62.796234
45.572174
-10.072174
3.6305237
-4.83313
2.9260254
5.429291
-74.66464
-12.614105
1.3265991
26.314423
-22.624847
-43.554993
-39.25238
-34.273407
-11.692535
-18.752014
-62.544952
-85.52472
5.899475
18.819427
-4.705597
-75.79465
-9.993591
-14.237762
-18.711334
-60.35681
-32.21518
-103.47894
-48.277466
-47.43283
-151.62643
44.223206
-72.29208
-51.074646
-85.309875
-23.433472
-6.240509
4.083252
-2.5615845
-12.554169
18.076263
-49.363373
12.789612
-27.21167
0.62612915
-42.29239
-39.605927
-3.869995
-22.049683
0.98898315
-47.908752
-3.0444946
-11.298096
-12.206543
-30.308105
-54.908752
-15.646973
-19.263
-4.7986145
-7.6364746
-56.086853
-40.23758
4.8778076
7.396515
-74.24185
-72.79315
-3.225586
-68.47064
8.601105
-84.08237
18.498901
-61.322906
-10.468872
-61.1998
-31.053314
-142.70407
-35.287292
-76.085175
8.327393
-53.355286
17.167114
-88.30365
-51.49411
-42.57959
-68.497375
-43.920715
-13.770294
-31.26529
-155.97314
-132.27002
-65.37097
12.769501
-11.067596
-59.629364
-11.329071
-6.028076
-28.788086
-65.46777
-20.76352
-16.88379
-58.9682
48.081726
-15.798492
18.611725
-36.908386
-0.050720215
-36.551636
-50.59268
-30.420013
-38.17859
-5.2059937
-43.85907
-47.095367
-16.629303
-15.9158325
4.071594
-11.562012
-26.580261
6.794403
-2.3220215
3.2969666
-81.96915
-11.848755
-2.0414124
2.7181702
-36.040833
17.591064
0.38702393
-27.509552
-0.68411255
7.5316467
-36.441498
3.676422
-22.943604
-21.715485
-2.2946472
-4.868561
-23.637756
-4.3131104
-4.407837
-24.816498
4.950989
-39.53592
3.2815857
-22.187744
-83.21161
-9.961029
-114.91632
-55.3042
-52.239014
-13.202209
-8.018311
-15.951447
-8.40918
-18.532166
-83.62973
-15.804474
-19.321655
-67.63394
-43.27426
-26.804352
-25.51236
-43.373413
-23.935974
-21.843048
7.736725
2.6567688
-48.474945
-8.743164
-5.1066284
9.887634
-30.092194
-6.8721924
6.6983337
6.2867737
-34.184418
-0.76065063
-7.3552856
1.3190002
-8.590546
13.957245
1.3614807
6.5995483
-13.476227
-4.3694763
6.1133423
1.5186157
-32.628143
-7.458496
11.6936035
-3.6990051
-8.6032715
18.178741
2.7105713
5.3699036
18.832123
-12.009552
-11.683533
-9.639618
-65.33414
-11.375946
-49.48993
4.0051575
-4.9179077
-22.702423
-45.02057
-13.7229
-79.56595
1.8713074
-43.699005
-27.734344
-29.506378
-26.198944
-24.826782
13.123047
18.584229
-16.390778
-7.7933655
10.454224
-96.65262
-56.97348
-48.5325
-19.599213
20.081848
-39.959045
-3.0424805
-37.136322
-22.920898
-30.686707
16.889557
-30.21637
-4.190399
-65.5126
2.486908
-60.80255
-21.514404
-23.868347
3.193756
8.426514
-35.726746
-5.3757935
-52.91687
-83.64395
-105.982605
21.019257
-44.424072
-4.436554
6.866974
1.9921265
2.7040405
-11.675507
-6.9433594
-22.939758
-3.6423035
-8.9904175
6.9399414
-13.663147
-8.913025
8.115997
4.518036
-17.19278
-7.436676
-78.198395
-26.81192
10.901672
-10.164673
-2.9351501
-30.985687
-11.505554
-18.899872
3.3986206
-9.076935
-39.80783
-3.8200989
-18.646118
-90.158325
-2.8698425
14.842926
-25.874176
8.63324
15.738586
19.13211
-47.575897
-6.9529724
-28.277771
-9.0355835
-19.960724
5.630554
11.390259
-29.29837
-64.013275
6.806183
-38.9422
-1.9223022
17.372772
-44.16107
16.680908
-62.80954
-14.03479
-21.349518
3.915619
-29.881042
-5.3927917
5.058716
-27.21048
-0.9951172
-19.429504
6.0621033
14.603943
-36.53586
-2.898285
-3.8337402
-87.467896
-76.1604
-16.003937
-50.424866
5.17276
-2.5107727
-11.717285
1.3387146
-46.051453
-42.409485
-45.755768
-31.188019
-74.04025
-54.97574
-77.77533
-56.138092
-87.739685
24.978394
-27.563751
5.2136536
-29.092682
-27.334137
-30.870117
-46.034576
-42.156372
-5.4591064
-39.332886
6.521698
-113.914825
-27.526367
-12.825317
-27.622284
-48.29309
-29.591309
0.81814575
3.13797
-11.645538
-7.3055115
-16.260376
-15.618408
-4.291626
4.630249
-39.24295
-20.055206
-60.67691
-4.4147644
-32.272034
-21.228027
-26.684082
-21.622314
-38.115845
-65.56189
-0.58599854
-67.6691
-42.546753
-8.285309
-13.33606
27.080963
-73.17218
4.112793
-182.85623
-89.63641
-102.5896
-37.84958
-73.66867
10.0711975
-57.098877
-32.651184
-36.281097
7.1098633
-10.688599
-16.761444
-31.146637
-14.598663
-71.39688
-33.546234
-14.4696045
2.9516296
-10.753204
-11.264343
-23.115143
-7.3233643
-3.578003
5.0135193
2.3551636
-16.198486
-1.6080322
0.13702393
-3.6488342
-16.877441
2.3561096
-3.58078
-3.4667664
-5.651123
-37.839966
-14.806366
-15.91568
-13.0781555
-27.357788
-12.137939
-39.580566
-29.924957
-17.80951
-26.55075
-8.364166
-103.66992
-34.319916
-86.64853
-10.452759
-30.375183
-8.10907
-52.60678
-19.181
-34.188965
-100.20087
-58.28232
-44.6716
-1.9804382
-29.469727
-68.48804
-54.353027
-51.05829
-24.964478
-2.822815
-28.390533
-34.522278
-57.57309
-4.9657288
-24.803284
-0.7581482
20.277222
-71.33307
-3.223236
-40.619507
-11.933105
-34.263428
-32.627533
-21.556763
-34.234436
-19.898773
6.2829895
-2.640686
-39.87555
-9.126923
-98.15134
-7.821869
-46.307037
-97.32562
-27.160126
-5.1256714
2.991516
-51.43643
-0.30838013
-0.4517212
7.831665
-2.0155945
0.8326721
-5.5624695
-12.798187
0.024017334
-2.9418335
13.099915
-42.571655
-17.173645
-1.8252563
-1.2044373
2.808197
8.910492
-4.2461853
-10.39035
-3.2590637
0.8531494
-12.229065
-16.005585
0.7989197
-22.835632
-50.65738
-53.8638
-14.000305
-16.002777
1.124054
1.8512573
-0.648407
7.1004333
-84.535095
-1.7184753
-53.85141
30.707123
-2.8322449
-28.208405
-5.2789
-28.571198
0.74539185
-60.771423
-6.680969
-30.480408
-2.8146057
-4.767639
-2.0750122
-17.834717
-3.8328247
-15.612671
0.8526001
-21.597626
9.449951
0.17401123
5.897705
-1.6152649
-65.76047
-60.275116
-18.224396
-24.029053
20.462708
-6.7566223
-51.48526
-44.18268
-62.035736
-1.3635254
-28.713165
26.652283
-26.005829
4.135742
-5.718628
-8.0772705
1.7415466
3.3868103
-80.60806
-1.4805603
-9.016876
-18.865753
-5.7025757
-33.523865
1.9249573
-81.23993
-59.737396
7.003845
1.6976013
-28.169525
3.7382507
8.025269
-2.882843
13.039307
-14.775391
13.643188
-37.178223
-12.818329
-11.092346
-50.75537
-52.8472
-96.122986
-40.185974
2.4084167
-3.9625854
-20.218445
-11.21344
-2.2496338
-5.7848816
-14.292969
-67.126526
1.8712463
-4.3385925
-87.44574
-31.09314
-10.908783
-34.37216
3.5224
-47.535706
-7.059723
-106.19278
2.082672
7.552002
-0.73706055
-29.161133
19.212158
-21.951996
0.64907837
-76.83807
3.9367065
-0.03543091
-34.73224
-81.116516
-1.605896
5.3954773
-5.2450256
-10.295746
-15.910858
-4.2821655
-11.719177
-1.8659668
-5.2581177
-0.2876892
1.004364
-2.962616
0.09329224
23.798492
-14.946625
-32.681183
-17.512115
7.446686
-85.219635
0.19351196
-8.873749
-44.342987
11.068573
2.3128052
-7.575287
-53.565247
-19.807434
-76.18964
-46.20334
-10.996094
-13.436371
-43.973114
-8.584412
-19.81314
-2.4050293
-36.389343
1.7554321
-50.316925
21.576416
9.570526
-18.655365
4.0734863
-14.87619
-35.285248
-24.244385
-22.137177
5.5668335
-7.2345886
-0.6185913
-22.289368
-10.412933
-1.8725281
-32.63983
3.02182
-69.17267
-1.8320007
-15.64682
13.647766
-92.13635
-3.197754
-62.15622
-22.18045
-58.48941
-30.017914
-3.6591492
12.301056
-41.72357
-27.394043
-77.21542
-17.348572
-27.963074
4.1235657
-15.121246
-1.8974304
-8.559479
-21.091095
-8.529419
-8.9002075
1.8867493
-11.538849
-23.991943
-81.053955
-6.404419
-21.710266
-2.3099976
4.4854126
-5.2803955
9.586914
-46.296265
-32.48877
-49.60086
-66.55765
-9.383911
-29.707062
-15.918182
-8.351624
13.031769
-34.958954
-18.867706
-70.00488
-37.22809
-33.732635
-48.838776
-34.743164
-31.985596
-47.50766
6.2892456
-92.97577
7.4348755
-5.0332947
-6.344452
-15.3315735
-18.13443
12.113922
5.8380737
-14.734833
-41.199036
-20.451294
-49.920135
-31.441895
-7.345154
-36.805634
-42.441864
-56.166443
7.94281
-29.658722
-53.110443
-98.981384
-35.74939
-43.14569
-95.07175
-27.780304
-50.442596
-43.834015
-33.304657
-3.7991333
2.1435242
-66.114624
-53.812897
-27.452942
-14.658508
-98.076324
-31.925873
-31.875916
-29.793488
-14.192139
-49.17108
-14.194275
-66.526764
-50.105255
-69.77881
-83.348236
-9.546356
-33.879486
-39.26645
-22.826324
5.8674316
-42.990265
-50.52652
-90.332855
-121.77319
-162.02527
-34.26599
-4.3110657
2.1163025
-11.181091
-16.707367
-32.018097
8.882294
-74.27734
-40.05899
0.20477295
-15.739532
-14.818115
-103.374725
-101.492645
5.693512
9.392242
-3.3006897
-35.49475
-24.026154
-23.627686
-19.310974
-5.0112305
-35.50757
-19.712677
0.62246704
-51.412415
5.2878723
-30.557465
-63.82129
-1.5455627
-23.541565
-20.740509
-0.57611084
6.9543457
-4.9551697
-7.040222
-4.5401917
-3.430359
-1.509552
-2.187378
-5.4718933
-5.6296997
-47.11197
-6.737549
-65.50839
-6.7723083
-49.975403
-33.73291
-46.68268
-5.17984
-2.3165588
-5.0701904
1.9905396
-87.13748
20.75943
-19.1221
-84.91339
-65.29202
-123.94919
-100.47131
-33.929016
-12.778046
-78.09845
-69.464966
-120.86279
-39.91211
-48.055786
-69.44772
5.3087463
-53.411133
22.868164
-44.30002
-39.7959
-29.79544
-55.82556
-89.71582
-66.217804
-40.60385
-63.198578
-1.6942749
6.431946
-3.3356934
-36.120483
-41.067932
-35.70346
-7.1852417
-33.555817
-42.315216
-56.201874
-8.943512
-13.540466
-20.863922
-92.759705
-34.244263
-5.9795837
-55.463837
-119.71414
-25.084839
-26.426483
-14.273773
-33.17273
-52.371063
-122.10733
-141.51263
-61.157684
-119.533325
-19.341675
-77.20145
-67.84741
-36.212067
-98.946625
-154.58823
-89.7511
-192.74033
-125.95175
-62.407227
-80.00308
-56.843964
-72.205505
-40.759796
-49.56961
-54.75128
-61.706787
-73.41763
-95.39688
-11.193848
-59.633667
-105.52118
-116.37076
-31.751312
-19.526855
-44.704285
2.8846436
-47.3472
-11.331909
-39.526123
-61.23178
-122.64102
-72.629974
-37.546143
-33.441315
-35.42462
-9.161835
-32.844177
-7.8257446
-15.224182
-45.49637
-45.30829
-44.098022
-51.625122
-61.285797
-8.602814
-44.578217
-27.999298
-62.08673
-113.09897
-114.776245
-99.994385
-51.698456
-62.421112
-115.90747
4.067169
-3.1568298
-61.298615
-27.67752
-98.374146
-100.31445
-33.614838
-60.71335
-2.283966
-102.98108
-111.63837
-22.757935
-65.85507
-87.55026
-31.695984
-57.936005
-8.108765
-12.814606
-97.60602
-71.050415
-44.273315
-110.724945
-38.250214
-72.13724
-38.758728
-32.842224
-20.24173
-42.56607
-42.800476
-31.943298
-26.914032
-105.2977
-143.62485
-36.982574
-38.392822
-60.00586
-31.326385
-5.8367615
-44.999237
-30.372253
-8.924225
-72.29205
-98.878815
-80.547
-65.63919
10.233063
-69.460175
-14.693481
-60.990387
-56.813507
-6.5684204
-93.58496
-37.274475
-38.166595
-67.47919
-57.698853
-44.21756
-64.01526
-20.399048
-61.923676
-65.67212
-42.936035
-51.23938
-45.341736
-62.13214
-30.391602
14.461182
-138.6824
-42.7966
-119.9382
1.8713379
-3.70578
-68.170105
-40.17502
-28.378906
-39.844025
-17.70404
-50.38443
-94.437775
-86.88284
-75.259125
-69.70325
-155.89362
-53.150726
-60.348816
-90.670044
-75.54086
-30.974335
-129.93137
-101.56018
-71.849365
-87.41849
-75.64368
-15.911316
-57.18152
-55.828766
-93.20364
-141.6944
-119.32251
-140.00562
-66.43259
-64.63211
-76.084595
-105.97977
-97.209045
-79.33264
-45.779236
-63.461365
-117.789734
6.4505615
-63.553223
-22.022217
-43.985535
-47.199066
-55.707214
-76.47125
-77.369354
-57.4588
-38.307617
-76.48285
-99.16586
-3.3701782
-147.36746
-62.66925
-85.256256
-46.481598
-61.36441
-140.92078
-50.340973
-47.619476
-178.49332
-69.60275
-107.55383
-98.24582
-121.34543
-30.4534
4.0632324
-37.423126
-27.81076
-44.37686
-59.003723
-76.77954
-87.26883
-116.73331
-119.138275
-57.863617
-46.131256
-31.28775
-79.15991
-37.85373
3.2161865
-62.22235
-92.29462
-61.957184
-52.29251
-132.87393
-53.432007
-78.74646
-53.633514
-41.684143
-24.707611
11.014679
-60.39868
-50.868225
-5.3371887
-14.457275
-11.039185
0.5853882
-47.190582
-34.348846
-29.766052
-79.75018
-32.178955
-17.872772
-28.185608
-22.332611
-17.0578
-58.749573
-31.415375
7.1071777
-40.00403
-38.986023
-19.019257
-97.21655
-21.041016
-27.020172
-98.61746
-43.26895
-78.57257
-145.93912
-158.24832
-74.02606
-49.422394
-29.149017
-71.59119
-32.963745
-24.112976
-77.93799
-56.614655
-41.951874
-37.685394
-32.065826
-23.255096
-78.410065
-90.867676
-56.22046
-35.44516
-25.548828
-61.290405
-9.492859
-57.200684
-57.67563
-85.52414
-57.569885
-35.307068
-52.079346
-100.89432
-48.703857
-32.047607
-100.11603
-111.29788
-114.93384
-103.305176
-89.242645
-29.665192
-28.084747
-78.10547
-51.889282
-60.555756
-81.25122
-135.332
-127.0126
-136.04922
-104.669525
-89.848236
-110.70691
-11.843597
-139.35956
-82.23959
-73.849976
-45.694244
-46.46585
-121.77225
-35.40335
-90.96329
-93.35327
-105.38556
-31.8638
-62.856842
-71.60071
-85.088684
-14.282288
-58.15332
-92.13571
-75.38623
-32.250854
-26.535767
-85.418884
-72.39691
-77.06885
-65.59769
-36.34848
-123.24014
-77.84302
-89.958435
-115.2428
-148.49951
-102.17218
-75.28873
-67.22781
-33.892944
-70.51019
-70.594055
-90.413025
-126.353485
-115.17636
-106.993195
-79.13614
-113.79312
-56.02069
-67.60019
-49.444244
-95.079315
-101.02075
-47.831543
-72.63577
-84.92578
-68.48886
-65.57703
-106.264496
-97.31491
-60.421722
-69.44443
-46.55426
-80.7399
-83.88605
-82.11838
-94.77869
-91.7872
-127.864655
-52.030457
-75.73892
-84.62451
-66.26575
-90.951294
-76.47894
-54.915253
-72.66019
-104.80386
-68.27063
-74.49829
-90.16705
-145.47287
-96.06705
-89.834656
-79.80826
-113.347015
-106.94302
-98.78604
-85.49933
-87.181946
-61.541077
-72.00482
-75.4776
-85.4837
-85.1015
-106.906525
-17.227814
-94.66385
-83.48404
-101.232025
-86.5282
-70.58212
-106.20642
-98.68173
-157.65015
-122.0654
-113.62927
-88.48752
-88.01425
-77.017334
-34.251434
-72.306885
-121.536835
-56.58966
-121.78143
-99.448975
-95.95352
-95.31705
-112.18906
-103.5791
-91.39377
-98.20215
-63.081757
-57.819153
-54.153717
-86.74838
-21.11325
-89.44595
-100.68143
-144.89395
-86.845856
-86.45056
-93.28485
-91.529785
-76.88367
-20.316284
-40.762848
-48.651794
-89.21011
-54.0856
-61.160583
-74.78134
-73.97974
-65.47443
-46.76657
-95.089294
-115.89203
-107.96893
-59.697327
-49.521545
-46.53961
-58.864014
-91.694885
-110.80661
-130.44644
-114.239044
-79.622986
-104.36133
-96.78412
-54.055695
-57.941223
-51.01239
-76.98001
-84.475494
-107.92285
-97.709076
-54.70999
-81.947235
-89.33588
-44.989502
-110.05966
-67.91632
-81.05621
-79.37372
-135.75986
-65.26813
-100.66736
-119.630005
-62.597168
-78.357574
-60.805145
-78.97092
-78.499695
-125.90976
-106.61496
-107.798096
-84.19229
-100.58066
-78.16965
-95.578
-97.25311
-84.90326
-107.32257
-140.37918
-143.19907
-112.612854
-105.05789
-100.668304
-47.27588
-120.000305
-52.416656
-81.11917
-111.39969
-88.17764
-74.10388
-79.21927
-49.900238
-105.941864
-54.76471
-110.934875
-94.950226
-85.05127
-88.4906
-74.6745
-89.18817
-72.89755
-110.31738
-156.29205
-111.29971
-101.725494
-86.740906
-125.899414
-50.64569
-90.39984
-133.71768
-87.078766
-95.40582
-103.32504
-122.73245
-75.48108
-99.42554
-84.39545
-96.513275
-74.3056
-76.32156
-120.82761
-96.7785
-55.755096
-21.41742
-121.06656
-70.70648
-77.41147
-71.81937
-69.99655
-59.58795
-97.732635
-77.431305
-32.808563
-89.604645
-101.49173
-35.874634
-77.08917
-98.37671
-114.862946
-107.29291
-80.16669
-99.64688
-84.709015
-107.667725
-73.7861
-75.668335
-85.76935
-117.67642
-124.72894
-71.19943
-59.876495
-94.64282
-127.412415
-89.397064
-84.77594
-82.18869
-83.440216
-86.964355
-81.30505
-60.999847
-101.3483
-80.87833
-139.68527
-77.01471
-123.196075
-94.4104
-46.50113
-43.287292
-157.02954
-134.56863
-81.96835
-87.573425
-39.2052
-43.821228
-56.484253
-70.83035
-61.251495
-21.974762
-44.93622
-57.339264
-52.552612
-64.26587
-65.576294
-81.87662
-105.04361
-61.188446
-101.33829
-64.72095
-135.93216
-91.5849
-107.24173
-51.243256
-81.168976
-50.498383
-81.76294
-58.67874
-98.62921
-59.107727
-76.70517
-103.64368
-102.79367
-84.3678
-128.06125
-91.670685
-77.31424
-46.95453
-46.702087
-66.28589
-108.16565
-46.631317
-119.96954
-124.786285
-89.662445
-78.544495
-117.543335
-94.34558
-23.910065
-70.63452
-114.28378
-28.881256
-67.895355
-58.72174
-63.3219
-81.69714
-102.440674
-85.83011
-57.47058
-67.8956
-96.32376
-94.99371
-46.330048
-47.484253
-122.53793
-105.614044
-61.04361
-100.32144
-98.34537
-91.334595
-87.17737
-81.78821
-102.55786
-69.34625
-47.02014
-133.87744
-116.35837
-135.50275
-78.169495
-66.99844
-77.53577
-89.23828
-88.510956
-59.780304
-46.78128
-89.781525
-131.18527
-107.539734
-71.99725
-37.983612
-66.58707
-72.960175
-78.41754
-77.10687
-110.1691
-71.67407
-93.11075
-103.07706
-99.66983
-130.25226
-48.710815
-62.927704
-104.38617
-84.089355
-78.43799
-98.072174
-98.11578
-86.35156
-127.12778
-100.86902
-106.7818
-91.14664
-81.7637
-83.107635
-90.41461
-111.048096
-109.17807
-105.76376
-81.499725
-98.61859
-63.23694
-71.20392
-72.49341
-89.60571
-99.38275
-93.01337
-66.25052
-83.92645
-65.441345
-112.59381
-105.9346
-65.306854
-85.63965
-113.020386
-126.17389
-98.46286
-81.563385
-121.69708
-95.77484
-121.41531
-112.028595
-92.318695
-96.09323
-115.73282
-135.74432
-92.89792
-109.75159
-97.184784
-67.60483
-81.368805
-123.97714
-64.387695
-70.224884
-105.45514
-98.64554
-76.39734
-101.15878
-91.061035
-104.37991
-102.83392
-80.96539
-78.214966
-45.72415
-89.924835
-84.68381
-80.90567
-79.85147
-119.884674
-93.80612
-50.32617
-85.203064
-126.5694
-109.572266
-80.89676
-62.812378
-97.02673
-97.07764
-118.74448
-98.50757
-78.920135
-125.59088
-93.01013
-85.904144
-67.40683
-90.293884
-80.53647
-83.47702
-96.86301
-122.96799
-73.22031
-92.51315
-83.95422
-83.37622
-84.39319
-118.2962
-96.94977
-117.53778
-100.105835
-72.43799
-102.86948
-53.106323
-103.61929
-76.848785
-94.25958
-114.414215
-94.940186
-125.006165
-101.78784
-118.5358
-73.19986
-75.444824
-63.333252
-74.917725
-105.41577
-81.61444
-115.54175
-91.37869
-104.40015
-88.96408
-88.939545
-79.28061
-77.62024
-108.58304
-105.71576
-96.134125
-98.42786
-94.542755
-110.78305
-79.913574
-113.71045
-84.29053
-109.08365
-117.6254
-104.425385
-119.253204
-123.644135
-124.966705
-95.07245
-112.82425
-70.462006
-96.21484
-97.81036
-96.35196
-88.76123
-51.331177
-92.77176
-98.85068
-95.78146
-85.5802
-103.49353
-81.86099
-76.857025
-109.42987
-110.416595
-92.18268
-97.61575
-87.26016
-74.99988
-106.592285
-97.3638
-111.57889
-104.382324
-122.58768
-100.45068
-109.551605
-65.489716
-83.43353
-77.93454
-100.48688
-100.73801
-60.189026
-80.74426
-115.796295
-117.061615
-92.805756
-102.63599
-86.19272
-79.187836
-80.64575
-79.4523
-100.36096
-132.91885
-84.124054
-109.906006
-97.115295
-51.475494
-86.12125
-61.536102
-97.39896
-108.03314
-118.27457
-108.490875
-94.37674
-82.21533
-73.26727
-88.28195
-64.99823
-74.68619
-100.21231
-122.61569
-100.71292
-105.7511
-87.99335
-96.318085
-97.68744
-110.25534
-114.59717
-91.3804
-105.52289
-99.39694
-130.79984
-97.280396
-85.03946
-101.54059
-95.30966
-85.72064
-81.20459
-115.10297
-95.15979
-92.44644
-59.65576
-104.06082
-69.72873
-65.485596
-79.29904
-91.57883
-90.06378
-108.81543
-122.74121
-100.3689
-84.24295
-107.459076
-106.50928
-71.513275
-121.65588
-119.09097
-83.9939
-135.94846
-106.11752
-112.625824
-65.7496
-77.8811
-103.81946
-78.031525
-104.18713
-110.164734
-101.85886
-83.3024
-99.81427
-81.207306
-92.913055
-87.05386
-94.56708
-96.96704
-79.6376
-103.5126
-97.43692
-84.55905
-67.47943
-69.719025
-60.770233
-117.78937
-68.55243
-92.18582
-71.22876
-69.12259
-84.1918
-91.55121
-92.940125
-129.35428
-115.72473
-88.568756
-103.17801
-112.81952
-74.05173
-104.96176
-112.46045
-98.46933
-81.81909
-122.61966
-108.867065
-110.16312
-126.51355
-99.13806
-103.73752
-120.73425
-130.85703
-91.84671
-93.74902
-86.0643
-89.652435
-84.41977
-108.99274
-103.68454
-110.43475
-75.263245
-78.50839
-102.0766
-91.56964
-89.26343
-110.184814
-97.522125
-74.77069
-80.12457
-73.48328
-98.97189
-103.78522
-48.526794
-80.545044
-77.59396
-101.59424
-90.8967
-96.86334
-103.46164
-76.36618
-102.57788
-61.414215
-115.07059
-84.00113
-110.41751
-79.80936
-97.9335
-57.23523
-75.89435
-114.66461
-75.40793
-111.666016
-117.763885
-108.69824
-92.54849
-120.60693
-86.3194
-59.649994
-83.05188
-121.167816
-112.111084
-104.46875
-109.923615
-98.32117
-96.193726
-68.25827
-88.760284
-79.339874
-113.70734
-112.71335
-102.63913
-77.905334
-96.08374
-89.27823
-100.59421
-87.881775
-110.88904
-111.244965
-104.85361
-81.35031
-95.13812
-59.104095
-101.56882
-115.14328
-81.82547
-73.299194
-104.42795
-110.558624
-87.91373
-110.99411
-116.33624
-87.905396
-76.55084
-58.16086
-56.47592
-91.77164
-104.20456
-117.24896
-107.44101
-111.540436
-81.17084
-109.27582
-78.13739
-77.406006
-76.55823
-57.944855
-68.80261
-93.76782
-94.48807
-128.15167
-98.534424
-107.86627
-102.40878
-77.70871
-104.355804
-104.40253
-99.018524
-87.96713
-77.15784
-98.67996
-77.37216
-65.50644
-112.76611
-89.950714
-68.137695
-79.81378
-105.83835
-75.13159
-109.95035
-125.064575
-94.13315
-92.30676
-84.57608
-81.8746
-122.611145
-100.486755
-88.5795
-107.72424
-111.50168
-91.30411
-99.556244
-114.19116
-89.39917
-114.0296
-92.15558
-65.329315
-48.035736
-93.62222
-81.51245
-121.28186
-94.78885
-81.59277
-103.9314
-120.065094
-97.07123
-105.9361
-94.89337
-98.17313
-106.618774
-71.88345
-79.26349
-79.050354
-91.303894
-116.148285
-116.25699
-107.615875
-67.301025
-80.32678
-108.07544
-91.15796
-107.9476
-77.48251
-82.02963
-83.32382
-91.046906
-105.13248
-101.05051
-102.84311
-101.13132
-90.10654
-90.932556
-91.88611
-110.70819
-121.6232
-75.58707
-102.083496
-115.74963
-63.074677
-47.94104
-108.2944
-109.20007
-123.37311
-49.141388
-107.158936
-117.75006
-106.87442
-123.12793
-86.09018
-73.70239
-88.82556
-114.02728
-107.25012
-97.48291
-90.62128
-71.569855
-78.02521
-115.04971
-64.45624
-109.30167
-95.01407
-67.161285
-104.223724
-89.508575
-106.83905
-96.29657
-74.25406
-96.22449
-75.06021
-94.49335
-73.14133
-64.97775
-77.096924
-89.03497
-127.31723
-76.312195
-100.92081
-70.78204
-106.43912
-84.98282
-123.68219
-98.246704
-102.300476
-101.872314
-82.1225
-89.064545
-84.80136
-135.29013
-143.4484
-116.67786
-106.92987
-113.100464
-117.207825
-69.25922
-97.79166
-93.83801
-109.38431
-112.47717
-104.74191
-96.67731
-111.214325
-97.51352
-108.30835
-77.79355
-75.84329
-66.777466
-68.67468
-73.720215
-85.24808
-83.81778
-73.33664
-108.875275
-114.23636
-97.926025
-92.98187
-94.433014
-92.76584
-71.29556
-83.69852
-81.43292
-127.71393
-87.62497
-115.00214
-85.37521
-110.52692
-122.177826
-97.71881
-96.260895
-117.404236
-98.518005
-95.826965
-101.53995
-101.032776
-81.954865
-84.44656
-109.977264
-83.5954
-111.10983
-84.7677
-103.71753
-106.44394
-75.75156
-65.83588
-95.6268
-127.742035
-105.80014
-102.04236
-113.30664
-108.22983
-91.29019
-70.07626
-105.55267
-101.55176
-77.23474
-108.774414
-120.33191
-87.032196
-114.95514
-96.02286
-101.68994
-86.303345
-99.92923
-103.04294
-90.542786
-64.05524
-87.05054
-91.414825
-100.3999
-108.65073
-103.737854
-118.96417
-101.36655
-80.3793
-107.46948
-104.28525
-107.77774
-80.32822
-111.16495
-97.92081
-112.60831
-89.28458
-110.07761
-89.44791
-97.95261
-94.359406
-69.63089
-96.381226
-103.31015
-95.32742
-106.118164
-103.752014
-99.54239
-59.339233
-98.07907
-81.24542
-83.76697
-92.61395
-96.14313
-102.46759
-92.73801
-106.84964
-84.26608
-104.4556
-70.73627
-73.455505
-112.80505
-75.97418
-86.36716
-90.30411
-98.510284
-117.10382
-97.855835
-111.336334
-96.28812
-107.93414
-126.52182
-101.234955
-91.45056
-71.35651
-112.36047
-107.53528
-88.47757
-93.578186
-115.90234
-112.78067
-112.135315
-105.91638
-92.713104
-100.56665
-97.3764
-94.90082
-102.80493
-77.85736
-115.579346
-118.94391
-68.8642
-93.82126
-77.22638
-96.041565
-68.28821
-83.75281
-83.59024
-67.258026
-99.72864
-86.811676
-104.144226
-91.67645
-102.04193
-92.4314
-91.05423
-79.49512
-97.04739
-99.8772
-115.028656
-77.34143
-101.67862
-115.51395
-87.44748
-94.46643
-92.368835
-98.77969
-56.356506
-118.87073
-126.64908
-98.28308
-85.03491
-76.55386
-79.03943
-139.27054
-102.394104
-83.48511
-83.57971
-74.16962
-107.07953
-94.84982
-117.038025
-105.24283
-119.62396
-115.07645
-98.609344
-106.3996
-97.851166
-47.431396
-101.36899
-66.96652
-88.38025
-104.69098
-96.19324
-89.60956
-78.09338
-66.29599
-99.244995
-82.47809
-106.41983
-114.35278
-104.35083
-98.28644
-96.062256
-113.3194
-114.09836
-99.7258
-92.57855
-98.97186
-96.61456
-86.45883
-105.34863
-81.47122
-98.81647
-71.648346
-112.236725
-70.148865
-108.86157
-93.49655
-66.38266
-80.914276
-98.88574
-95.04401
-85.839905
-100.74176
-87.82327
-98.08597
-97.87366
-109.02399
-109.75333
-62.965485
-65.48929
-105.722534
-86.31909
-64.08533
-114.671265
-114.530945
-92.666565
-109.14676
-68.37958
-73.90216
-94.07977
-103.142426
-136.59491
-97.303406
-58.505737
-90.046814
-75.635925
-84.81375
-105.73923
-87.23746
-89.62085
-90.21118
-52.592102
-94.08057
-84.739716
-103.51901
-100.10318
-88.5105
-88.11276
-109.27576
-112.71384
-92.896515
-115.73114
-98.17801
-117.154724
-113.19699
-83.36844
-95.67465
-118.57797
-102.82938
-101.8291
-57.24002
-100.38754
-76.54562
-93.922
-94.23419
-82.52704
-73.24744
-109.394745
-78.07623
-66.46347
-97.31186
-107.59311
-80.52338
-90.0506
-100.62186
-107.43509
-110.80472
-100.525604
-78.2923
-75.76712
-68.95624
-112.79111
-133.75107
-114.46591
-98.18152
-55.87686
-85.743164
-55.52072
-72.29636
-95.0271
-60.93988
-125.49957
-111.903564
-101.80383
-97.69156
-98.86734
-98.82956
-60.199493
-109.76758
-100.00949
-105.73956
-95.48337
-121.75885
-54.82898
-103.85327
-103.43857
-102.359955
-102.178955
-116.263855
-94.243286
-93.53732
-85.344666
-109.3793
-72.862335
-90.23749
-93.755066
-101.763
-84.54898
-119.5235
-124.53461
-84.93643
-87.188446
-44.25827
-84.587555
-106.14081
-96.346466
-116.591644
-109.78226
-107.99957
-97.08072
-68.90759
-105.95749
-86.417206
-63.471527
-63.47113
-75.905
-92.08264
-49.096252
-108.18222
-116.51758
-101.67877
-100.552185
-94.39426
-54.968292
-118.249664
-82.421906
-85.010284
-111.198456
-113.724
-95.40085
-108.74469
-96.9935
-89.52554
-105.26639
-86.751495
-91.78174
-70.5755
-104.05585
-98.820435
-89.31906
-94.6463
-102.45941
-101.841034
-100.10986
-98.86456
-87.6463
-78.738464
-114.25787
-75.68167
-88.13309
-110.7269
-66.87833
-98.837555
-85.80847
-103.92941
-94.4494
-106.67169
-91.50867
-122.56882
-96.03787
-104.6134
-116.50116
-112.15726
-62.282166
-104.94107
-114.78476
-89.99579
-83.359314
-111.98657
-109.76083
-80.602264
-88.32623
-81.19205
-93.31235
-90.02219
-111.756744
-71.26962
-102.13104
-68.61694
-92.0061
-83.354675
-84.729706
-100.432465
-99.40549
-70.897675
-92.042725
-103.74689
-85.96326
-94.863434
-116.72888
-122.74078
-103.52612
-140.39944
-89.64157
-106.51813
-148.95615
-89.23312
-122.50647
-97.575836
-111.09238
-90.98349
-78.9288
-84.00745
-93.40585
-71.338715
-104.7616
-99.28027
-88.46277
-80.22977
-83.12805
-102.21341
-101.742645
-86.11246
-93.56024
-100.99945
-93.54373
-107.5293
-103.126495
-112.219666
-96.86087
-111.59277
-102.707184
-73.02487
-75.60397
-81.419525
-87.97067
-68.17615
-70.894806
-91.128174
-97.38623
-121.89487
-120.01172
-82.075195
-80.18341
-100.76828
-102.867676
-103.99112
-108.70203
-93.68997
-89.15265
-76.556305
-87.16708
-105.51169
-85.19321
-86.18979
-111.89047
-75.396576
-122.92526
-106.31015
-110.03592
-101.67554
-117.39227
-102.353455
-105.26901
-79.693695
-72.359985
-111.571106
-113.82794
-97.39319
-101.226654
-59.56552
-57.29831
-68.29904
-89.43344
-103.08688
-78.86386
-99.67001
-110.72214
-87.07559
-80.49768
-81.53552
-116.951385
-72.40372
-119.87576
-117.76904
-77.94229
-133.04977
-79.40021
-100.15088
-95.68994
-83.68118
-75.85867
-86.09088
-107.905
-85.083405
-92.70111
-99.91382
-97.76727
-115.860565
-45.762573
-109.29736
-103.83215
-121.960785
-79.87915
-108.56848
-70.22705
-90.81494
-59.810486
-93.344086
-92.72632
-113.61188
-112.12497
-104.571594
-106.73126
-76.11615
-81.75815
-104.89252
-78.58792
-103.09851
-91.454895
-95.565704
-88.375275
-75.384735
-91.019714
-120.83392
-93.80084
-87.75485
-102.27362
-94.824585
-93.623474
-78.61252
-82.10159
-69.742065
-117.31839
-94.5813
-101.84421
-86.99231
-93.29791
-66.11777
-86.97162
-82.28842
-100.867065
-72.76953
-102.597595
-118.73816
-121.7229
-108.515045
-64.79053
-121.42462
-53.5336
-58.65381
-48.373505
-73.40039
-125.63849
-74.65402
-120.99307
-77.18509
-35.695923
-62.4021
-42.626404
-35.983215
-39.915222
-94.907196
-69.04019
-103.93521
-75.95343
-27.742706
-105.7449
-65.0571
-48.49063
-129.87854
-33.3916
-24.840973
-148.92334
-115.54321
-107.60959
-106.46475
-116.01425
-62.299896
-56.2641
-78.999115
-48.44345
-83.16995
-88.69995
-81.96515
-97.52075
-102.729645
-168.63635
-99.39279
-93.33334
-77.288086
-68.03494
-75.482666
-70.8006
-133.90909
-105.42099
-121.564026
-110.13675
-70.53061
-97.96402
-94.674835
-98.4494
-70.266846
-98.44577
-86.87552
-94.43466
-110.70358
-92.96307
-109.32251
-93.96756
-90.41339
-85.73193
-73.23602
-66.42935
-93.14026
-87.16104
-61.10742
-76.09543
-117.818726
-79.207825
-91.212494
-96.62393
-115.225464
-93.22653
-113.415436
-87.25104
-93.96121
-72.87967
-95.133514
-89.96454
-70.14703
-117.3746
-98.03607
-123.61722
-121.12012
-101.19162
-91.44043
-105.0726
-77.336945
-63.43814
-77.04892
-80.01993
-93.16855
-114.20227
-123.994385
-120.92038
-120.70853
-88.84033
-116.540375
-107.057434
-91.65793
-123.129425
-82.32709
-66.34827
-98.80975
-97.92157
-93.35983
-90.61856
-78.51721
-99.50491
-90.32477
-89.82684
-97.910675
-125.56787
-77.82031
-77.70935
-118.034
-109.99176
-116.985504
-82.361755
-102.78699
-108.359314
-112.14584
-122.97583
-109.79312
-103.63809
-119.72357
-102.34067
-104.514465
-95.672485
-66.95987
-59.866302
-86.70062
-87.78479
-73.58829
-90.00552
-73.44531
-97.50806
-108.77466
-103.012024
-96.82617
-86.96384
-59.229492
-96.78012
-90.72983
-107.398895
-127.17355
-100.90036
-110.717316
-99.446686
-95.663025
-74.07211
-117.747406
-79.8425
-119.08627
-94.778534
-106.8107
-60.739197
-85.11496
-104.7352
-107.33774
-63.78177
-86.17108
-106.81909
-100.02634
-108.15015
-88.70886
-97.63464
-104.59506
-94.54385
-123.31326
-76.270355
-76.970795
-100.490234
-107.92618
-88.50726
-95.950134
-89.87219
-83.41745
-85.06229
-110.694305
-98.39282
-86.34326
-115.67648
-110.82132
-106.09592
-85.765076
-87.08234
-115.47507
-77.904236
-92.55261
-86.03909
-109.31561
-95.258545
-110.67001
-98.88031
-97.786835
-68.02045
-104.114716
-123.41736
-107.96854
-95.86267
-89.61319
-92.98486
-96.36023
-104.34357
-103.44635
-96.049225
-91.35416
-81.90436
-101.162994
-76.66818
-108.512695
-87.892426
-116.22345
-107.294495
-104.179474
-76.40631
-91.37784
-141.56201
-104.10828
-84.764984
-115.0224
-108.89923
-84.1871
-89.09
-93.58975
-75.80185
-74.13995
-103.054504
-74.269226
-98.67212
-114.744415
-111.871826
-118.086426
-87.40616
-97.51349
-111.39432
-102.98862
-120.0029
-95.34714
-81.19144
-98.499756
-85.16873
-85.14984
-76.14252
-98.20325
-104.62201
-87.58737
-79.335815
-55.812225
-90.74054
-84.14139
-107.60452
-102.3497
-82.8678
-80.53552
-114.273926
-127.155396
-87.66232
-108.50018
-98.057526
-97.28583
-79.061554
-108.89853
-93.298706
-113.84152
-126.71271
-116.33493
-88.66016
-101.799164
-80.981445
-70.542175
-108.62009
-95.672516
-78.069214
-81.72336
-108.36777
-74.01126
-99.37088
-75.42581
-97.73309
-64.72397
-82.796295
-95.88153
-97.84338
-70.504974
-81.40253
-85.55475
-126.56213
-102.99515
-109.79376
-104.00891
-68.043945
-108.119934
-74.41449
-100.52524
-125.302246
-71.537964
-89.6951
-121.11392
-79.30121
-102.46756
-94.297
-115.93695
-112.78226
-83.398315
-80.597626
-96.07919
-131.29227
-101.683716
-100.79889
-111.45532
-75.60794
-108.466125
-48.271362
-66.94275
-54.15866
-116.04913
-53.111664
-96.21228
-82.68582
-73.218475
-80.148346
-99.16531
-62.54724
-44.757355
-78.46631
-51.98593
-91.944214
-110.54007
-74.401245
-98.84863
-109.502716
-121.97171
-113.84027
-94.81961
-82.10077
-62.233643
-62.42404
-102.116
-104.683624
-112.0907
-112.70227
-112.829926
-104.23447
-96.52124
-66.92337
-105.96277
-133.96573
-106.8602
-104.38806
-131.38724
-98.37048
-110.23953
-140.77972
-85.67227
-71.34769
-100.88251
-127.21286
-66.70871
-57.980743
-81.42795
-111.37384
-91.97089
-80.956116
-76.2363
-112.520966
-94.37134
-101.57248
-72.2106
-106.37305
-72.536896
-94.99713
-78.833374
-82.76343
-110.872345
-102.01016
-87.201385
-110.41943
-120.60452
-105.44714
-89.502106
-118.95691
-69.31586
-101.03876
-97.23758
-106.32901
-108.4812
-83.00534
-86.87967
-84.63379
-92.19171
-81.494965
-89.06613
-117.70926
-110.20334
-74.438965
-110.04486
-105.915955
-86.62149
-111.267944
-85.56265
-95.599304
-89.67697
-121.234375
-102.025635
-102.4357
-81.51944
-79.00171
-111.81799
-122.928955
-82.49005
-102.74115
-115.876465
-110.27185
-110.17993
-84.957794
-102.89859
-101.10666
-101.502594
-97.39734
-93.57022
-73.43817
-102.3082
-95.07724
-102.41589
-102.249084
-105.05124
-110.816315
-72.458984
-94.58133
-86.736725
-101.75305
-90.47455
-81.792816
-75.411194
-90.22888
-99.845184
-110.74185
-97.38577
-93.7121
-66.785736
-105.84198
-100.91327
-75.348206
-105.68735
-104.02075
-115.67218
-99.556366
-85.18332
-84.12033
-67.94333
-98.68695
-103.83154
-122.157715
-89.50415
-76.982025
-106.45184
-109.35007
-88.482635
-92.32269
-81.37207
-59.05252
-26.427734
-29.113403
-94.66095
-87.24902
-68.17938
-45.197113
-78.90585
-34.105835
-15.240997
-108.890686
-91.48645
-72.435394
-74.66156
-19.621826
-25.98761
-56.270996
-79.740204
-77.67084
-59.115326
-55.585236
-94.13898
-111.065704
-96.6311
-56.799194
-85.928925
-154.97964
-107.30127
-92.918335
-127.56119
-80.80179
-76.428314
-133.2215
-91.93057
-125.34247
-108.45761
-105.17001
-93.335175
-127.75409
-69.82181
-124.22803
-89.3689
-93.85474
-73.0531
-90.94742
-95.25986
-57.056183
-112.531555
-88.06134
-76.60727
-80.314514
-87.88324
-108.90411
-43.19989
-98.27161
-82.548645
-95.20776
-129.58804
-93.88675
-109.717865
-117.34192
-101.26239
-79.83011
-91.48633
-78.105896
-92.86023
-99.9765
-91.86136
-112.03262
-107.42688
-100.396576
-111.171875
-63.575714
-109.71582
-107.0177
-102.48001
-86.20242
-98.11804
-90.55875
-94.306854
-64.96484
-104.28052
-51.68686
-61.00345
-98.09744
-85.681915
-67.143005
-74.8396
-66.50464
-82.510956
-107.08154
-118.94925
-94.277466
-71.09726
-85.09491
-76.91965
-123.242584
-98.770966
-143.55011
-113.96524
-139.0028
-126.759094
-101.573456
-84.92319
-83.198395
-86.04526
-64.5437
-63.81299
-66.00217
-94.64465
-65.10303
-80.66916
-93.53821
-88.5343
-71.5524
-103.89871
-91.54208
-137.32333
-74.87927
-73.86313
-127.88507
-98.51932
-84.769806
-94.355896
-92.53647
-75.94528
-79.3288
-112.48044
-105.77728
-90.49121
-99.29291
-77.33646
-100.07837
-95.4917
-92.349884
-109.0126
-105.8414
-113.5798
-106.917206
-95.62439
-71.59628
-109.384735
-122.493195
-68.66446
-102.66696
-62.226715
-76.2876
-91.23117
-39.245728
-62.039337
-91.63443
-81.723755
-144.86826
-40.801575
-66.170166
-80.035065
-43.256165
-87.34454
-114.541595
-99.0802
-116.26065
-95.01495
-93.95178
-86.56268
-101.30109
-128.07336
-89.93106
-131.93787
-106.92755
-106.94034
-113.19989
-84.61145
-105.17447
-97.84897
-101.996155
-83.319214
-90.836914
-70.66037
-102.361084
-38.84659
-77.059814
-86.761505
-115.520386
-100.233765
-102.91763
-99.63306
-114.94571
-122.568634
-117.47122
-78.48511
-92.29938
-75.05667
-108.8992
-86.00513
-80.73355
-106.08481
-71.34711
-98.37399
-115.52402
-93.15619
-62.430084
-68.22632
-90.28757
-111.46033
-101.819275
-120.777985
-63.091858
-83.78439
-80.522705
-104.96185
-45.348846
-84.62305
-101.48166
-110.37723
-97.03412
-97.05191
-108.96951
-111.2778
-66.03305
-100.095184
-98.02054
-104.9928
-65.418396
-88.91492
-75.06641
-116.9397
-88.567474
-98.76126
-92.104645
-71.6723
-32.59659
-55.098053
-115.10181
-110.77313
-94.01074
-114.44519
-124.89496
-106.92609
-114.87308
-91.58542
-96.29581
-125.762634
-69.97888
-83.60306
-87.50006
-102.99454
-84.98126
-108.85037
-65.66342
-109.16089
-89.575195
-74.79666
-97.07123
-104.21686
-108.68878
-83.28894
-111.734344
-89.760254
-82.88846
-92.813416
-102.60751
-84.18643
-68.1922
-104.40973
-87.70523
-80.78555
-124.17102
-95.18057
-124.177765
-118.0072
-90.26352
-64.41733
-93.484924
-99.764465
-96.01047
-71.985016
-111.355286
-105.87698
-101.23395
-82.23096
-104.206635
-63.405792
-96.05606
-77.715454
-80.01346
-89.93164
-100.62042
-113.89795
-74.90491
-105.411316
-97.713776
-116.83859
-118.63425
-100.930176
-110.37457
-132.99295
-101.83719
-106.61264
-111.274445
-101.501495
-82.43436
-95.56601
-111.011444
-99.63489
-98.02615
-85.56671
-102.270874
-92.209015
-111.38617
-98.991
-97.77109
-90.04593
-89.476715
-79.7988
-94.57742
-108.4079
-94.25101
-93.80487
-84.53415
-95.444244
-99.22232
-93.64319
-88.99536
-118.94397
-93.62689
-91.19345
-94.56009
-103.37048
-92.25522
-92.27026
-108.532104
-98.113525
-80.390594
-113.112885
-124.330444
-116.23154
-94.32391
-100.26071
-96.18863
-90.84128
-93.83435
-113.80063
-91.3215
-87.01224
-90.239105
-91.84689
-89.53589
-94.579895
-104.05179
-96.41626
-83.77438
-101.03491
-100.79019
-86.905304
-101.17563
-94.58594
-104.6051
-93.755035
-97.12186
-115.291595
-112.841034
-101.486664
-109.27469
-85.76437
-117.52792
-94.17215
-121.01129
-108.93918
-89.494965
-86.829865
-95.585144
-97.43677
-79.86624
-101.759
-80.47339
-93.81616
-101.21228
-100.296906
-85.94098
-73.88034
-118.80344
-61.843597
-102.803955
-89.19849
-110.32626
-74.59549
-86.800995
-114.25488
-102.4877
-98.605865
-118.06308
-101.39087
-112.216675
-104.14072
-111.397
-108.62436
-120.4512
-81.1814
-94.492065
-74.96704
-99.52524
-112.167206
-102.08542
-102.259
-104.439575
-74.93536
-92.63162
-74.40091
-95.556335
-107.814026
-116.177216
-88.6232
-96.93649
-107.2348
-74.22089
-98.996
-107.82788
-91.61795
-105.30194
-85.127655
-91.766174
-90.91217
-113.4035
-86.77539
-87.46365
-99.980225
-107.68939
-103.78668
-104.47302
-104.63641
-98.29666
-106.8851
-98.339935
-110.47171
-99.53378
-97.97876
-97.96442
-94.319214
-99.982086
-84.91498
-97.825806
-72.16687
-107.596466
-100.535706
-91.31137
-96.62802
-100.086914
-91.20767
-107.69174
-116.734344
-99.27371
-114.94757
-94.426605
-109.56796
-95.33078
-96.146454
-106.963196
-102.29123
-108.83371
-65.47708
-98.09686
-88.50229
-63.92459
-75.82056
-95.38205
-97.35516
-79.32379
-97.68286
-118.4964
-126.77777
-120.16278
-110.48291
-113.15619
-102.62164
-100.57788
-94.63626
-86.80524
-101.20395
-96.73801
-82.15994
-85.5701
-97.73941
-95.20953
-74.50287
-109.07236
-109.280426
-101.776764
-128.13672
-97.43567
-74.60428
-94.9411
-110.440796
-110.45685
-97.70767
-85.1492
-90.03888
-92.97095
-97.36841
-101.58826
-107.452484
-79.38147
-81.8194
-89.58252
-104.870514
-90.77997
-111.3844
-95.16412
-115.7771
-115.792755
-94.4035
-101.0889
-112.66434
-95.5314
-79.83307
-87.68472
-87.46304
-108.76614
-80.80542
-105.24359
-95.92441
-107.95169
-89.410706
-103.05368
-120.65909
-98.52597
-87.82269
-98.86713
-91.24631
-97.36713
-125.42059
-85.20883
-91.568665
-101.120605
-99.89014
-103.87311
-118.35254
-105.65192
-96.71127
-90.89575
-97.94174
-94.691895
-99.25928
-88.12106
-87.038574
-77.20993
-108.305725
-108.50186
-86.77402
-105.46216
-74.68399
-105.18686
-111.42755
-95.57669
-77.67468
-115.2103
-87.03351
-105.50064
-79.474976
-105.37906
-98.49625
-114.610504
-99.53497
-95.26889
-100.894684
-79.30786
-102.79779
-108.668945
-98.80124
-94.48978
-79.73355
-96.1189
-106.71735
-107.22281
-100.39737
-89.87546
-101.1409
-102.8172
-92.83142
-94.92578
-91.74194
-106.83688
-109.021515
-109.69147
-89.29263
-111.2879
-101.99536
-95.072266
-113.1033
-99.162384
-108.33945
-92.40918
-96.77118
-105.110016
-100.97363
-102.67236
-113.13751
-102.24881
-78.08356
-98.31052
-83.007355
-95.27869
-69.35959
-68.81305
-94.61755
-81.60913
-77.189026
-97.917725
-105.56033
-108.3353
-82.11987
-102.18805
-106.220856
-109.3309
-101.50723
-83.93811
-106.92142
-120.952576
-100.992676
-90.64517
-131.83676
-100.10745
-114.990204
-115.55768
-116.77255
-77.28305
-98.93906
-105.328735
-103.60864
-106.13266
-109.53409
-101.07269
-87.739044
-89.15689
-84.662506
-72.84308
-81.17377
-78.12033
-107.08798
-106.683655
-82.357544
-101.12033
-89.6716
-89.66873
-89.85028
-96.95874
-104.54654
-102.16974
-109.44977
-91.85568
-110.47754
-106.09363
-65.94629
-111.71915
-92.15585
-112.90262
-77.186554
-113.20273
-85.42236
-101.94043
-83.97031
-114.82559
-91.62732
-85.2634
-95.81949
-95.99216
-117.0636
-117.526215
-117.129974
-119.98694
-110.387024
-70.77304
-98.22873
-104.27139
-95.609955
-104.2695
-80.02493
-90.02243
-74.425995
-79.6799
-86.54352
-109.57834
-103.97708
-57.269135
-104.146545
-96.8486
-100.48105
-96.60208
-96.906525
-107.68945
-91.1705
-96.16434
-95.197845
-91.66846
-88.7962
-89.473175
-112.65555
-109.77408
-88.00165
-85.884735
-104.574615
-118.80667
-88.05878
-91.15399
-114.400085
-77.43356
-58.346344
-105.074554
-112.436035
-65.18103
-58.959717
-78.42108
-89.1861
-118.999725
-106.298676
-89.72806
-81.03421
-125.53491
-107.196594
-93.73117
-95.80444
-112.642426
-96.78296
-106.663605
-110.658966
-97.74527
-79.137695
-109.34964
-112.93005
-88.32895
-85.16925
-102.35272
-103.960815
-103.01593
-100.67685
-106.25635
-76.994995
-93.26077
-100.54581
-89.42874
-107.10651
-95.71622
-79.829895
-85.546234
-95.77646
-103.49603
-102.66525
-114.49283
-112.89819
-88.480225
-104.32077
-88.26611
-72.68616
-94.08713
-103.0376
-107.12192
-106.89334
-82.44946
-69.74982
-114.23779
-107.14612
-81.602234
-81.494995
-104.98883
-95.770966
-108.92035
-88.26724
-115.87073
-96.92038
-115.10721
-105.507935
-104.016846
-87.71896
-99.423706
-127.11633
-91.96265
-92.553314
-105.58496
-91.39041
-93.8197
-102.67465
-85.34143
-75.44998
-87.63214
-101.06787
-111.66232
-68.24713
-98.4624
-101.46683
-101.667725
-85.842285
-102.40311
-87.053986
-126.2171
-89.48755
-95.94653
-83.87668
-88.10538
-97.71173
-114.05319
-94.35385
-73.83252
-47.16284
-96.94791
-101.23291
-119.919525
-104.64252
-107.43381
-95.421936
-80.920044
-99.97998
-115.296936
-101.30539
-87.41049
-103.08719
-90.45621
-96.124084
-73.87485
-106.59653
-102.27655
-82.51779
-111.95822
-104.642975
-87.24472
-97.8118
-104.11078
-84.41342
-101.8197
-124.07211
-93.7254
-112.60715
-108.05054
-119.0795
-83.75601
-77.9675
-99.45233
-98.64337
-107.1376
-114.446686
-110.18564
-102.70184
-104.18286
-92.48105
-89.56793
-85.3461
-93.323364
-99.50787
-91.80426
-96.76181
-93.272736
-110.474335
-104.514465
-105.86835
-89.42224
-94.53348
-100.01761
-95.675476
-86.19562
-70.001495
-103.78818
-76.695435
-97.90292
-103.85446
-102.89017
-85.061005
-124.559845
-103.3602
-107.96112
-122.53076
-106.421814
-95.398895
-98.37689
-107.226715
-101.998474
-103.19473
-71.91528
-104.470856
-82.50992
-117.66504
-98.58832
-113.887024
-68.65384
-86.79358
-79.34137
-114.66977
-97.41971
-93.52457
-67.75217
-113.72189
-102.25482
-75.41177
-87.42297
-104.23172
-84.48718
-106.97403
-65.97064
-98.79617
-93.884735
-121.05597
-80.877075
-101.92352
-98.07379
-97.65466
-103.586914
-99.77844
-87.09625
-66.577545
-75.931366
-114.14679
-106.13687
-109.04944
-98.46066
-91.859344
-97.96167
-96.44791
-85.14267
-109.15439
-91.45163
-87.87714
-114.037445
-108.64572
-120.95294
-96.32858
-106.45709
-92.012024
-110.900116
-95.52292
-88.49872
-121.513855
-95.3215
-91.595795
-95.712524
-100.65451
-94.93222
-87.136566
-88.682465
-83.93048
-82.44327
-115.8822
-97.89404
-87.055756
-95.19855
-89.026184
-79.32184
-109.18295
-101.54291
-119.491
-108.83624
-119.24179
-123.03757
-73.85205
-93.74701
-111.02539
-88.121796
-98.79794
-106.18445
-74.802704
-97.4039
-96.71829
-101.39191
-91.63953
-90.82718
-108.27841
-89.14093
-107.62451
-97.88928
-94.43082
-97.1709
-97.76941
-80.50128
-97.16318
-108.48758
-106.53497
-101.204254
-100.26819
-96.556305
-102.574554
-103.84473
-107.21747
-65.40982
-105.70657
-83.662964
-118.74542
-105.9447
-93.34195
-91.460205
-94.75406
-109.93808
-82.25784
-63.068756
-110.220764
-96.63364
-102.18143
-78.96756
-87.62952
-114.90347
-99.01401
-100.73959
-111.218414
-106.055115
-76.335815
-107.04767
-102.77472
-74.224915
-105.04321
-98.1958
-108.82544
-112.518524
-91.45328
-83.61594
-96.85239
-113.520386
-92.90253
-82.901764
-100.926056
-94.65732
-97.60724
-95.05881
-96.612885
-96.33243
-98.97415
-76.69168
-77.52826
-84.3721
-99.18338
-114.30945
-107.06552
-97.23511
-104.65912
-101.842926
-101.698
-108.83707
-98.98505
-115.647644
-118.537476
-89.86612
-103.8855
-83.60312
-85.56116
-94.54736
-94.5965
-92.69452
-86.80063
-68.67938
-63.83789
-104.30368
-93.461945
-102.65857
-69.98309
-104.3421
-100.22955
-110.42816
-108.48291
-126.782776
-112.47153
-111.11572
-103.02969
-105.70438
-105.05051
-107.91531
-103.49335
-110.94879
-87.956635
-89.81015
-105.446594
-77.95386
-74.289215
-79.00922
-85.23352
-96.49863
-81.80344
-109.90982
-101.458496
-80.926636
-81.08844
-80.16055
-94.19281
-106.538635
-108.82355
-89.86124
-123.60498
-99.11392
-97.48096
-80.770935
-97.019806
-112.21405
-98.638
-99.25406
-111.22391
-81.833954
-104.672455
-93.65015
-100.15857
-122.19995
-104.69733
-117.249695
-106.353455
-92.20822
-81.11786
-105.87326
-66.31207
-98.45755
-91.11511
-106.661224
-80.88852
-102.53766
-100.41705
-91.946594
-95.88016
-112.95181
-96.53787
-105.14224
-85.00357
-68.56122
-94.84491
-107.11395
-111.099304
-102.84689
-106.53122
-102.36786
-99.99097
-100.36517
-87.69275
-70.624756
-100.77893
-83.99939
-99.80902
-84.43982
-100.673584
-80.520325
-106.60425
-101.65341
-90.25827
-82.89172
-108.98804
-111.643555
-97.1192
-110.78009
-112.715454
-111.44809
-106.10065
-84.98892
-94.471924
-111.84125
-99.15402
-119.52634
-110.89957
-99.88138
-70.7858
-102.313416
-92.06296
-95.8873
-100.74579
-89.58591
-89.5936
-95.59619
-84.78348
-71.55658
-104.05942
-116.68738
-96.53076
-74.74347
-85.65402
-94.78815
-103.488525
-103.72772
-110.14441
-95.341034
-93.7168
-95.06143
-76.946014
-103.40344
-89.20477
-118.28363
-102.32257
-109.51065
-119.02182
-90.47717
-98.2576
-99.2673
-103.460175
-113.88257
-77.29483
-94.714355
-90.226074
-97.508575
-72.101715
-106.55228
-102.77423
-100.64502
-114.03345
-88.653076
-108.48767
-99.767944
-101.783356
-88.44684
-101.03125
-80.37323
-100.25351
-99.879
-91.89441
-88.32767
-98.54581
-115.55249
-91.64224
-90.00455
-111.99948
-83.4436
-109.23572
-98.63144
-103.10788
-108.025635
-83.26761
-109.364655
-115.02786
-107.42224
-100.960175
-117.117035
-78.29059
-105.908875
-100.303406
-77.71445
-110.90289
-92.25076
-96.714874
-96.54489
-92.09311
-87.79346
-108.42261
-105.82318
-103.52576
-92.322205
-100.22885
-115.23447
-111.67294
-102.499115
-97.00046
-97.777435
-82.14804
-87.82956
-82.18817
-81.29437
-99.90509
-99.0629
-111.96521
-110.61868
-110.05182
-107.72937
-98.010895
-98.21265
-104.06183
-81.83008
-109.2767
-86.028046
-105.060394
-108.09305
-113.09067
-90.7417
-95.45267
-85.62796
-76.06354
-85.73178
-106.028534
-97.84503
-96.72989
-101.69122
-99.08472
-107.022
-106.30728
-117.28009
-103.35718
-98.16171
-97.29285
-101.40967
-89.17377
-96.19034
-98.53079
-103.20206
-97.344086
-102.72919
-101.52289
-96.17972
-104.527405
-111.21869
-98.79367
-102.27759
-87.61014
-90.1514
-82.95593
-100.1976
-98.13727
-90.39807
-104.45465
-81.10339
-101.20169
-75.083374
-85.83011
-107.09494
-98.69168
-95.93829
-109.15442
-99.309265
-103.84512
-100.91702
-103.30731
-101.72452
-105.33038
-98.95239
-111.936005
-113.82303
-109.286224
-91.28934
-83.94318
-96.20929
-92.03647
-107.38904
-113.87393
-98.054016
-86.22809
-96.37482
-70.395386
-94.30057
-107.67786
-97.69443
-92.79739
-88.326965
-112.70087
-102.21219
-98.58707
-102.517395
-96.267975
-104.539825
-92.545074
-105.01575
-101.37152
-104.084015
-105.37515
-108.10745
-78.49225
-87.89288
-103.89804
-98.637146
-87.79443
-91.49429
-93.578156
-106.41568
-108.11984
-95.41843
-102.54227
-87.30661
-96.297485
-99.49994
-85.40802
-109.063995
-92.97876
-90.81961
-111.28082
-100.84534
-110.93335
-106.213684
-91.45813
-112.1875
-103.71689
-104.75989
-104.871765
-106.003876
-93.331696
-89.05475
-79.672516
-100.19498
-97.832855
-94.59332
-95.454346
-96.22876
-95.552185
-98.30551
-111.79242
-87.753784
-89.61478
-94.845764
-83.81177
-99.082306
-102.875854
-105.67313
-97.94754
-80.40152
-103.67938
-112.67963
-102.06879
-119.17407
-90.879395
-103.95325
-104.47766
-105.7446
-99.363434
-100.31738
-109.66498
-110.16678
-104.160645
-101.77759
-102.03787
-99.375854
-94.378296
-102.657104
-95.31598
-104.90662
-77.47833
-105.588715
-87.89157
-89.75128
-99.658325
-102.95752
-100.821106
-95.41742
-89.99725
-97.38971
-64.97888
-97.863556
-95.990295
-80.588196
-94.40686
-79.95941
-93.22333
-114.033875
-123.110016
-106.75098
-105.50897
-115.496826
-103.09277
-108.81735
-90.62088
-108.039154
-97.2872
-102.82892
-105.433105
-100.63373
-88.6593
-97.447174
-101.94342
-80.32971
-77.26285
-91.88025
-97.224365
-86.047516
-102.25937
-88.401886
-103.88153
-99.85541
-106.8992
-103.4111
-108.89264
-99.49475
-93.931305
-87.950836
-99.15027
-82.71188
-98.025085
-96.25046
-97.62726
-102.77811
-89.02988
-112.23892
-88.79083
-84.137665
-115.68289
-107.12378
-111.41095
-87.17883
-96.94806
-92.27005
-96.4281
-97.99661
-106.07376
-110.69449
-99.39273
-98.220825
-97.03992
-87.637634
-99.42624
-90.459595
-99.75552
-97.00363
-85.36542
-102.40668
-77.09552
-111.585815
-102.12195
-101.84241
-97.497955
-109.38229
-109.47699
-115.18439
-110.026886
-102.70532
-112.56543
-79.469025
-93.762665
-91.27368
-94.310455
-77.51306
-80.36792
-87.02539
-82.49396
-81.277466
-96.92462
-94.601074
-114.44394
-86.54715
-61.07895
-67.14154
-108.91272
-105.75119
-109.68164
-95.97659
-93.29596
-93.91263
-128.1401
-121.28955
-120.63522
-75.25412
-95.212555
-110.49762
-90.1774
-105.34363
-117.02942
-113.63046
-89.35391
-100.0777
-84.62903
-113.3649
-92.33896
-87.39047
-80.53732
-70.111664
-48.611633
-60.931915
-76.22931
-83.66562
-33.611145
-54.928436
-47.453827
-53.013763
-113.447784
-73.48193
-84.80206
-100.3967
-79.14996
-111.98096
-123.874176
-113.03995
-121.27304
-131.33307
-132.44669
-94.04846
-85.94327
-124.861206
-85.898315
-89.99567
-74.82742
-86.48636
-71.66455
-86.00995
-120.865295
-73.00821
-96.187744
-68.719666
-86.06625
-82.3501
-74.5943
-47.08133
-79.50012
-82.16995
-65.515045
-77.04599
-68.61908
-70.91522
-115.8139
-118.93277
-56.54126
-50.44522
-60.50992
-158.44461
-93.164
-39.500732
-38.440002
-24.381256
-92.24063
-105.017334
-33.843933
-62.277344
-63.532074
-64.53174
-78.39078
-60.354553
-72.45474
-69.83539
0.5913696
-13.973236
-40.78546
-17.705719
2.2359009
-12.202179
-64.103516
-89.20834
-18.829773
-81.396484
-86.5918
-39.855316
-60.16928
-86.83676
-80.55368
-112.691345
-9.042389
-60.42215
-37.044586
-101.6969
-35.69861
-169.40164
-186.76373
-62.95578
-113.19833
-95.31714
-132.63354
-114.03131
-49.767303
-55.595
-69.07611
-74.414215
-59.150604
-56.73529
-55.70764
-50.206604
-24.07843
-51.292236
-10.117676
-47.12549
-66.93652
-38.027374
-54.403595
-74.33557
-100.39841
-43.983246
-86.130005
-104.079865
-173.65948
-148.50565
-52.209625
-57.927856
-50.115845
-105.71863
-82.79477
-75.89157
-46.9299
-59.92749
-66.780945
-41.987823
-67.473785
-65.9837
-143.63257
-99.12933
-82.128174
-75.02142
-91.3306
-80.260925
-99.95755
-123.003174
-108.95584
-101.51306
-96.811066
-64.90234
-64.66913
-108.36795
-120.44943
-92.85953
-64.89578
-62.756256
-45.26477
-71.91748
-64.278076
-67.58853
-78.42255
-42.97888
-92.44177
-48.321075
-101.46417
-109.89084
-53.03412
-135.62122
-36.001526
-52.878143
-76.07471
-35.628998
-92.3555
-69.76465
-67.34628
-96.86548
-69.869385
-98.26477
-123.39401
-140.1023
-114.90164
-74.851776
-89.410706
-97.39752
-63.1174
-20.75644
-74.90546
-56.939606
-74.890686
-63.727814
-94.2012
-92.55203
-58.32599
-74.25339
-57.193268
-61.859528
-70.83893
-75.1474
-103.05203
-100.50369
-111.926544
-71.44455
-117.270874
-158.30014
-140.13321
-106.1286
-107.27142
-66.071045
-50.2442
-75.771515
-86.53485
-84.68225
-38.584015
-48.783722
-28.018341
-14.560669
-64.69873
-23.816833
-47.02539
-8.063507
-36.664673
-6.235199
-40.566742
-75.68027
-63.0625
-34.532715
-83.36392
-39.43216
-75.019135
-73.56473
-79.25897
-73.507385
-67.26135
-111.14404
-68.03909
-67.6702
-73.409
-51.77545
-48.65497
-45.64206
-76.39664
-70.65326
-78.496
-90.812164
-28.880707
-64.591675
-117.71011
-65.34412
-74.17145
-112.23749
-132.1514
-66.89465
-57.351532
-13.177307
-65.4866
-130.28174
-43.613922
-26.701263
5.342987
4.6833496
7.6628723
9.731445
6.064636
7.7799377
12.166992
7.328766
7.4010925
8.750824
5.547699
10.067535
4.0684204
6.8384094
3.3399963
5.1808777
4.1410217
5.238373
7.0141296
7.292694
4.169861
2.5725403
1.9754944
10.510193
9.108398
1.65802
3.9299316
5.664551
4.806946
3.735077
2.43042
1.9211731
2.86438
-0.300354
2.235199
3.951355
-1.2671204
2.115326
3.8101196
5.0809937
4.3404236
0.8998718
3.2601013
0.94314575
1.0953064
6.6715393
4.186798
2.1142883
5.997345
1.4300232
1.9112854
0.97354126
-0.6533203
-0.82522583
3.131958
1.6473999
3.9676208
1.8275146
2.408722
-0.27890015
1.5550537
2.2045593
2.439972
-0.11984253
-0.385437
6.6178894
-0.31170654
0.40725708
2.7236633
2.0134277
3.3180542
-0.25094604
1.6394958
5.7602234
0.549469
3.111969
1.469635
0.29916382
0.29904175
5.8512573
1.2829895
6.5930786
0.08746338
0.23425293
-1.3474121
2.0679932
1.7200623
3.6631165
2.1575623
1.3752747
0.086761475
0.62164307
0.5265503
2.6131592
-1.6611328
-0.964386
4.4135437
1.0457153
-0.1857605
-0.25042725
2.506256
1.7424622
4.4255676
2.0290222
0.78897095
1.410553
-1.6030273
-1.8060608
0.7448425
2.1714478
-0.12878418
0.49380493
0.90093994
1.2678528
2.8342896
-2.6308289
-3.0462646
0.84887695
3.7237854
-2.4378357
4.749298
0.80999756
2.1855164
-1.8785706
0.08065796
-1.9156494
-4.327057
-0.32852173
1.3256836
-5.6808167
-5.8967285
4.4627075
-4.2591248
-3.3938599
-9.347351
2.2270813
6.7332764
-0.6971741
-7.9779663
-7.974121
-6.6925964
-1.9177856
8.158478
-8.011627
0.3076477
2.356964
-0.50320435
9.201294
-5.1347656
-7.241089
-0.10217285
-0.09890747
-1.8366699
-0.26416016
7.9024353
-12.897064
-0.24154663
2.935791
6.1209717
1.3818665
-10.293976
-4.1539
-0.7321167
-7.028137
-10.974701
-10.804291
1.2703857
0.9879761
-6.7859497
-11.66449
-2.203064
-4.9151306
0.6911621
-5.3642273
-1.6906738
1.7810669
-6.418213
-0.17495728
-1.4381104
0.23199463
-0.7258301
4.828003
-1.3823547
-1.1451416
-2.659027
-5.7466736
-4.6719666
-5.6268005
0.72546387
-3.8605957
2.3729858
1.1013794
-12.033936
-1.2816467
-4.027954
-8.645813
1.9488525
-7.5628357
-18.37204
-10.792053
-8.758301
-14.928711
-3.116272
-14.81662
-35.258514
-25.72882
-11.872894
-3.108429
0.9532471
-6.946991
-23.57782
-26.827423
-27.885132
-10.009399
-17.594696
4.162964
-5.2552795
-22.155304
15.224335
-4.411499
-10.197388
-11.885803
-1.1581116
-17.335358
-6.190277
-13.435883
-16.366364
-13.496399
-7.332184
-16.848267
-3.0238342
-1.3114319
-3.4880981
-6.533844
1.3240356
-5.254425
-5.0843506
-13.360046
-12.636383
7.219116
-9.806854
-1.257904
6.36911
6.5823975
2.4689636
-5.559723
-1.2894897
0.9637146
-15.346893
-8.836365
-0.033447266
-6.9950256
-3.1076355
-11.442108
-8.772064
-8.459991
-9.920807
11.369415
2.420929
-7.43808
4.9999084
-10.409821
-14.671173
-3.4263
-5.2702637
-7.234955
-8.481445
-13.341522
-9.297089
-26.481018
-4.2669373
-5.976593
-9.727814
-16.481598
-12.924377
2.1437378
-21.990692
-20.432434
-25.89096
-15.727173
-14.18927
-12.911133
-20.08432
7.3152466
-4.6349487
-21.63855
-30.871918
-13.245605
-26.475098
-19.494446
-48.450256
-21.99759
-11.437256
-2.0768433
-25.551056
-18.186066
-13.207581
-28.5271
-40.57184
-21.024475
-26.404205
-5.032379
-14.153168
0.34710693
-33.504456
-3.5440674
-2.9519043
-6.239624
-3.864563
-10.789551
-28.569214
-13.60318
-12.626404
-23.358429
-38.70273
-9.684723
-20.014008
-16.481781
-18.33603
-25.866943
-20.434143
-28.500153
-14.924774
-5.540741
-12.966949
-8.333923
1.7404175
-14.14798
-18.257019
-3.7200623
-5.4986267
-2.952179
2.372467
-18.363586
3.7342224
-0.37197876
24.369568
-7.39563
0.36346436
-16.412079
2.8684692
-25.290436
-9.635681
0.48208618
36.613983
61.13141
15.880707
16.092957
11.712616
19.13205
5.786316
4.554657
-1.3011475
1.7581177
-4.782318
14.7352295
-2.573578
-12.613495
0.6301575
1.0412598
12.146881
57.057373
-12.959076
14.820221
28.01233
4.852539
1.5966492
17.75763
25.588501
2.9891357
11.77533
33.077423
11.512421
20.777405
24.928375
0.73220825
11.344177
24.697906
-0.019561768
15.400299
7.5722046
26.676422
2.622589
4.6956177
4.561371
-5.769287
-8.980743
-13.62027
-34.31195
1.2408752
3.6859436
-10.351471
-21.325104
-10.348236
-30.175629
-16.720367
-25.284729
-36.31656
-25.614685
-9.336456
-30.193542
-4.115265
-10.430725
-33.560883
3.3722534
-21.350922
-8.48938
-4.698822
-15.242981
-20.920166
31.064178
-0.3814087
-19.38733
-34.74933
-28.21112
-11.8654785
-14.484589
-16.177185
5.3883667
-27.40448
-10.456726
-13.523895
-8.524994
5.8005676
-18.968597
8.766083
-4.2101135
-6.137085
-6.338745
-13.309174
-10.753265
-10.206299
-20.974976
-12.148651
-9.228973
-7.4670715
-10.155884
-2.597992
-12.031921
-6.9624023
-28.239075
-0.31314087
-21.281189
-13.329773
-35.171936
-9.86972
-7.8128967
-11.211151
-21.806763
-29.253174
-20.534058
4.7556763
-18.769226
-24.257477
-20.769989
7.5977783
-22.495972
9.283203
-17.824127
11.082306
-26.606964
-10.660889
8.367279
-3.032013
11.898041
-11.286224
-29.584656
4.6896667
-24.492828
-7.707428
-45.286285
-31.770782
-26.046936
-39.73828
-22.812653
-56.619507
-19.634674
-28.630524
-51.604156
-39.573456
33.781036
-73.27118
-47.105682
-46.50531
-75.9393
-94.71628
-94.54129
-77.80124
-51.13318
-71.22742
-81.750275
-53.692352
-77.070984
-73.384674
-90.213135
-67.46338
-72.01361
-53.89624
-68.49155
-88.75101
-69.37506
-114.76605
-69.0647
-88.842255
-66.384186
-113.44443
-94.45569
-104.49274
-112.93503
-65.384796
-98.015686
-112.38281
-130.25797
-71.05289
-137.17737
-124.25925
-82.49429
-106.31998
-124.80658
-62.4122
-86.51605
-92.22916
-72.35083
-75.10922
-84.824615
-99.36948
-90.61536
-101.8978
-59.662872
-59.3692
-82.01462
-73.8103
-73.69614
-95.21649
-99.12805
-117.92999
-97.128845
-88.67465
-118.5672
-90.22208
-114.342316
-115.76614
-83.98099
-90.46683
-106.622375
-84.59918
-106.04608
-96.905365
-77.49832
-75.50244
-96.89014
-104.683136
-68.137695
-107.83841
-93.77786
-136.96924
-114.70697
-107.97412
-81.210785
-116.14862
-154.12515
-110.48532
-44.100555
-92.49402
-116.898346
-103.39697
-137.32349
-53.513153
-44.980072
-63.07898
-71.57364
-106.48016
-70.87155
-60.87387
-71.5289
-100.5668
-82.57333
-118.63507
-133.53589
-84.14917
-65.23306
-107.20792
-101.66864
-112.824585
-98.9895
-53.241272
-72.89563
-115.120056
-78.62793
-70.70682
-103.160614
-65.68024
-53.788513
-126.128235
-92.03284
-88.89227
-112.63913
-111.991425
-96.94122
-85.23361
-96.76111
-62.092834
-103.90793
-110.33008
-103.2258
-119.96741
-108.906494
-95.43692
-108.4328
-112.52182
-85.199066
-96.27426
-115.96811
-76.533356
-142.18906
-88.45343
-83.11865
-75.66818
-58.38141
-89.58884
-87.1615
-77.01715
-125.46042
-88.250244
-108.26428
-84.17154
-86.48273
-61.83963
-96.40561
-70.75598
-114.45328
-114.29642
-90.31058
-72.15729
-106.52432
-76.65845
-79.148346
-86.69162
-68.73569
-88.91348
-119.86481
-42.52957
-104.21655
-128.45975
-112.70999
-113.991425
-58.986206
-127.4924
-74.80243
-114.89505
-91.76865
-77.78415
-106.83154
-86.04617
-117.4317
-102.206604
-110.66177
-118.38663
-121.35263
-66.63568
-82.438965
-107.598694
-90.06287
-72.55057
-93.4324
-87.50189
-67.049835
-81.05319
-71.970245
-66.72604
-76.58673
-80.56479
-87.15463
-78.79736
-89.20117
-76.453125
-87.140015
-96.348755
-120.65094
-78.70276
-98.60553
-84.97293
-126.60336
-89.8147
-116.537415
-68.46658
-44.626495
-97.84833
-92.93793
-109.627686
-94.79697
-127.59491
-84.69833
-78.109955
-97.02734
-107.41812
-111.758514
-91.39957
-122.68463
-125.983215
-55.956512
-82.62259
-113.13742
-87.41519
-96.33786
-76.62427
-87.44995
-68.1102
-80.19333
-95.090515
-87.60654
-57.006134
-78.44867
-77.15869
-76.17282
-72.96451
-75.768616
-77.353
-124.03107
-116.80258
-92.73291
-58.729218
-107.075836
-62.927795
-99.217804
-115.8468
-87.88913
-113.374725
-51.484344
-78.17438
-92.49936
-86.41373
-97.523224
-54.892548
-87.84445
-84.2952
-107.931915
-76.01099
-95.79022
-132.17331
-81.47272
-124.97952
-109.69409
-103.795135
-82.240814
-121.30179
-85.66629
-101.47165
-81.51672
-111.2128
-79.285736
-109.03894
-72.15671
-102.77121
-109.82962
-120.30716
-97.09592
-88.473206
-84.66611
-89.54227
-71.609955
-93.39975
-109.7796
-110.7312
-85.746704
-107.73483
-49.735016
-65.73831
-88.96054
-66.8844
-140.08649
-113.75406
-49.312714
-82.55734
-103.91467
-109.699066
-126.41193
-96.33258
-95.19458
-121.041016
-65.01666
-120.4805
-93.08859
-112.59192
-51.600708
-45.137268
-38.031647
-75.17218
-67.03485
-89.89139
-49.70114
-86.21741
-74.786804
-77.71811
-109.16846
-80.249725
-100.567474
-70.89343
-68.81714
-74.91327
-76.29071
-95.70215
-144.51111
-54.821655
-122.1629
-66.91931
-116.33545
-106.66678
-79.82172
-100.42142
-128.86801
-84.2258
-56.746216
-83.59372
-89.96698
-86.157196
-45.45169
-62.347443
-80.82349
-60.915833
-63.662994
-72.6875
-40.861694
-50.06253
-97.44916
-70.20398
-100.7775
-68.43588
-65.23367
-110.67023
-68.536835
-118.4975
-94.48193
-96.82483
-106.640564
-87.00305
-108.41168
-112.75525
-114.92352
-122.10831
-117.36551
-165.44333
-117.0459
-88.57489
-95.95822
-108.9249
-88.88599
-56.71579
-92.00186
-56.87024
-48.616455
-58.547394
-73.90393
-75.92352
-58.995117
-76.79993
-74.364105
-54.315155
-86.75467
-82.001495
-33.04831
-70.29883
-90.96503
-72.66977
-46.585907
-29.848053
-44.363953
-42.548615
-103.341034
-32.13687
-80.89105
-81.061554
-114.55789
-82.538025
-64.227875
-119.62012
-89.24744
-104.782104
-93.26849
-93.10782
-102.34979
-112.7298
-115.42334
-61.67456
-118.60272
-78.69986
-71.023285
-77.63083
-94.49567
-109.26578
-96.01364
-96.45578
-71.72284
-60.307465
-90.88202
-134.80606
-85.888306
-58.20233
-76.929535
-97.14133
-87.33325
-109.5134
-83.318665
-125.31094
-122.771576
-107.86871
-71.39459
-73.50363
-108.2056
-93.00345
-86.58896
-82.23041
-80.68341
-89.27945
-129.16864
-82.33499
-80.834656
-87.35364
-94.641754
-87.42941
-147.80103
-118.507996
-73.72296
-129.45667
-107.52597
-116.409546
-71.13077
-90.803375
-111.36539
-98.85309
-93.63037
-71.21927
-96.120605
-55.849884
-75.0105
-73.12073
-65.64752
-45.285767
-90.045135
-52.734924
-73.68906
-80.18164
-54.5242
-98.26553
-56.646484
-133.80383
-79.35184
-78.62192
-95.53415
-84.462585
-75.189606
-73.46896
-135.61249
-36.941315
-63.903534
-46.334656
-24.964447
-89.32852
-60.646393
-75.462616
-62.67694
-81.44568
-63.07715
-54.71634
-98.22467
-99.83179
-56.426514
-59.517212
-114.42035
-90.049225
-84.51041
-79.2894
-35.138
-104.21863
-92.55377
-130.64743
-78.699005
-99.5441
-115.534
-150.82178
-41.124268
-99.6702
-61.674072
-122.95236
-156.56473
-93.04434
-80.98425
-75.02115
-76.09543
-141.91129
-129.82947
-64.52942
-135.50177
-101.47174
-84.92081
-73.43118
-60.15451
-110.47754
-53.027985
-110.344086
-87.32941
-94.57855
-90.487915
-111.16211
-30.520386
-90.16443
-75.7388
-92.31616
-94.08905
-56.21701
-92.469574
-98.56021
-58.88098
-63.13565
-42.329468
-114.89618
-66.9935
-117.24161
-105.41589
-101.52023
-93.52847
-71.01538
-119.480316
-119.07187
-98.67697
-124.57318
-62.10623
-97.513
-91.52716
-80.65628
-105.13495
-75.743835
-94.87311
-74.89691
-98.58118
-104.219604
-101.6644
-136.6655
-81.02768
-105.39145
-66.05255
-105.68884
-85.37436
-86.285095
-97.58566
-136.1159
-104.35129
-91.12164
-86.44635
-83.251526
-100.19379
-80.25668
-70.911194
-87.597015
-95.22803
-89.94684
-97.42108
-117.11081
-89.734924
-123.69333
-86.151215
-119.86722
-91.36505
-99.15219
-116.80081
-99.779205
-103.67322
-86.16193
-93.89484
-82.08905
-116.767
-101.28308
-105.77704
-93.33234
-88.55466
-99.01007
-89.77695
-67.15552
-106.84894
-102.17914
-103.29895
-84.43161
-115.979614
-87.31998
-90.256134
-90.466064
-69.176544
-117.47363
-99.47092
-83.54584
-119.8844
-113.32883
-110.99463
-101.53244
-102.98709
-92.50134
-101.858734
-113.48947
-89.13574
-99.09564
-92.137634
-99.6803
-75.476776
-68.78162
-84.46469
-92.0661
-103.23691
-77.14691
-50.845123
-70.63815
-82.25052
-80.6525
-96.0679
-105.92032
-87.884674
-135.23672
-67.197235
-79.35736
-111.118835
-86.56384
-125.35806
-107.92023
-120.53339
-104.75485
-112.10312
-62.485535
-148.69452
-87.99219
-110.495026
-66.50046
-77.6803
-82.15509
-101.90451
-102.98773
-120.69104
-79.76352
-88.336
-90.60861
-92.444214
-90.206116
-71.476685
-111.58298
-73.734436
-72.30838
-103.90076
-114.55255
-99.31769
-102.77219
-93.10031
-115.70386
-103.824036
-104.10498
-101.20035
-95.37048
-87.04086
-58.980377
-101.44702
-110.32706
-77.659424
-61.310028
-118.237976
-77.14444
-109.48865
-79.497986
-118.69638
-83.68204
-118.005554
-116.326355
-88.99451
-89.392944
-88.02051
-100.11368
-64.16351
-112.44458
-91.79416
-75.57999
-113.32895
-119.99347
-108.06772
-101.27896
-77.52585
-64.19141
-91.28827
-92.95523
-103.814606
-91.990814
-88.881805
-100.58563
-115.44046
-101.478516
-93.23547
-80.377716
-90.74863
-118.61929
-77.61508
-67.421234
-91.49884
-82.59863
-98.8233
-57.46817
-70.660614
-65.649994
-76.28549
-69.11438
-81.10986
-74.95422
-86.70642
-98.945404
-112.74921
-95.85828
-122.176025
-125.15875
-92.302826
-74.29022
-113.47656
-123.7663
-107.87143
-115.4223
-73.410614
-116.02832
-107.57175
-112.27594
-129.75882
-109.635895
-102.1095
-95.29047
-87.52554
-106.86676
-112.91934
-84.926575
-74.8009
-55.809296
-75.06268
-100.06979
-91.85437
-114.66754
-98.33807
-103.14661
-81.364655
-93.69998
-112.50293
-97.284515
-110.93506
-119.59079
-95.49274
-94.249054
-82.9762
-103.383514
-122.39957
-95.17871
-86.43561
-96.20499
-87.47772
-118.546234
-73.18085
-63.539764
-92.7406
-78.59015
-86.746826
-85.078
-103.223236
-89.71524
-71.45108
-94.05353
-112.47806
-123.9653
-100.94806
-124.86682
-99.72882
-131.17032
-89.85162
-104.19992
-103.717834
-106.108765
-92.263
-94.90469
-78.74756
-57.95575
-98.09546
-94.06775
-72.526825
-102.59094
-78.18652
-52.28302
-39.626923
-86.4339
-113.40161
-91.66736
-75.94354
-87.76788
-121.10675
-99.95917
-103.35736
-93.33792
-91.58414
-83.38263
-113.33215
-98.20184
-136.23376
-89.30377
-108.24228
-102.218475
-125.786255
-90.62741
-114.01694
-78.37439
-87.33185
-113.90875
-88.10361
-107.40921
-86.23944
-89.41562
-94.589294
-103.5845
-83.12555
-97.29587
-95.33646
-93.62952
-81.982086
-89.72308
-103.487946
-83.03516
-61.057983
-102.723236
-78.3873
-94.41266
-105.24786
-117.98489
-99.78842
-105.568665
-99.46838
-116.83209
-104.037384
-117.109924
-102.18005
-93.957794
-111.92972
-116.08179
-78.22034
-91.69559
-79.92261
-99.497986
-79.793
-108.5744
-73.36447
-93.62723
-93.87369
-63.940582
-68.990295
-121.86951
-95.124664
-81.561646
-109.65457
-84.44592
-109.420715
-78.53937
-112.60504
-82.35104
-78.73627
-99.445984
-101.70947
-113.86331
-95.39429
-104.94629
-109.12085
-107.23978
-69.91513
-93.611755
-105.164734
-104.38257
-110.32761
-109.15646
-93.12323
-102.30899
-96.55066
-103.92633
-85.30859
-99.778046
-104.054565
-130.26068
-98.192566
-98.0051
-70.33493
-131.9284
-85.67749
-104.162384
-80.356995
-76.5961
-75.71417
-75.895966
-99.12042
-88.54437
-116.0856
-103.36603
-111.91641
-103.23984
-79.654816
-107.68985
-97.63733
-111.77573
-113.20999
-86.687744
-102.66431
-93.42944
-119.58627
-84.94861
-79.57056
-113.07797
-84.269684
-114.224976
-90.99405
-100.61981
-85.0701
-99.0206
-80.274445
-94.1293
-104.94812
-102.16046
-94.07947
-101.80829
-100.54425
-82.39407
-105.71445
-104.42276
-96.7937
-108.13489
-107.035126
-96.41403
-113.63254
-77.60849
-105.924774
-103.187805
-93.41766
-108.36389
-84.99997
-88.80243
-86.2428
-96.10211
-121.27246
-72.9209
-112.39398
-97.86322
-95.12576
-95.31064
-106.22296
-90.093506
-87.966705
-94.84296
-117.61694
-113.29999
-74.85831
-114.88092
-106.03299
-111.0408
-93.362274
-97.924194
-83.27615
-97.76633
-104.08746
-89.57529
-90.06314
-84.59924
-84.6604
-99.86789
-110.31525
-95.72507
-97.193695
-96.63626
-103.30347
-106.673096
-89.30493
-77.63977
-90.7395
-108.93884
-96.05188
-100.98117
-121.079285
-108.634705
-124.72568
-94.442535
-94.84897
-92.59805
-113.68677
-103.25296
-72.453094
-85.7175
-86.428955
-85.08444
-95.08151
-92.944885
-106.54535
-118.034515
-88.66867
-100.94501
-93.21341
-99.97275
-93.02002
-96.66974
-108.582794
-126.6398
-114.625244
-128.63586
-93.72208
-89.52176
-83.68524
-87.0394
-107.924805
-105.59415
-91.4404
-92.60156
-102.340546
-96.83142
-81.68747
-99.29889
-98.33078
-88.31445
-87.68912
-96.19589
-83.7695
-83.600586
-74.11566
-82.4592
-90.010254
-113.46774
-102.11157
-81.04053
-127.16913
-108.52527
-99.66382
-108.256836
-110.624756
-112.53653
-113.338684
-97.85571
-103.562836
-95.539856
-91.27524
-90.99188
-85.51245
-80.04358
-77.08301
-104.9935
-98.23413
-91.3681
-81.11621
-88.21295
-102.52927
-106.31018
-97.783844
-80.936554
-90.85135
-114.82495
-94.34906
-115.21149
-121.22812
-117.37988
-90.02478
-103.54608
-115.89227
-100.89438
-78.96225
-117.32056
-100.89566
-91.48929
-91.68906
-85.90692
-95.22946
-104.64618
-73.70123
-88.63464
-102.825226
-89.74472
-115.9151
-97.705505
-107.94864
-105.70969
-118.45438
-90.53732
-113.16797
-93.04578
-85.45819
-92.22595
-79.75659
-101.21805
-109.79654
-99.91623
-98.17056
-75.15347
-84.71567
-99.42432
-97.08746
-86.99127
-113.388306
-109.26807
-105.29636
-106.02261
-126.18085
-111.59909
-115.06317
-97.76065
-89.92267
-103.13037
-101.743866
-123.57028
-94.69858
-103.530975
-87.32724
-91.0459
-92.41388
-81.90097
-70.54016
-98.57593
-108.92804
-101.733795
-106.013794
-94.51141
-90.061554
-81.864685
-93.423065
-94.41095
-77.859436
-95.8681
-95.94867
-76.58902
-86.326385
-95.62268
-100.14746
-114.1376
-109.257904
-113.00986
-80.767914
-108.892365
-109.16348
-104.20331
-109.95459
-94.59744
-115.43591
-96.19495
-104.65393
-89.80148
-77.30258
-115.91034
-105.04715
-93.788635
-93.36258
-115.801056
-94.28235
-78.24826
-78.87665
-100.12622
-100.978
-101.75168
-82.54562
-96.532166
-97.956635
-106.56326
-84.56436
-90.43747
-90.13925
-110.91531
-96.618256
-95.13489
-96.39255
-78.94586
-96.589935
-118.7327
-104.61804
-117.51788
-88.38153
-83.17566
-100.68091
-94.91385
-77.24988
-109.74997
-94.25174
-99.53439
-94.4801
-80.11627
-84.77936
-105.63022
-112.88617
-107.77167
-63.66559
-96.902954
-85.540375
-91.984955
-92.45511
-101.98901
-85.90671
-81.73917
-93.696014
-126.43747
-103.82123
-110.533264
-77.21542
-106.772675
-98.25229
-89.818146
-105.687225
-98.47275
-89.19293
-97.06952
-111.0148
-110.235565
-102.52185
-100.82803
-88.3056
-100.56357
-88.733734
-86.64624
-107.64514
-94.82269
-88.589264
-113.03833
-101.82172
-102.42932
-100.10574
-96.40115
-90.52762
-104.76581
-102.91803
-121.26059
-95.631256
-112.091
-104.74988
-89.14432
-100.28439
-98.99716
-104.269135
-96.07358
-92.46631
-99.42114
-89.46945
-94.97351
-87.480194
-102.27475
-96.17471
-87.04407
-101.288635
-108.6767
-93.30554
-99.699646
-115.19208
-82.122406
-104.24219
-121.053894
-96.66864
-100.52527
-83.82565
-95.04379
-89.069916
-94.10791
-99.483185
-74.32175
-92.45288
-100.9758
-80.44406
-96.98056
-82.98392
-96.33118
-105.73334
-117.319855
-85.95172
-103.68793
-113.86737
-125.1586
-104.31137
-95.93225
-89.433624
-101.36255
-102.486084
-96.65552
-92.03723
-88.026794
-77.03699
-112.42578
-78.94827
-91.97754
-108.855316
-112.06476
-97.14694
-92.81769
-94.74234
-110.460724
-100.5119
-86.89694
-81.05289
-94.273926
-93.82898
-100.94495
-98.85483
-85.97418
-100.220276
-90.17404
-118.94913
-92.54291
-106.04523
-113.06293
-113.76993
-100.26108
-102.20645
-108.637634
-107.80194
-86.38281
-81.10437
-85.11047
-97.28378
-90.6723
-102.64819
-96.23154
-94.83478
-79.48062
-91.6319
-110.51437
-116.34015
-81.74707
-94.199554
-104.29245
-119.880585
-101.63455
-100.01886
-106.87091
-111.31412
-105.71289
-96.29031
-88.72061
-90.48233
-69.754364
-103.21481
-85.26572
-108.70459
-101.375916
-94.05231
-98.36197
-99.89014
-98.00183
-104.06015
-96.056885
-114.08255
-94.33453
-109.48959
-97.041534
-110.78992
-102.31894
-93.13022
-100.36932
-82.371155
-89.73477
-93.389496
-95.58624
-102.24179
-87.13806
-106.72809
-101.43466
-96.26642
-89.89224
-120.86841
-89.41983
-98.10712
-83.38541
-95.249176
-93.42615
-75.52133
-106.61719
-96.489685
-118.97305
-89.162476
-102.43948
-109.58966
-93.69049
-70.22998
-104.73035
-78.80609
-117.80365
-100.71115
-84.443634
-103.1597
-112.31305
-119.043274
-88.97095
-92.70871
-96.00452
-96.83865
-109.73566
-104.49756
-98.625336
-95.263
-92.12988
-91.923004
-93.55145
-91.715
-90.12213
-101.44852
-99.73758
-90.64258
-113.2883
-103.16373
-99.16434
-108.12503
-94.98697
-121.357025
-120.0806
-117.11923
-114.24997
-99.45767
-92.32138
-101.83728
-92.98154
-103.23712
-96.75589
-104.66882
-88.810455
-91.64279
-86.040436
-88.94391
-93.0867
-84.98233
-88.66699
-97.52759
-82.51398
-102.71048
-103.82529
