462.51562
356.67383
130.67188
83.75342
64.93848
56.65381
53.43457
61.823242
56.8584
62.640625
47.495117
49.714355
37.777832
32.003174
28.800293
30.702393
27.328125
21.743164
21.429077
21.67688
17.014404
21.91455
19.334473
19.901855
17.51538
15.072754
12.897583
16.752075
17.741943
14.070801
14.036743
13.391235
12.259277
12.629517
14.737549
14.06012
13.767944
14.727844
13.6571045
15.264343
18.137634
11.800415
18.29831
17.698273
16.883179
15.306976
14.935089
13.192444
11.805084
15.865692
13.102203
16.65535
15.857971
10.866348
11.543152
10.9661255
12.296066
12.738663
12.900848
12.230545
10.551132
11.235695
10.628853
11.437912
10.984554
9.957211
10.209599
12.167206
9.389
12.182655
8.149857
6.5550575
10.290134
7.00222
9.831001
8.902706
9.175468
10.424091
6.495289
12.987415
8.832542
9.519226
6.7241745
6.502014
6.5334167
7.8723717
8.700289
9.829819
7.7243004
5.9974766
6.64629
8.493118
6.376999
7.377079
7.8985596
8.114868
9.46196
8.099155
7.2343826
6.792679
9.401672
9.51017
6.565033
8.361198
7.3433
11.232178
5.2693367
6.8931885
6.9046593
5.126789
6.491249
7.2172813
9.788292
7.767479
5.762287
6.2181206
7.534481
4.604294
4.742283
5.6065063
5.0418816
5.6430817
6.912655
7.8143044
6.65427
5.818119
4.3465195
4.640892
5.2446747
4.5255966
5.6256866
5.083935
5.883751
6.2061653
6.1988297
5.109459
5.733528
6.1519165
5.5245895
9.04282
5.9162025
5.9733963
4.9615364
5.203781
5.478752
5.5295906
3.6404457
4.4235344
8.1602745
5.567257
4.478466
5.2545853
5.3227577
7.651104
5.0751114
4.375431
3.7625313
5.5734787
4.499634
4.533844
4.232086
3.571846
5.672161
5.353256
4.319092
5.260315
4.811989
5.0049515
4.469139
4.3133125
3.4267883
5.1533737
3.2789993
7.0335655
6.082405
6.1974373
4.928791
4.851055
4.788784
4.4103775
5.15411
4.6949463
4.3827744
3.6592636
4.9411926
3.5797958
3.5314178
4.818001
5.7942085
3.3772545
2.6084442
4.154888
4.480198
5.764889
3.104248
3.1997185
2.8067741
3.9223404
3.8511238
4.529995
4.0403214
4.080475
7.190689
5.8255806
3.677597
3.765419
4.5162277
4.059456
3.2861328
3.2322044
3.0897217
6.039757
4.3169518
3.2694473
4.450161
3.6853065
5.1794586
4.36446
4.0395813
5.3668327
5.516285
4.6422234
3.5213203
3.8276405
4.048218
3.4677467
3.4778175
3.4691963
5.276661
3.9582787
4.3843
4.763897
3.8215942
3.7095985
4.0839233
3.6418114
4.9462166
3.1863594
4.0108147
4.088436
4.7433357
4.302887
3.215664
2.85952
5.775238
4.0618515
3.8623924
4.278507
4.355255
3.346962
4.7955093
4.2573204
3.6518555
3.3786812
3.7911568
3.719551
3.13023
3.7732353
3.1700516
4.360859
3.9204216
2.8935394
3.548088
4.8951187
3.1583328
3.4367256
3.7684898
3.9635773
4.1036263
3.5947227
3.0150986
4.490158
3.9863205
3.4683418
3.4953117
3.50251
3.9354286
2.4023933
2.9432526
4.087372
2.6575928
2.4452477
4.018154
3.9034615
2.80402
3.0818138
3.2859344
3.2935677
4.1102448
5.0209084
2.9228172
2.342743
3.5496025
2.1554756
3.584343
2.5394554
3.3130455
3.0454445
2.9725075
2.6907692
3.0762138
2.8736267
2.9015427
3.0958328
3.8028564
3.5599327
2.8177986
3.5936508
3.0667229
3.8859406
3.1741028
2.7522163
3.484375
2.5451088
3.2033958
3.0289764
3.4849968
3.3315544
2.9100533
3.0592766
3.5368423
2.899685
2.772812
2.547783
3.4620056
3.0526047
2.7945213
3.7356682
3.7290535
2.8929138
2.2183762
4.041992
4.0088196
3.3547935
3.0579681
2.210846
2.4598541
2.8819427
2.66687
2.9390755
3.6238022
2.9514198
3.1870003
2.7651672
4.1102257
2.5415154
2.9471817
3.374977
2.4389992
2.9704285
3.675972
2.2164612
3.0933075
3.1099014
2.76231
2.866478
2.7990265
2.158352
2.6921234
2.9266014
2.8458824
2.9663086
3.8858986
2.8974571
4.102337
2.1134338
3.140522
2.9050598
2.1934242
3.0173035
3.5100822
3.3423958
2.579773
2.6957054
2.4432602
2.750328
2.6038132
1.2095795
3.808651
4.4747925
2.4173508
4.1820946
2.4245758
2.93964
3.7004738
3.267067
3.559288
3.0853615
2.4675713
3.2776794
2.5894966
2.0407295
3.6563225
2.8066483
2.3207932
2.4441795
3.3229523
2.4726791
2.5809097
2.78339
2.166912
3.144081
1.8934441
3.653572
3.1059036
2.7060394
2.5331955
2.6538544
2.7675514
2.7450142
2.6434174
5.153202
2.5865517
2.4543877
2.3729553
2.4598198
5.345806
2.0075226
2.1951332
2.04916
2.9068336
2.4245415
2.0871086
2.8339272
2.435707
3.918419
2.0084152
2.8375435
2.3444786
2.6823654
2.0204506
2.6716728
2.2059402
1.4797668
2.7864952
2.1387672
2.533657
2.744709
2.224102
1.9329414
2.9898834
2.4943466
2.2219696
2.148819
2.308113
3.0122871
2.2262
2.9714775
2.2289848
3.0175476
2.7544746
1.8792763
2.782463
2.5821877
2.5177803
2.7859612
2.933384
2.8938446
2.2505455
2.5737839
2.4197502
2.4186592
2.3892288
2.3187408
2.2449074
1.0964508
2.64954
1.9837837
2.7999573
2.1983986
2.6370316
1.1831436
3.364357
1.1686745
2.5583458
2.4952545
2.142517
2.409645
2.0940514
2.2005959
2.8496857
3.2423592
2.7997131
2.070198
2.4665718
1.6181908
2.7836914
2.650566
2.5150528
2.1200638
2.0974731
2.4241066
2.2930107
1.7004471
2.4990883
2.3062553
2.54068
1.6079407
2.4394035
2.385109
2.4979591
2.0976448
2.1185875
2.3320427
2.3075218
2.3314018
2.3673973
1.9482002
3.0248146
2.0745468
2.1510124
1.614151
2.1580238
1.6316338
2.156063
1.9862328
1.9403687
2.7683182
1.5641556
2.3859215
2.298603
1.8173943
1.3511505
1.2256432
2.1569023
2.3405838
1.4247818
2.0497437
2.3812408
2.091858
2.0760193
1.9830627
2.7579918
2.1333008
2.049984
2.1728745
1.7856674
1.9684563
1.504631
2.5928917
1.0398979
2.2108498
2.6026917
2.2004242
2.2422295
2.4711304
1.7439079
1.6279602
2.1632462
2.4226456
1.939228
2.5461044
2.1725693
2.5287552
2.2360992
2.1481247
1.8573875
2.3267822
2.6580544
1.4749985
2.5420876
2.0371132
3.54916
1.9678802
2.0341225
1.7055397
2.1838188
2.1487274
1.3845062
1.951271
1.7144661
1.8411942
2.5331383
1.9044456
1.81913
1.4626617
2.2707405
1.7494507
2.1761818
1.3356094
2.5344505
2.874218
2.625229
3.1027527
1.9765205
1.572628
2.1468544
3.0955162
3.5386353
2.018364
1.7575111
2.172947
1.7809334
2.5376015
1.3570709
2.89291
1.721508
1.7037315
1.7328415
1.0509644
1.5977707
1.5284576
1.2405624
1.9065437
1.7715797
2.1648788
1.4978676
2.1349525
1.6881905
1.7844543
1.9037895
1.7942429
2.0914612
1.7787209
1.5932274
2.1817856
1.5214195
1.5505409
1.8992348
2.2950935
2.3428993
1.637619
1.4670639
1.4063683
2.462906
1.3663788
1.9105072
1.6876526
1.4451904
1.9721642
2.0475998
2.1554565
1.67342
1.960846
0.9468231
1.7704124
1.7347641
1.2706261
1.1928444
1.1484642
1.6600266
2.4492645
2.4026146
1.3244629
1.6654968
1.6594925
2.265339
2.1960373
1.1787033
1.6167488
2.9391212
1.4428902
1.4982567
2.1615715
1.2813416
1.5881615
1.5542641
1.8145027
1.3288307
1.4000435
1.7609291
1.7945251
1.9222679
1.7762299
0.9538231
2.1012611
1.7055016
2.256073
1.7342033
1.9277878
1.3719482
1.847866
1.3951492
1.5656776
1.3522568
1.6232986
2.3991585
1.3731956
2.134388
1.6253471
1.4643021
1.2431488
2.058117
1.6711006
1.4774055
2.0510788
1.7148972
1.4186516
1.6400261
1.709259
1.5015335
1.3733597
1.314106
2.3115082
1.4767456
1.6906242
2.8616638
2.5341759
1.7952805
1.021225
1.7240486
1.5338745
1.3350601
1.8330879
1.5497475
1.3948822
1.6093292
1.6146469
1.7265358
1.4384613
1.4958801
1.437191
2.172165
1.8818054
2.0005722
2.0587425
1.2330856
1.7841797
1.8247452
1.4673538
1.426693
1.1863403
1.5394516
1.6602516
1.9054451
1.1074333
0.8907776
1.6057472
1.4163818
1.6940918
1.21212
1.4810028
1.1168709
1.0768013
1.5570107
1.875721
1.4516373
1.775753
1.4262085
1.129261
1.6050758
1.4147797
0.82167816
1.6268005
1.3086014
1.3691864
1.7754517
1.9949074
1.7111053
1.2817917
2.055317
1.6585426
1.8926086
1.3364792
1.1519547
1.0652008
1.0195351
1.2520103
1.668541
1.1768265
1.2277908
1.5590858
1.0404167
1.1668358
1.2229156
1.527565
1.2069778
1.7128944
1.2114601
1.673008
1.9480133
0.76184464
0.89803696
1.5305367
1.4421997
1.4050331
1.9459
2.1522179
1.5220451
1.1493568
1.6022301
1.595192
1.5387459
1.6097031
1.542347
0.86177444
1.5921249
1.3867874
1.8773384
1.5794411
1.5491066
1.6433983
1.5165596
1.3860588
1.5242119
1.2051277
1.4443169
1.6882019
0.96146774
1.278122
1.2306175
1.1164436
1.0877533
1.3707199
1.6674957
1.5065422
1.374466
1.126461
1.6215286
0.973423
1.2497711
1.0191536
1.4090843
1.2932129
1.4092178
0.98384476
1.5828285
1.4821281
0.8882408
1.0413284
1.2491493
1.4195061
1.104042
2.3045158
1.2479553
1.0287704
1.4313202
1.5960464
1.0524788
1.0917397
0.7886658
1.1743279
1.353138
1.2832298
1.7148476
1.1612091
1.4589272
1.1483955
0.8254471
0.89902115
0.79205704
1.0540161
1.3459206
2.0317001
1.6428871
1.1641655
1.454937
1.3687477
1.1988335
1.9451065
1.6761208
1.1478729
1.1911354
1.1718445
1.709755
1.217659
0.72839737
1.1908684
1.2405586
1.1552849
1.25737
1.0662308
0.7909012
1.2773399
0.8758507
1.073185
0.9784355
1.0116959
0.87085724
1.334732
1.2980042
0.94577026
1.1806374
0.9278412
1.4587021
1.0972557
1.2820435
1.6149368
1.4116898
1.1170921
1.4818687
0.8820648
1.1516304
1.3474007
1.2086182
0.91853714
0.70713806
1.2712746
1.0555077
0.9703789
1.3304558
1.100254
1.1952438
1.4700317
1.1849785
0.9575958
1.4938126
1.2871246
1.5771065
1.2580643
0.8250809
0.6909485
1.121151
1.3331261
1.1906624
1.0427399
1.1554985
1.0765114
0.59174347
1.2543297
0.95449066
1.4095192
0.95895386
1.4896355
1.6209946
1.2258377
0.7607765
0.9161186
0.8953514
0.91285324
1.0274887
1.0769501
0.8523636
1.4563293
0.949646
1.1721153
0.77484894
0.7247696
1.0302086
1.4722137
0.9644203
1.2367783
1.3099251
0.97073364
1.4360199
1.5231514
1.0925713
1.8100166
0.93216324
0.89733887
0.9039116
1.0479317
1.4356728
0.9166374
0.9347458
1.1246262
1.0716095
0.79087067
1.0346336
0.6803856
1.0296593
1.5065804
1.1991348
0.79055405
0.8457718
1.2659264
0.94686127
0.7513504
1.072876
1.6843758
1.4825478
1.1331902
0.9333458
1.4072685
1.3050117
1.4142151
1.3866844
1.0206566
0.9798088
0.8282623
0.78804016
0.67619705
1.4042053
0.7352333
1.0644646
1.1219063
0.9254494
1.3563805
0.90605927
0.99259186
0.90646744
1.5212975
1.0368118
1.2966232
1.3607216
0.71738434
0.9364052
0.92601395
0.64033127
1.161087
1.1280556
1.1120491
1.2556381
0.85910416
1.4806976
1.0641899
1.4706726
0.73853683
0.81692886
0.87249374
0.9822502
0.9798126
1.2459984
0.9729881
1.3531837
0.642807
1.2373848
0.9077339
1.1257591
1.0239449
0.6552658
0.56502914
1.0175667
1.3976517
1.2444038
0.7630844
1.243576
0.90172195
0.49576187
0.69613266
1.2431564
1.072876
0.8278427
0.7550888
1.1946716
0.8630409
0.829216
0.912941
1.1285667
0.72888184
0.8951149
1.4766464
1.0307541
0.9363594
0.92463684
0.8314514
0.84542465
0.933609
0.70861816
0.74697113
1.0292015
0.62952805
0.82219696
0.85946274
0.89260864
1.184063
1.0813255
0.9676056
1.175663
0.88219833
0.8597641
0.75058746
0.82616043
0.8920479
0.87166977
0.86026
1.0318184
1.6325836
1.1483994
0.73303986
0.7989807
0.76397705
0.87874985
1.1282425
1.1367683
1.0328903
0.697628
0.864357
0.5750313
0.47754288
0.7124481
1.320198
0.5094719
0.665329
0.87356186
0.7202072
0.78264236
0.6505852
0.70204926
0.68099976
0.81149673
1.2546425
0.60586166
0.48740768
1.0422211
0.91291046
0.7363167
0.60123444
0.9260025
0.7741623
0.90047073
0.8753662
0.53232574
0.68504333
1.8515205
0.7705612
0.7121124
0.8537102
0.73797226
0.40734482
0.9952507
0.5514641
1.1074448
0.76397705
0.6720238
1.4133987
0.65335083
0.6604805
0.87135315
0.46743393
0.82616806
0.89510727
0.8547058
1.3810883
0.59656525
0.7500076
1.43993
0.7928047
1.0511894
1.0934677
1.0323219
0.72480774
0.7685394
0.57476807
0.99061966
0.73727417
0.7422981
0.8336792
0.61771774
0.5745888
0.93803406
1.1850052
0.7711258
0.7103996
1.4453354
0.9451904
0.6552353
0.9761963
0.8097801
0.8621826
0.8952637
0.8229866
0.43490982
0.81183624
0.97706604
0.5599022
0.58843994
1.0078545
0.6564522
0.6433487
1.2979813
0.4952469
0.6985817
0.82595444
0.8904495
1.4924927
0.807354
0.61644363
0.6099014
0.28943253
0.8851814
0.8479271
0.8188515
0.95137787
1.0262451
0.46655273
0.8598747
0.4804077
0.69099426
1.0473785
0.535553
0.6083565
0.48287582
0.7694092
1.3852348
0.7766762
0.5869255
0.54522324
0.6413574
1.069046
0.6974602
0.68523407
0.40896225
0.666481
0.5174408
1.081871
0.9412308
0.6929054
0.42649078
0.71909714
0.4981575
0.5257721
0.4811859
0.8881111
0.650074
0.87194824
1.1047821
0.6169472
0.80286026
0.28330612
0.6346588
0.8397865
0.6573334
1.0107498
0.5575218
0.7487831
0.48100662
0.24399185
0.66765976
0.80521774
0.3892479
0.414814
0.48166275
1.3654594
0.5671196
0.64593124
0.28646088
0.91898346
0.769413
0.7465248
0.5121193
0.56544876
0.5873604
0.6171799
0.6069145
0.40958023
0.6473198
0.50793076
1.1948776
0.42653275
0.719635
0.40097427
0.77158356
0.8401985
0.4361763
0.8045845
0.5429535
0.625824
0.53458023
0.7251892
0.5263634
0.7216301
0.58185196
0.78686905
0.4778633
0.8268242
0.5491524
0.6939125
0.68626404
0.61270905
0.64482117
0.9715843
0.94794846
0.61764145
0.7530823
0.506897
0.53705597
0.6414299
0.5654335
0.6528816
0.5398483
0.69571304
0.8143158
0.667984
1.0018501
0.3400917
0.7087288
0.21752548
0.770916
0.6456146
0.37319946
0.72844696
0.4759369
0.3714409
0.7585983
0.53139114
0.47439957
0.5584259
0.40182877
0.6560631
0.46351624
0.6464119
0.4563141
0.63035965
0.68711853
0.90683365
0.79371643
0.60110855
0.562397
0.5651169
0.3663597
0.46175766
0.5675392
0.4397049
0.7985687
0.49576187
0.8718338
0.5639992
0.31851578
0.46720886
0.88375473
0.616333
0.9411011
0.65626526
0.29584122
0.4088707
0.67801285
0.47511292
0.7688713
0.9153595
0.65940094
0.5979843
0.45990372
0.49237442
0.59360886
0.34124374
0.9606476
0.59410095
0.7313423
0.6970329
0.630291
0.35151672
0.5115509
0.7172966
1.1618805
0.8348465
1.0626526
1.0451393
0.80213165
0.51582336
0.7653427
0.7507973
0.54228973
0.296978
0.65182114
0.6206322
0.506485
0.43411255
0.3899498
0.7427254
0.86446
0.7579956
0.5683136
0.53325653
0.5835762
0.47963333
0.43901062
0.5740814
0.61792755
0.61880493
0.389328
0.62376785
0.4522972
0.75997925
0.4610672
0.5602646
0.5016022
0.43346786
0.442688
0.3307953
0.53154755
0.41492844
0.38070297
0.21654129
0.40893555
0.53118515
0.524807
0.50702286
0.709774
0.86582565
0.22221756
0.372715
0.3391266
0.48578644
0.5540619
0.4859047
0.6043663
0.2866745
0.7357216
0.38708115
0.5266495
0.42002487
0.62127304
0.37355423
0.20720673
0.708622
0.28298187
0.6479492
0.35020065
0.9011688
0.5909424
0.3196602
0.634182
0.7390785
0.6359329
0.50806046
0.5818901
0.58280563
0.49323273
0.4022026
0.4082756
0.4190483
0.548481
0.4749298
0.48685074
0.5411453
0.29574966
0.27890396
0.4582901
0.5254593
0.707386
0.7879944
0.27075958
0.42196274
0.2917862
0.52669144
0.45324707
0.53222275
0.42555618
0.77796173
0.20768356
0.73091507
0.6106262
0.94789886
0.556797
0.77062225
0.52778244
0.21661758
0.5703201
0.1376915
0.13343048
0.54452133
0.65898895
0.5778465
0.45518875
0.9013252
0.7660599
0.3495369
0.7389145
0.25500488
0.4175911
0.26018906
0.2126236
0.49743652
0.81261826
0.18564224
0.52765656
0.45769882
0.5137291
0.63510513
0.33520126
0.46850967
0.64766693
0.5234642
0.3062706
0.34810257
0.6024895
0.4241104
0.6982689
0.43724442
0.51133347
0.37973404
0.47172165
0.20964813
0.43117905
0.51522064
0.3319397
0.41168976
0.6066246
0.67660904
0.16874695
0.47740173
0.6024666
0.70048904
0.9020462
0.43455887
0.73091507
0.43206787
0.097782135
0.46201324
0.7410126
0.6220474
0.76730347
0.26601028
0.69423294
0.66446304
0.3400383
0.40460968
0.5301361
0.4746971
0.5306778
1.372921
0.1614685
0.48430634
0.54893875
1.0357704
0.33932495
0.67603683
0.50169754
0.28526306
0.30915833
0.44888687
0.29621124
0.22282791
0.14578247
0.30314255
0.310112
0.3956833
0.53470993
0.44155502
0.20410919
0.26808167
0.707695
0.33935928
0.2718773
0.5722008
0.69260025
0.3619194
0.44572067
0.27528
0.37782288
0.29564667
0.33036423
0.45763016
0.61325836
0.17969513
0.20494843
0.4964409
0.3484993
0.15243149
0.4432869
0.27432632
0.30332947
0.4101181
0.41611862
0.25050354
0.25940704
0.2981224
0.86309814
0.3630867
0.41243744
0.36816406
0.2123375
0.23691559
0.9830551
0.49272156
0.6098671
0.32730103
0.6419296
0.39682007
0.40626907
0.8781433
0.35891342
0.66700363
0.15485382
0.1920662
-0.042499542
0.3999672
0.34003448
0.85640335
0.48255157
0.79413223
0.15747452
0.2039833
0.35356903
0.22413635
0.4862976
0.36793137
0.20000458
0.17129135
0.33310318
0.42938232
0.49534988
0.24103165
0.10702515
0.1225853
0.2207489
0.13311386
0.24969482
0.35169983
0.4302063
0.8539543
0.19810867
0.686573
0.21257019
0.22890854
0.1106987
0.68348694
0.3941803
0.39367676
0.16003418
0.22829056
0.18564987
0.3707962
0.29677582
0.2642746
0.47608948
0.35342407
0.26880264
0.698349
0.4781227
0.5193634
0.73456955
0.956604
0.25074387
0.13007355
0.24943924
0.24334335
0.3768425
0.6069565
0.23126602
0.4971428
0.09979248
0.039821625
0.28526688
0.5136223
0.3450699
0.20359421
0.38050842
0.21377945
0.49710083
0.42045975
0.56850815
0.41689682
0.53152084
0.3772354
0.21848297
0.15937805
0.42020035
0.7071152
0.67407227
0.54631805
0.54995346
0.4050064
0.10680008
0.15236282
0.3528328
0.6921425
0.36147308
0.657711
0.34213257
0.67788696
0.26096344
0.79476166
0.37337875
0.22309875
0.37866592
0.21250916
0.29959488
0.2470169
0.29159164
0.23641968
0.1730423
0.3590927
0.043296814
0.15094376
0.2542572
0.52017975
0.21442795
0.30739975
0.27526474
0.4053917
0.12489319
0.51895523
0.2710991
0.24649811
0.08242798
0.11899185
0.2625084
0.07805252
0.08963776
0.34111404
0.20156479
0.2638893
0.088710785
0.23529816
0.6214485
0.59241104
0.3202591
0.3101616
0.22292328
0.2746277
0.123806
0.4566574
0.32656097
0.4969101
0.04642868
0.45035172
0.30278778
0.33021545
0.49897003
0.102012634
0.082279205
0.16090012
0.40088654
0.2788353
0.337265
0.54880524
0.26368713
0.12110901
0.48157883
0.35422897
0.42406082
0.40140152
0.31435394
0.36941528
0.6959915
0.10943222
0.21942902
0.15509415
0.23874283
0.17430496
0.701931
0.4465065
0.44169998
0.049877167
0.39486313
0.08115387
0.1516304
0.45362473
0.38237
0.37919617
0.27838135
0.44728088
0.68009186
0.2112999
0.3025856
0.30213928
0.5906334
0.20671463
0.26315308
0.38827896
0.07821274
0.21144867
0.33065414
0.10938263
0.08123398
0.40424728
0.32040787
0.09459686
0.41985703
0.31570435
0.32896423
0.34069824
0.2067604
0.07986832
0.26372528
0.1142807
0.34096146
0.211586
0.2936325
0.31024933
0.226017
-0.029335022
0.112400055
0.28601837
0.6271782
0.10612106
0.17026901
0.25701523
0.06812668
0.32907486
0.03895569
0.30238724
0.22008133
0.051174164
0.25757217
0.16915512
0.10686493
0.1901474
0.2538452
0.79689026
0.09638977
0.34127808
0.21328735
0.21085739
0.15840149
-0.19743729
0.081581116
0.047412872
0.38429642
0.4921913
0.44739914
0.23432541
0.09611893
-0.0067749023
0.060352325
-0.014835358
0.107681274
0.16820526
0.043460846
0.37266922
0.43770218
0.4485817
0.32796478
0.21083832
0.43182373
0.025100708
0.31404495
0.246521
0.22502899
0.058662415
0.00018692017
0.22090149
0.24827576
0.18194962
0.45217133
0.22359085
0.56718445
0.7743225
0.13909149
0.14863968
0.17314148
0.17195892
0.091911316
-0.0008239746
-0.085674286
0.10399246
0.0025177002
0.23604965
0.43096542
0.30830765
0.4071083
0.40579987
0.54099274
0.09807968
0.3730545
0.07650757
0.65577316
0.11408234
0.27313995
0.24907303
0.15658188
0.40724182
0.16488647
0.618515
-0.040859222
0.27835083
0.32697296
0.27210617
0.33563995
0.60144424
0.18132019
-0.020900726
0.1307869
0.1843605
0.11936569
0.39937973
0.19472122
0.44129944
0.1597023
0.4688263
0.39320755
0.19290161
0.12011337
0.76973724
0.16038132
0.2359314
0.20418167
0.2141838
0.36375046
0.11356354
0.04193878
0.61224747
0.28271103
0.5666008
0.0532341
0.09088516
0.1489296
0.07603073
0.16140366
0.35200882
0.194664
0.19223404
0.1665268
0.19203186
0.18990707
0.3436699
0.3229065
0.18998718
0.0029716492
0.1744957
0.19615173
0.24036789
0.014186859
0.044258118
0.18461609
0.036766052
0.12635422
0.0012397766
0.15681076
0.38002014
0.21967316
0.3819809
0.4443512
0.44224167
0.113529205
0.23060608
0.4636383
0.21657562
0.040355682
0.12400818
0.18126297
0.13834381
0.2689743
-0.049892426
0.05091858
0.032463074
0.20307541
0.15785217
0.37391663
0.43660736
0.47151184
0.832222
0.17476654
0.15019608
0.240551
-0.040561676
0.0019111633
0.06475067
0.02986145
0.061584473
0.22903824
0.11316681
0.38554764
0.46702957
-0.0062026978
0.08039093
0.5284996
0.5022125
0.10823059
0.19353485
0.0835228
-0.048301697
-0.024677277
0.5483017
0.14751434
0.1930542
0.100349426
0.042301178
0.046100616
0.5898895
0.40153885
0.10374451
0.36517334
0.013774872
-0.064128876
0.019004822
0.22443008
0.10523987
-0.019695282
0.14830017
0.19029999
0.05405426
0.4983635
0.10631943
0.0067253113
0.47956848
0.1894722
0.58102036
-0.019763947
0.28577805
0.19639969
0.39295197
0.14061737
0.19775009
0.2111206
0.07784271
0.29204178
0.0044937134
-0.022327423
0.43727493
0.19023895
0.064704895
0.044010162
0.0010299683
-0.06700516
0.01341629
0.050559998
0.08234787
0.2153244
0.18109894
0.13150406
0.00901413
0.2487297
0.14525604
0.5288124
-0.12888718
0.059135437
0.0667038
0.28030014
0.45627594
0.22587967
-0.11186981
0.07725525
0.2595291
0.011287689
0.36293793
0.015857697
0.2042656
0.013851166
0.1378746
-0.0023117065
0.13112259
0.2251625
0.028957367
-0.033679962
0.15141678
-0.02148056
0.02053833
0.18428421
0.13859558
0.31654358
0.390522
-0.047885895
0.45885086
0.08206558
-0.0263443
0.24588013
0.0055999756
0.04296875
-0.11390686
0.6390381
0.1590004
-0.17354202
0.019752502
0.1695137
0.07853699
-0.037513733
0.16939926
0.2967949
-0.11187744
0.56791306
0.023273468
0.44589996
0.18898392
0.08722305
0.13882065
0.017028809
-0.21318436
0.038414
-0.010177612
-0.036231995
0.40994644
-0.11021042
0.0564003
0.10746384
-0.068222046
0.061691284
0.045783997
0.084625244
0.25016403
-0.042453766
0.07149887
0.11016083
0.46012878
0.055870056
0.06978989
0.08798218
0.41693878
-0.049263
0.35104752
-0.11255646
0.054035187
-0.09532547
0.039482117
0.019374847
0.0039482117
-0.03517151
-0.027580261
0.3622589
0.3349266
-0.045642853
0.274765
-0.034317017
0.16866302
-0.046836853
0.013587952
0.5082779
0.026569366
0.16680527
-0.03271866
0.40491486
0.064258575
-0.046382904
-0.06683731
-0.034072876
-0.17695999
0.14466095
0.038776398
0.15578079
0.17028809
0.24018097
0.14933395
-0.03199768
0.17617798
0.096824646
-0.028133392
0.76503754
0.28001785
0.022850037
-0.04783249
-0.16971207
0.11520767
0.1858635
0.050884247
-0.2517662
0.03527069
-0.03527069
0.2698593
-0.068912506
0.049972534
-0.15117645
0.04727173
0.0826149
0.282135
0.06917572
0.35582352
0.0055389404
-0.2578621
0.35006714
-0.010700226
0.03993988
-0.06034851
0.045082092
-0.044452667
-0.14484787
0.07495499
0.55937576
-0.11829758
0.09088516
0.06454086
0.40073776
0.029712677
0.078487396
-0.3010025
-0.038993835
-0.029277802
-0.03810501
-0.019050598
0.09923172
-0.09011078
-0.021129608
-0.032131195
0.027500153
-0.12953949
-0.04531479
0.314003
0.1540947
-0.1030426
0.27278137
1.028389
-0.03187561
-0.17468643
-0.054893494
-0.05706787
-0.16500854
-0.0350914
0.2542343
0.17525482
0.48086548
0.13824081
0.3187065
0.21531296
-0.06680298
0.36161804
-0.048210144
-0.0061454773
0.07652664
-0.1710167
0.28171158
0.3238182
-0.07780075
-0.040225983
-0.0058555603
-0.012260437
-0.056095123
-0.22497559
0.12702942
-0.081726074
-0.06341934
0.15789032
-0.06899643
-0.055336
0.045059204
0.09899521
-0.056179047
-0.0657959
-0.18919373
-0.17316818
0.08024979
-0.13193512
-0.098148346
0.14146042
-0.050064087
0.25162888
-0.12040329
0.09308243
0.055683136
0.18230438
0.014225006
0.0042266846
0.021011353
-0.06271744
-0.105457306
-0.15604019
0.067741394
-0.10126114
-0.14183044
-0.12387085
-0.094516754
0.3482666
0.013759613
0.044734955
-0.024333954
0.043193817
0.3248825
0.3502655
-0.10155487
0.32419968
-0.05804825
-0.12663269
0.061359406
-0.25636292
-0.09379959
0.020957947
-0.035930634
0.06869125
-0.22340393
-0.09341431
-0.24991608
0.01108551
0.12714386
0.22377014
-0.048973083
0.6046257
-0.3942299
-0.043437958
0.033794403
-0.16018295
0.06211853
0.10163498
0.0727272
0.37384033
0.04019165
-0.13439178
0.040122986
-0.2008667
0.036392212
-0.17685318
0.0071105957
-0.18952179
0.26244736
0.16579819
0.04403305
0.020420074
0.39531326
0.3755455
-0.14469147
-0.12130737
-0.20380402
-0.102108
0.3452797
0.22714233
0.08343506
-0.056102753
-0.10882187
0.29563522
0.0070724487
0.23436356
-0.12581253
-0.23193741
0.18368912
-0.13006592
0.08539581
-0.07815552
0.2774887
-0.13302994
-0.35944748
-0.029647827
0.12733078
-0.33611298
0.024982452
-0.12264252
-0.27614594
-0.0134010315
-0.0034255981
-0.13045883
-0.23229599
-0.095394135
-0.10459137
0.12382507
-0.16460419
-0.123413086
0.036582947
-0.11697388
-0.10803223
-0.25956726
-0.23198318
-0.07559204
0.26958847
0.07091141
0.35173035
-0.07765198
0.31217957
0.1817627
-0.016170502
-0.16953659
-0.18494034
-0.08582306
0.17376328
-0.087646484
0.515049
0.0937767
-0.07059479
0.021419525
0.115917206
-0.12067413
-0.10942078
-0.09579086
-0.10049057
0.0861969
-0.0062294006
0.13380814
-0.0797348
-0.025512695
-0.21572876
-0.1255722
0.049930573
0.07847595
0.0845108
0.07770157
-0.2783928
0.086948395
-0.34978867
0.40291214
-0.25871658
-0.016441345
-0.15077591
-0.221241
-0.048835754
0.043865204
-0.3273964
-0.16168594
-0.11816025
0.17172623
0.25505066
0.19399261
-0.2009201
0.27737045
-0.10830307
0.31136322
-0.24271011
0.5001373
-0.15103531
-0.15746689
-0.13867188
-0.10533142
0.068935394
0.32019043
-0.49141693
-0.42462158
0.037769318
-0.19737625
0.33457565
-0.12683105
-0.31959152
-0.26790237
-0.125206
-0.36320496
-0.07828522
0.20412064
0.096912384
-0.10858536
-0.042743683
-0.07316589
-0.15486145
-0.05804825
-0.048290253
-0.1462326
0.24757767
-0.18719482
-0.22782516
-0.097457886
-0.33789825
-0.39380264
0.2223587
-0.26692963
-0.1331253
-0.10964584
-0.26109314
-0.2905655
0.25014496
0.06216812
-0.14064026
-0.23584747
0.10359192
-0.022602081
-0.15429306
-0.11011505
0.0029525757
-0.23470306
-0.14193726
-0.21322632
0.04895401
-0.41004944
-0.004928589
-0.39655685
0.31930542
-0.06814957
-0.09411621
-0.360981
-0.28625488
-0.06901932
-0.14779282
-0.28029633
-0.13095856
-0.15234375
0.008850098
-0.031600952
-0.23854065
-0.35183334
-0.079387665
0.28568268
0.0055503845
-0.49331284
0.082424164
0.0429039
-0.28241348
-0.13071823
-0.20201874
-0.32056046
-0.3882637
-0.3000412
-0.43783188
-0.36781693
-0.32090378
-0.21305847
0.40177917
-0.19736099
-0.13651657
-0.14949799
-0.028690338
-0.1796608
-0.19992828
0.027435303
0.19737625
0.32268524
-0.37127686
-0.10850906
0.0010757446
-0.29206085
-0.33963394
-0.10366821
0.30025482
-0.55737686
-0.1610794
0.12995148
-0.56292343
0.034915924
-0.2650833
-0.052783966
-0.32744598
0.12232208
0.059879303
-0.5204544
-0.061908722
-0.20108414
0.2544403
-0.31439972
-0.32987976
-0.18682098
0.2540779
0.11802292
-0.23971176
-0.21325684
-0.20763779
-0.113155365
-0.41339874
0.43911743
-0.052066803
-0.13328171
-0.5531311
-0.15859985
-0.14843369
-0.44044876
-0.13151932
-0.07478714
-0.31332016
-0.073451996
-0.24845505
0.009407043
-0.6600151
-0.0901413
0.036167145
-0.30480194
-0.08887863
-0.24160385
-0.15031433
-0.22058487
-0.365448
-0.35391235
-0.56241226
-0.41906738
-0.17221832
0.5295601
-0.60554504
-0.23754883
-0.25149536
-0.10551071
0.10060501
-0.10367203
-0.22787857
-0.018169403
-0.4064865
-0.43854904
-0.53419113
-0.4891472
-0.60185623
0.28358078
-0.53648376
-0.21307755
-0.15192032
-0.57881546
0.09339523
-0.22299957
0.4649048
-0.22114182
-0.30025482
0.12836838
-0.11561203
-0.27789307
-0.38732147
-0.29171753
-0.36404037
0.14483643
-0.1580162
-0.28629684
-0.51904297
-0.44488907
-0.4310646
-0.19968414
-0.4776802
0.064315796
-0.465271
0.17253876
-0.33685684
-0.39882278
-0.12686539
-0.27256012
-0.2084732
-0.52430344
-0.38494873
-0.35407257
-0.27643967
-0.47424316
0.07482147
-0.44911194
-0.25582886
-0.25535202
-0.46728516
-0.7140465
-0.34369278
-0.64593124
-0.5210533
-0.45371628
-0.4479561
-0.5116539
-0.677372
-0.24615479
-0.2005806
0.113357544
-0.37573624
-0.14283752
-0.06958771
-0.0029754639
-0.6022072
-0.34832764
-0.23724365
-0.31178665
0.41762924
-0.23101425
0.3429718
-0.5261307
-0.6125946
-0.098926544
-0.60388947
-0.5968056
0.096782684
0.2000885
-0.50828934
0.34033585
0.07840729
-0.21624756
-0.5315895
0.4187889
-0.43068695
0.1307869
-0.17100525
-0.2680931
-0.85619736
-0.44849396
-0.27684784
-0.19882584
0.02715683
-0.13253403
-0.18654633
-0.6987076
-0.60816956
0.41177368
-0.6375656
-0.4263115
-0.5963402
-0.16001892
-0.2642212
-0.29091644
-0.30702972
0.1734581
-0.16572952
-0.6614456
-0.4457512
-0.49510193
-0.45473862
0.5566559
-0.4966278
-0.63124084
0.649662
0.05575943
-0.6049957
-0.35549545
0.08078766
-0.4543953
-0.27582932
0.08198929
-0.40093613
-0.5113487
0.479393
-0.5927391
-0.18763351
-0.58376694
-0.0319252
-0.6066208
-0.60876083
-0.18050385
-0.101558685
-0.19129181
-0.64110184
-1.0224953
-0.27336502
-0.47231674
0.4389267
-1.0391273
-0.29188156
-0.82310104
-0.25345612
-0.1802063
-0.6353073
-0.37835693
-0.4555092
-0.013748169
-0.42194366
-0.72107697
0.16892242
-0.82091904
-0.08881378
-0.8966446
0.0065231323
0.5620804
-0.57912064
-0.3655243
-0.48041534
0.041584015
-0.3168335
-0.48622894
-0.84262085
0.49386978
0.06473541
-0.50694275
-0.39707565
-0.6751518
-0.35640335
-0.77054596
-0.65060043
-0.7842369
0.023078918
-0.7029419
-0.7266159
-0.39648056
-1.078949
-0.4516449
-0.20681763
-0.26641083
0.2500038
-0.27681732
0.34269714
-0.6089401
-0.51722336
-0.4988098
-0.67785645
-0.9382057
