0.54380393
0.4348643
0.18080701
0.24200438
0.111324325
0.10290722
0.20029654
0.11417903
0.07330802
0.09002637
0.0813436
0.14257768
0.0897929
0.079484574
0.10609114
0.137488
0.09157716
0.05049361
0.09679703
0.04846945
0.09357322
0.06088102
0.098205335
0.050789893
0.08514392
0.064165495
0.1471256
0.059481926
0.08616023
0.0888174
0.072203115
0.07922033
0.08300569
0.05797314
0.06531179
0.065349795
0.086016156
0.07057176
0.068772875
0.088127606
0.061217297
0.11799271
0.10207374
0.09038652
0.058930654
0.07119165
0.050999448
0.065102264
0.08268479
0.119023465
0.079874635
0.10784748
0.08421259
0.054049265
0.06647187
0.047488574
0.07423523
0.06419304
0.066631585
0.062590204
0.048106275
0.088895276
0.044527125
0.079952866
0.058125637
0.082521126
0.07240181
0.08823498
0.07837962
0.099693984
0.10413538
0.053218514
0.052469384
0.059572436
0.091227174
0.08374716
0.09937133
0.12045138
0.09355113
0.08990125
0.06657014
0.08268192
0.058198188
0.066500515
0.059970494
0.072315164
0.06031109
0.09550258
0.15018252
0.072277494
0.08437253
0.05381854
0.0876476
0.16417302
0.063143395
0.048668426
0.07406159
0.081981406
0.09184146
0.06332743
0.06847611
0.104628734
0.06123417
0.07744166
0.102512404
0.072035626
0.054682747
0.08923396
0.091104165
0.08245954
0.06739586
0.07653439
0.059335526
0.060531247
0.06405873
0.10954216
0.054295465
0.0870105
0.069477275
0.04882635
0.061803915
0.055032097
0.058247276
0.08271717
0.07703511
0.040889297
0.071156174
0.06427173
0.057510618
0.05625523
0.097608544
0.05281261
0.08373059
0.1394726
0.045067098
0.064227484
0.09874489
0.06992041
0.072147764
0.051785536
0.072697364
0.096242
0.057320613
0.118035994
0.03713256
0.06476939
0.06295406
0.086847246
0.17590086
0.059951734
0.06317402
0.10389159
0.09478653
0.058045648
0.08451267
0.07485354
0.0688182
0.08923193
0.08920863
0.08413409
0.070805624
0.08425721
0.07266989
0.054744087
0.11337741
0.08744759
0.0755534
0.08231583
0.05022234
0.09553084
0.08388986
0.063199475
0.08791405
0.073880374
0.06009706
0.087030046
0.05919449
0.06467401
0.059688855
0.08248463
0.05292489
0.08017977
0.07952272
0.06990907
0.07728076
0.1345655
0.06254035
0.0858768
0.055066824
0.05844817
0.04534155
0.0639274
0.09982911
0.08330338
0.05007077
0.18438734
0.058736295
0.057814598
0.09119881
0.07304638
0.099329494
0.14141335
0.085999
0.10383985
0.06198615
0.058471553
0.08977843
0.09079194
0.05964764
0.0522992
0.08812656
0.04638139
0.18122388
0.051659
0.06468053
0.07630164
0.07222073
0.0866647
0.10832383
0.0723201
0.07761964
0.04151941
0.08158698
0.06583074
0.08596068
0.07410812
0.07976873
0.066068955
0.06269404
0.06319332
0.0681917
0.08289546
0.07011573
0.08107127
0.069601014
0.060879264
0.09228086
0.058276758
0.0670779
0.08509425
0.04903818
0.05644145
0.05712015
0.061450507
0.06295979
0.093776226
0.15674284
0.075083256
0.098008275
0.06522481
0.041657228
0.073002174
0.053683434
0.068324514
0.061581302
0.0979684
0.0513174
0.095606275
0.063286945
0.06421373
0.12256861
0.097990796
0.090657555
0.062245153
0.056411687
0.06302069
0.05228933
0.06978862
0.063526705
0.04525878
0.062277783
0.18175624
0.06634258
0.07051921
0.07804355
0.03772456
0.060794666
0.046720672
0.06964752
0.082558885
0.047272615
0.06730684
0.08601227
0.097499475
0.066057324
0.057021104
0.05989387
0.05223435
0.06709282
0.06905716
0.102712326
0.09020933
0.080499455
0.05272383
0.08446534
0.062877335
0.07065184
0.06584088
0.047229756
0.07819127
0.0825223
0.05372766
0.060852543
0.071151376
0.09135358
0.05204538
0.04895117
0.055465307
0.10498446
0.061733335
0.17802948
0.11520437
0.05465618
0.07468749
0.12458995
0.065527245
0.09554234
0.068481304
0.045414243
0.061597362
0.08473034
0.06372935
0.057199936
0.063543774
0.06568788
0.045555156
0.065227345
0.071404874
0.08021608
0.07549501
0.062638305
0.07247352
0.0735604
0.06539658
0.06113557
0.077615246
0.06291847
0.051793866
0.098901294
0.05836328
0.06545839
0.05644807
0.06608008
0.06733621
0.044416748
0.07078934
0.12084239
0.05523011
0.047480986
0.057925977
0.078879684
0.083623976
0.054767877
0.08119604
0.09170679
0.08421345
0.05454991
0.096350886
0.054717667
0.08003385
0.04605994
0.0627056
0.06024185
0.058683634
0.03979348
0.063141584
0.09143916
0.05332616
0.06902959
0.05576902
0.082157
0.054527525
0.055956382
0.08599314
0.051606897
0.06306187
0.044695262
0.0741715
0.06278878
0.068144985
0.075558804
0.05398275
0.0850897
0.051291253
0.06449455
0.102831095
0.0646321
0.06970591
0.056535438
0.05028163
0.15048137
0.06518931
0.06765334
0.10397943
0.065011255
0.07754694
0.06840219
0.06478878
0.09651696
0.055378966
0.06902579
0.09772152
0.048188526
0.07142054
0.060247384
0.04704001
0.070032224
0.0655636
0.052281853
0.08729234
0.05404967
0.08226059
0.050999638
0.09254676
0.07316779
0.058662523
0.07745868
0.06619567
0.08159369
0.05851381
0.07875964
0.053770028
0.063937955
0.12311496
0.066467516
0.07619586
0.097860694
0.0548465
0.082517184
0.057423986
0.07015896
0.07497895
0.08215506
0.09735197
0.078055896
0.067549564
0.055442397
0.087507226
0.046879046
0.07563166
0.06254408
0.11098727
0.061024643
0.062026
0.0924056
0.07916335
0.04833242
0.07753688
0.061481547
0.09203573
0.05813198
0.066628404
0.0496963
0.0669816
0.08199391
0.08537283
0.05597505
0.06938923
0.042034894
0.0643224
0.09135408
0.08882226
0.10642787
0.06321309
0.059937846
0.06555604
0.06640879
0.06617324
0.06465363
0.08420375
0.09455484
0.06748723
0.054811854
0.06703926
0.08233381
0.065861724
0.061501186
0.05778613
0.07163801
0.047985483
0.09032707
0.08496603
0.05328165
0.070109166
0.066296235
0.0425713
0.06701292
0.041065324
0.059277397
0.07075212
0.09704651
0.06075465
0.10820557
0.06158876
0.054844514
0.057577834
0.08365312
0.070263244
0.079620264
0.059050936
0.063106894
0.0548273
0.062956184
0.07590682
0.060547836
0.075408645
0.07149808
0.0446374
0.07551748
0.12729895
0.10456106
0.065262325
0.07172901
0.06019047
0.060048155
0.06747198
0.077993765
0.10570539
0.05296481
0.073709965
0.107762806
0.06783404
0.07950712
0.046017233
0.05898212
0.095366806
0.07088974
0.083345555
0.094246894
0.088279665
0.08379264
0.07857273
0.07671549
0.056692787
0.06457137
0.044319063
0.07396303
0.093638696
0.071525626
0.07139074
0.06731511
0.067979075
0.051104832
0.11352855
0.06917741
0.069615185
0.06389613
0.051617503
0.08158722
0.08462466
0.07357836
0.09528047
0.10748217
0.077873655
0.06021906
0.08108733
0.0641498
0.06516824
0.06487975
0.065260224
0.08286957
0.08803952
0.08894783
0.06780533
0.090885706
0.11246132
0.08381363
0.06558923
0.082024984
0.08590186
0.11038994
0.061279833
0.064525545
0.09176465
0.06079086
0.06542998
0.07058674
0.09674193
0.05663844
0.06445498
0.05469485
0.09364013
0.06214844
0.06185802
0.13605618
0.06272101
0.07089887
0.052476317
0.10355381
0.085551076
0.056615423
0.09315207
0.060831238
0.06754017
0.07329268
0.059244964
0.0684807
0.080286294
0.057980627
0.060907926
0.07955661
0.09742355
0.08353835
0.05704932
0.0599352
0.056017656
0.059191883
0.09941596
0.078421876
0.063714616
0.100227244
0.06646437
0.07943038
0.060590275
0.07042075
0.055088215
0.11165909
0.053023163
0.044972453
0.07728744
0.060085338
0.08121296
0.079711035
0.069035776
0.07523695
0.07410758
0.07031552
0.08993664
0.057203747
0.08965973
0.09105124
0.055776484
0.06938968
0.08206393
0.07859787
0.04752996
0.07059845
0.057437416
0.05753336
0.053458903
0.08391209
0.08020482
0.080012016
0.07033688
0.085126474
0.072373465
0.07606331
0.07621459
0.06349025
0.085953146
0.05796121
0.083039016
0.10054605
0.05702029
0.09844841
0.05925508
0.07432399
0.07407824
0.09436407
0.07104343
0.06908009
0.04303744
0.05193737
0.071921095
0.073795535
0.066486105
0.07013386
0.065517455
0.0729379
0.06346703
0.12914647
0.06710391
0.06090439
0.06454426
0.07382371
0.06416492
0.059653543
0.06619027
0.06781899
0.057213504
0.05755496
0.076953955
0.06307743
0.05261699
0.0956929
0.07289569
0.054566797
0.065467946
0.061489157
0.06715685
0.059312187
0.11044775
0.074102275
0.070040755
0.07444268
0.05803594
0.05591191
0.047703058
0.094592996
0.04634586
0.07194579
0.06262545
0.06891008
0.08052577
0.06475144
0.08285067
0.072014876
0.06709149
0.061341356
0.063106984
0.06332119
0.061345343
0.07647726
0.073961966
0.064046115
0.086840674
0.07356553
0.09498308
0.072704785
0.06721049
0.089401685
0.04922011
0.058536276
0.06555608
0.06045912
0.07804104
0.07880013
0.08496818
0.099084884
0.06293872
0.07588422
0.058511645
0.06665816
0.14517388
0.055912495
0.060801897
0.096164584
0.09886549
0.10596396
0.07836163
0.08437936
0.083535455
0.069083646
0.059773576
0.063796766
0.06725813
0.062057886
0.049096256
0.09414771
0.0773908
0.08973935
0.05605001
0.062190108
0.08961711
0.0763354
0.080473505
0.065811805
0.07160106
0.10801411
0.08635423
0.0607576
0.089710884
0.093649946
0.065760225
0.0661153
0.0787232
0.08988397
0.06704969
0.061172917
0.06667029
0.071073964
0.051282704
0.077084325
0.085936494
0.07079608
0.0798073
0.060299747
0.081589304
0.09109388
0.06993285
0.08722232
0.057367872
0.069369085
0.08893524
0.08423593
0.07082643
0.07368654
0.081578344
0.12526824
0.04719341
0.06106455
0.08736106
0.055563953
0.08051694
0.09275683
0.16486372
0.054432876
0.069636814
0.0561931
0.07278122
0.068180375
0.057182346
0.052484754
0.10830902
0.09553241
0.09549722
0.07738893
0.057273008
0.06957909
0.102777176
0.082938805
0.059063043
0.06690735
0.09163865
0.0769192
0.05676524
0.065879
0.08889024
0.0815133
0.10297859
0.06899029
0.05228336
0.070122
0.083328806
0.0455727
0.088076316
0.06657159
0.07331219
0.05671961
0.078278
0.077327244
0.051958673
0.079617895
0.05750374
0.066434525
0.09395952
0.06456909
0.056594443
0.061731838
0.088376045
0.05561241
0.090502426
0.07933514
0.075202905
0.07233389
0.08226373
0.07005765
0.08173404
0.08464946
0.07660722
0.06815929
0.06470882
0.08670841
0.084116824
0.06160592
0.08715784
0.06134519
0.06131541
0.054032646
0.086878866
0.06521874
0.08087689
0.07923696
0.13900498
0.09312547
0.062481273
0.059227683
0.078706495
0.076319255
0.08351698
0.06932316
0.06270741
0.07553953
0.085447185
0.06660698
0.08045585
0.078176714
0.10116051
0.0566704
0.06345122
0.09337071
0.10143872
0.11849335
0.07572156
0.07533773
0.089992166
0.07138657
0.07314557
0.086197495
0.056525078
0.09062386
0.08197005
0.06466604
0.08158351
0.046538178
0.09471343
0.0746061
0.047364675
0.058667496
0.07998455
0.10565167
0.09091427
0.07097777
0.08117168
0.073472366
0.08604127
0.0705628
0.09438441
0.048447713
0.06585202
0.06568437
0.09979842
0.07879615
0.09328518
0.113153845
0.08409372
0.090626225
0.08770856
0.077524625
0.05921584
0.09093675
0.09775526
0.06610479
0.10754326
0.085808985
0.10140999
0.069844455
0.06631412
0.08131053
0.08323361
0.08661937
0.06180835
0.06587012
0.06799586
0.05933856
0.0677451
0.11258415
0.06803078
0.10899544
0.05907196
0.078583285
0.07021372
0.082852595
0.11263023
0.09273322
0.07408119
0.053820852
0.068603985
0.104165904
0.06431061
0.120305665
0.066763476
0.07016076
0.08505942
0.07013733
0.07253815
0.075733356
0.0687922
0.07265355
0.072213724
0.074681714
0.0990993
0.077414766
0.11695894
0.08188459
0.092913225
0.07097557
0.08684361
0.057029
0.061794568
0.07678051
0.11943539
0.08375748
0.06795626
0.07768275
0.08268696
0.08091827
0.08156642
0.08039309
0.060990717
0.08644476
0.05487137
0.13568106
0.075490035
0.07359974
0.082754806
0.07106685
0.100448914
0.09941286
0.11745686
0.09449116
0.06374904
0.04591345
0.07778491
0.053786904
0.08457279
0.096310414
0.06330853
0.08244822
0.09768535
0.08307549
0.11355151
0.068698406
0.08960088
0.10424158
0.069016166
0.07496057
0.06973356
0.077137366
0.0915817
0.06728684
0.07144613
0.056207176
0.11465119
0.07922901
0.06355698
0.06724581
0.09334148
0.06179825
0.064342886
0.0659304
0.059411813
0.07136831
0.07985973
0.10996285
0.07088188
0.08219301
0.10250467
0.100729406
0.0736661
0.06799827
0.09685113
0.09678847
0.07448988
0.05886676
0.08843529
0.0766559
0.07859758
0.09609848
0.08879105
0.07191255
0.05608832
0.10061454
0.082091
0.062125925
0.08489936
0.0788251
0.07785827
0.06914072
0.10133189
0.08794199
0.061615076
0.05430855
0.09929574
0.08181189
0.111361176
0.06591854
0.06985686
0.081280224
0.07297258
0.08815531
0.055637144
0.079306856
0.08431426
0.09002381
0.099428356
0.048741218
0.08442463
0.0673204
0.11976263
0.06073089
0.08769873
0.08376636
0.06391847
0.071723506
0.08748474
0.06367506
0.09150261
0.04915003
0.07473278
0.06857367
0.05200423
0.06992736
0.094285674
0.09152176
0.08103456
0.110571675
0.10000403
0.08443631
0.083157495
0.066536576
0.073378064
0.14178522
0.09502432
0.10056564
0.085529774
0.07322974
0.07535494
0.05451393
0.0744369
0.065539576
0.06260342
0.10785102
0.08814343
0.08518645
0.06443853
0.08709253
0.0795148
0.094001696
0.08809163
0.09600077
0.114019945
0.07391728
0.115059055
0.08513905
0.10547941
0.09251648
0.073804095
0.09151783
0.07751707
0.07838081
0.067170046
0.12503225
0.08608063
0.12105684
0.07266369
0.08124293
0.07091405
0.09816307
0.07030391
0.094359055
0.0788255
0.0921299
0.12170718
0.0733526
0.10310993
0.078556105
0.07273616
0.06800381
0.074949205
0.11706942
0.11581555
0.07136449
0.07565372
0.07271328
0.10715855
0.062372338
0.11808429
0.09214734
0.077464014
0.082352005
0.091794424
0.0869144
0.06180586
0.092814654
0.10062191
0.116134636
0.0816631
0.0885516
0.071099445
0.05498113
0.089160785
0.07978286
0.11122741
0.06945169
0.083652966
0.07845342
0.06858035
0.06251142
0.08020583
0.16614062
0.059150543
0.06726852
0.081951864
0.09628627
0.07794674
0.077260196
0.07712776
0.09155035
0.066065215
0.093611985
0.11406689
0.07687997
0.059228193
0.10630375
0.078381546
0.08308392
0.10334426
0.08101337
0.092790656
0.0669847
0.08786952
0.099955104
0.12945905
0.081356026
0.07193128
0.06376473
0.07814342
0.087953135
0.14590856
0.10599949
0.07741732
0.07550077
0.08183128
0.07659304
0.07002103
0.091709346
0.08233834
0.059263904
0.08301171
0.05545772
0.08292158
0.11510402
0.087043405
0.09827679
0.07382659
0.06986967
0.07337214
0.15663306
0.06781382
0.0713387
0.07460995
0.06749896
0.04823777
0.07281952
0.08069175
0.07247701
0.102023
0.10607975
0.09217695
0.0928522
0.10162834
0.075078525
0.08071895
0.10469247
0.08016489
0.10830724
0.066984065
0.07695721
0.094457276
0.086619586
0.06492114
0.10903562
0.08144973
0.08631205
0.0581799
0.075240254
0.07514541
0.08269795
0.08649197
0.16536555
0.1065737
0.082820676
0.07530187
0.073447436
0.0882915
0.09456707
0.085297816
0.08959302
0.07522626
0.085648894
0.08073076
0.06790398
0.101120204
0.07151681
0.07997984
0.09039454
0.07277929
0.080979586
0.06744633
0.08608397
0.104495
0.06916591
0.06873613
0.08418013
0.07915037
0.08431217
0.08596807
0.0845528
0.08630684
0.07437931
0.06901667
0.079925835
0.10086199
0.08476804
0.080123045
0.072467476
0.09919975
0.067548014
0.08837354
0.09439613
0.09435344
0.10512645
0.08132811
0.061202873
0.061406367
0.08790039
0.0889727
0.07171446
0.09131674
0.08202997
0.079407506
0.094919816
0.13130832
0.075550504
0.10203847
0.07212041
0.12190954
0.07600392
0.08252878
0.14899614
0.08997135
0.07572439
0.0871528
0.08631478
0.07626043
0.091420636
0.09406164
0.09519457
0.10980619
0.07887525
0.084445104
0.102975965
0.07961368
0.084167875
0.097557805
0.11095619
0.1078564
0.07857502
0.08608818
0.06161585
0.11809685
0.084531814
0.13136645
0.08936036
0.08735634
0.089521214
0.103816636
0.07811255
0.08091922
0.07850505
0.056185894
0.08943622
0.08528104
0.05835991
0.06950384
0.09709192
0.07090677
0.063837916
0.072179526
0.07421687
0.083582655
0.075326
0.07127927
0.10766684
0.09653025
0.08040022
0.09105945
0.07173689
0.13097744
0.1073229
0.1177138
0.077558644
0.086202264
0.07064948
0.07352031
0.071649775
0.076268576
0.072232835
0.1160406
0.08549798
0.0960781
0.09105776
0.085219644
0.08637302
0.082830496
0.104981676
0.11309044
0.09372565
0.06863755
0.08810833
0.08019633
0.100276895
0.07614535
0.07927072
0.071136594
0.16210501
0.08715196
0.106776215
0.11279156
0.091288775
0.07208975
0.08417684
0.06392033
0.076859824
0.11758899
0.082155384
0.13233063
0.07321425
0.074798614
0.07195269
0.092419155
0.10213642
0.09800235
0.07935066
0.07560957
0.10118749
0.06412774
0.07070907
0.08167929
0.09828512
0.091242656
0.08238143
0.09417769
0.08284667
0.12553915
0.08699297
0.08796482
0.12516646
0.12024184
0.088907324
0.100968756
0.10719798
0.059884023
0.08299317
0.05414553
0.063655496
0.07324024
0.056581907
0.062050387
0.076915056
0.059928417
0.104503006
0.07246892
0.10130543
0.11544725
0.08904822
0.09226241
0.071763024
0.06830129
0.06761972
0.07009137
0.111111924
0.0544339
0.072390825
0.08672072
0.0825334
0.07696515
0.06277178
0.096078955
0.074490815
0.06356966
0.06766416
0.10473857
0.081617445
0.09602889
0.07737899
0.0686978
0.0841307
0.08816024
0.06950329
0.09039466
0.08411959
0.06827527
0.07372245
0.08205153
0.079291955
0.096948616
0.07839969
0.085035115
0.07346513
0.06716479
0.12640153
0.105775036
0.0958316
0.087297596
0.08121201
0.09148949
0.0751622
0.07773344
0.08442965
0.08553985
0.06944406
0.07116754
0.06576406
0.0860268
0.08878571
0.08419714
0.070510596
0.09311346
0.087066434
0.094709754
0.06332526
0.08999123
0.060011152
0.08400283
0.07534221
0.08163707
0.08343087
0.07565538
0.0730947
0.05520565
0.08763007
0.06849798
0.065618195
0.08192924
0.08210719
0.06858793
0.083922885
0.072895996
0.06560359
0.07386891
0.071934596
0.070449814
0.0642531
0.071162224
0.07435125
0.05413608
0.074951425
0.08472403
0.10083633
0.09096104
0.06696918
0.06535314
0.07039943
0.08161949
0.10415113
0.091657236
0.056980364
0.08726824
0.109380804
0.07159535
0.06598713
0.101002045
0.0634635
0.071836405
0.0967379
0.077804975
0.058052864
0.06888471
0.07946811
0.058534548
0.09057797
0.07277584
0.089982554
0.06135754
0.08360364
0.08093987
0.06933144
0.10003307
0.08091569
0.06033961
0.07465665
0.070389606
0.07673526
0.077980354
0.083250165
0.06488541
0.09193487
0.13410687
0.083218336
0.07276253
0.0734331
0.07197644
0.09265759
0.073322326
0.09955539
0.11124382
0.090504065
0.06950777
0.07372681
0.07444811
0.11112126
0.08631777
0.0873494
0.111176886
0.09912945
0.0686027
0.07683131
0.074299596
0.081932746
0.097530834
0.061691623
0.06186654
0.07557799
0.07584259
0.081325024
0.08725085
0.078710176
0.07845371
0.07710787
0.08018939
0.06969178
0.07733781
0.09174827
0.094190985
0.10393399
0.06757988
0.07614226
0.06793494
0.08185567
0.067569345
0.07469371
0.09625283
0.07242687
0.08318285
0.07457231
0.076844126
0.099441655
0.07488288
0.065221824
0.0833003
0.11135955
0.07501268
0.092161715
0.07169054
0.06353715
0.08432156
0.070241444
0.053611476
0.085565716
0.09324099
0.10732555
0.06603647
0.07178699
0.07330034
0.08020458
0.074813895
0.08733188
0.07470215
0.07634222
0.11660367
0.07436984
0.10790123
0.08139441
0.11733523
0.08047099
0.06482178
0.08532984
0.07723383
0.1165149
0.0795841
0.05990423
0.0620604
0.060918916
0.095543325
0.09788976
0.10020045
0.0778124
0.089475445
0.09969774
0.077153906
0.08259091
0.096033044
0.10243562
0.08454195
0.07511103
0.09128165
0.08635051
0.061306916
0.09290377
0.08740934
0.077294245
0.07100801
0.075002655
0.082164586
0.07305078
0.06303699
0.06174718
0.057830177
0.075227596
0.078138635
0.08840451
0.09101687
0.08314644
0.09072568
0.117300026
0.08147105
0.077858485
0.09178492
0.04561194
0.077451944
0.061866794
0.07151863
0.08369138
0.080238305
0.08585502
0.10228126
0.089575045
0.063945875
0.09271934
0.1117369
0.09730065
0.14574781
0.08486842
0.05177394
0.09130679
0.0696082
0.08619934
0.07066581
0.076206245
0.0863754
0.07973819
0.098181374
0.053702846
0.08852505
0.06879475
0.08757508
0.08426093
0.070824064
0.07041206
0.0721148
0.08340323
0.05483712
0.07092624
0.06495008
0.063918695
0.08298279
0.08246707
0.07668284
0.07515055
0.066159695
0.054377876
0.09135666
0.085870594
0.071703814
0.08683757
0.09945223
0.078476466
0.07396791
0.08346656
0.07613612
0.08480834
0.0733834
0.084874645
0.07767009
0.068593524
0.08155246
0.07623559
0.07237038
0.09459259
0.10649853
0.06521818
0.07128999
0.11049253
0.083711766
0.09351521
0.079762004
0.08937957
0.09411115
0.057913713
0.097855635
0.09672252
0.08454708
0.06584163
0.07806497
0.068467
0.09255683
0.0741404
0.07262246
0.10140681
0.06458521
0.10182873
0.06848263
0.09819993
0.09355549
0.08993745
0.06911971
0.089760445
0.083508946
0.061189245
0.077896126
0.083528094
0.07527762
0.08345135
0.07392709
0.089360245
0.10725914
0.08164252
0.06734533
0.07655664
0.07076261
0.08248687
0.10638661
0.06256012
0.058670867
0.051525805
0.081736565
0.088884585
0.108450145
0.07521823
0.069882296
0.09230544
0.09054281
0.06897896
0.09511249
0.07694001
0.07083857
0.077580415
0.07963468
0.091400646
0.09094225
0.07648687
0.07545865
0.074417114
0.099370316
0.0824829
0.07486735
0.07617724
0.07179573
0.08696408
0.06063578
0.07472136
0.07658945
0.06419306
0.0783616
0.08633735
0.063829295
0.06659992
0.086611316
0.10042942
0.078494065
0.08543188
0.10731944
0.075912505
0.09032248
0.07678748
0.08038074
0.0809985
0.100512214
0.07578258
0.06568611
0.109229535
0.08965127
0.07791418
0.09899838
0.08661121
0.10148303
0.08756976
0.06689671
0.07697594
0.10771949
0.077051505
0.08642049
0.088030085
0.083913736
0.09472131
0.07314761
0.05831433
0.085169666
0.059742574
0.09367428
0.08150912
0.09335865
0.11485156
0.08532077
0.0760216
0.0829274
0.114593
0.089596115
0.068235725
0.10390963
0.084732056
0.092033505
0.080782495
0.060432855
0.08609827
0.12793487
0.082629286
0.08664338
0.08490531
0.07018443
0.07679882
0.05906005
0.08107946
0.06708546
0.09024974
0.12198815
0.08030713
0.056165747
0.089939274
0.081557676
0.08660024
0.06814016
0.08171178
0.12983277
0.09949029
0.12000022
0.08894707
0.08864831
0.06737993
0.074411035
0.0748856
0.07989901
0.0885222
0.11641289
0.07290697
0.104770206
0.1047489
0.06419782
0.075975835
0.0821459
0.08908085
0.07201554
0.10274648
0.08053023
0.11812863
0.05828528
0.077180535
0.10632468
0.086691625
0.08984403
0.064258
0.08440867
0.07191254
0.114446975
0.08687257
0.07861791
0.06516014
0.09738098
0.07433941
0.058027912
0.08420255
0.061703376
0.08125704
0.071772195
0.07209239
0.07490719
0.08848263
0.06653762
0.08243388
0.07262021
0.05785853
0.08464156
0.07679734
0.07648235
0.07960634
0.044900183
0.08523145
0.069435604
0.07749685
0.074287094
0.07891687
0.077763595
0.06900879
0.049841143
0.06826978
0.08852809
0.08296208
0.07036857
0.058028266
0.06476046
0.08726217
0.06723913
0.07271337
0.10281521
0.09454653
0.064141266
0.0891781
0.087013185
0.08190458
0.07201462
0.069648705
0.06643043
0.07960389
0.08134783
0.07894541
0.08666575
0.08072722
0.07132642
0.09256397
0.06531199
0.075259335
0.07237415
0.06787641
0.093799315
0.11110955
0.08355033
0.09872384
0.09927806
0.098993525
0.07573188
0.096230544
0.05476947
0.08797077
0.10202075
0.103979275
0.060547996
0.07126159
0.0965875
0.07568033
0.05492033
0.07114569
0.103911415
0.08988767
0.0674538
0.08184993
0.060541026
0.092819855
0.07637706
0.08114903
0.06322699
0.075853415
0.09034244
0.06377019
0.07956706
0.06806883
0.0956097
0.082343034
0.08344558
0.09943251
0.08193723
0.08770104
0.09340479
0.07086007
0.07556116
0.092432626
0.09237448
0.08601453
0.07631406
0.048552647
0.09466024
0.075052164
0.06979976
0.06932537
0.06547242
0.06861139
0.068261504
0.07204405
0.071005896
0.082619414
0.09225567
0.063479744
0.06458537
0.077848576
0.09892489
0.07373777
0.07056967
0.07448291
0.07648327
0.101628385
0.08322262
0.058855414
0.06910309
0.087233014
0.0634194
0.095891505
0.09354505
0.121433035
0.069042556
0.0638531
0.063845925
0.085278764
0.07140104
0.09527329
0.074905545
0.069859415
0.080020815
0.07752621
0.08215051
0.084321134
0.09586195
0.09112312
0.07046089
0.06812194
0.06742442
0.06889399
0.085197486
0.10077059
0.09145146
0.06819592
0.06858336
0.09824115
0.0820136
0.09079364
0.081383035
0.0814614
0.07803219
0.07448824
0.101707675
0.06615944
0.0847304
0.08948643
0.10021555
0.06852668
0.10879648
0.103152834
0.09059445
0.0835821
0.08311015
0.07612857
0.10909575
0.09126633
0.06516048
0.079606906
0.075390354
0.0807121
0.08545539
0.07394478
0.073904954
0.10555189
0.10109408
0.07981035
0.07648079
0.07443166
0.13759533
0.07753948
0.08818201
0.0738676
0.074116655
0.06718128
0.07418427
0.08354846
0.059345037
0.07526628
0.10495097
0.051766045
0.08392996
0.08431077
0.07226575
0.08648327
0.06250365
0.066693805
0.069848314
0.11856318
0.078040734
0.0868928
0.066001184
0.07881497
0.079409346
0.057144217
0.080854915
0.07796919
0.06341475
0.06839861
0.05998722
0.13326946
0.075601004
0.0683598
0.06922543
0.06160357
0.10070094
0.076975755
0.081514806
0.08764342
0.07331492
0.059646823
0.08205374
0.085844435
0.07637942
0.07217813
0.07808255
0.07119268
0.06936951
0.08209927
0.07771053
0.07406246
0.09328571
0.063155405
0.095797844
0.07481992
0.06060861
0.06758054
0.1076354
0.06867859
0.07437002
0.070807576
0.07011816
0.07759956
0.079157285
0.07341496
0.06945174
0.08382625
0.09246023
0.07217987
0.06484827
0.08612658
0.07876984
0.081686474
0.080956556
0.06393236
0.06885503
0.060225513
0.07113082
0.06489618
0.084839515
0.078508444
0.093108445
0.052038588
0.07242379
0.064687416
0.06957777
0.07983494
0.077748895
0.0854881
0.07429231
0.095112
0.060666494
0.06566382
0.08994957
0.08060419
0.09107216
0.070844166
0.075453036
0.07426692
0.07446705
0.080574445
0.067069516
0.08011067
0.07273443
0.08822379
0.07811211
0.09649651
0.08120696
0.08573559
0.08939973
0.07015631
0.08551122
0.0823616
0.12042956
0.12056277
0.07120898
0.078002356
0.07458881
0.09591689
0.05697672
0.07056254
0.07515856
0.07216788
0.07192931
0.05678952
0.07557185
0.06610687
0.09071119
0.08732455
0.12167815
0.08871577
0.091242656
0.067838825
0.08093832
0.074055135
0.0831274
0.06449813
0.06751103
0.10170238
0.12669004
0.06551393
0.07487461
0.06433502
0.09425258
0.068499945
0.08723357
0.07937176
0.06377339
0.06874351
0.10370436
0.08802061
0.075465456
0.06838192
0.0868364
0.06234266
0.062833115
0.07371946
0.07946892
0.059530795
0.07410966
0.06926834
0.06934157
0.074503586
0.09900993
0.08408156
0.08207389
0.10387819
0.08775541
0.086750224
0.075472005
0.090172194
0.10488224
0.06881716
0.08233702
0.07059811
0.06631372
0.082142465
0.076860465
0.065934084
0.08129319
0.08170912
0.09470917
0.083041474
0.09263774
0.08150395
0.112733334
0.10204525
0.07929143
0.07888143
0.08324736
0.082032196
0.07315078
0.08608679
0.08417554
0.060054246
0.07092894
0.09142756
0.10912298
0.070322536
0.085796684
0.06122679
0.08974892
0.078712344
0.06927727
0.07922298
0.064917296
0.068227045
0.06874952
0.07549215
0.055551276
0.06626147
0.08074984
0.10372813
0.07052489
0.08722178
0.08209723
0.07261886
0.080261566
0.09205015
0.0981647
0.07127969
0.08190827
0.071311936
0.09431837
0.09720385
0.07882477
0.079522975
0.06329721
0.08097184
0.09562059
0.122236155
0.06480614
0.07061975
0.080987014
0.08152197
0.061257165
0.10183079
0.1018792
0.07000648
0.08689284
0.08098515
0.06390595
0.092286974
0.08014884
0.079068035
0.081758186
0.07237746
0.0831367
0.065195076
0.07913115
0.123241834
0.07110039
0.078469686
0.06935122
0.0755541
0.07401245
0.063874714
0.07843336
0.075994134
0.07756428
0.08534631
0.080918215
0.06273863
0.07035537
0.06262436
0.08705884
0.08001962
0.064739086
0.10230947
0.11347957
0.09362961
0.078394614
0.07188586
0.09969035
0.07171701
0.09181889
0.084789656
0.068377584
0.083406456
0.06540102
0.07276896
0.08085162
0.10889944
0.090605035
0.07804068
0.09213776
0.07712738
0.07708945
0.10407313
0.07058478
0.07960686
0.09475435
0.07065159
0.08190101
0.06896549
0.082133085
0.060656004
0.09650804
0.07585155
0.070214525
0.07827425
0.1047155
0.080699265
0.08634992
0.08131961
0.095448114
0.071416676
0.06612031
0.072729014
0.06982911
0.10322786
0.07537616
0.06435493
0.08655465
0.07603212
0.048385706
0.08945041
0.052395433
0.052427147
0.04914719
0.07914708
0.06927798
0.09707763
0.08770952
0.07656304
0.07840309
0.058606252
0.07209515
0.06208415
0.088949285
0.08121841
0.09600175
0.06608006
0.08431872
0.0504083
0.07951939
0.066205874
0.08637137
0.083433576
0.06442662
0.090037644
0.088408105
0.07109825
0.060795914
0.066710144
0.060914047
0.056111407
0.07408599
0.07245944
0.069343835
0.072801605
0.07753176
0.08580016
0.08759797
0.1044006
0.06930223
0.07630447
0.075625665
0.06802868
0.09512351
0.059985224
0.077158295
0.092483304
0.09323494
0.095389634
0.06657661
0.06944093
0.057032216
0.058506165
0.08676428
0.07042641
0.07833798
0.069734596
0.08011229
0.060877822
0.06401282
0.07268391
0.09593506
0.077786185
0.073396
0.10505323
0.08048416
0.07773507
0.08630393
0.065770276
0.060847837
0.079800636
0.16168793
0.07907927
0.08275382
0.07647626
0.07844492
0.07156934
0.081734024
0.07745824
0.080558084
0.06430472
0.08329468
0.10276137
0.08474648
0.055267703
0.0734057
0.106055275
0.071936786
0.09787184
0.09091922
0.07431491
0.09215434
0.056674648
0.07133526
0.083483376
0.095738955
0.06517982
0.15319034
0.091474965
0.06112964
0.08743492
0.11805579
0.06621636
0.08054963
0.07617551
0.08980579
0.0646736
0.0562186
0.078783415
0.085963465
0.06818059
0.07907633
0.08163061
0.055699833
0.09639565
0.07476685
0.0782186
0.07951345
0.10522703
0.091495186
0.08836092
0.057768542
0.06795604
0.080118775
0.06720985
0.07125816
0.08917062
0.09674582
0.07312389
0.10090374
0.07002084
0.09514745
0.06361617
0.119155
0.068399265
0.09134582
0.06270321
0.12310171
0.096719846
0.14581028
0.073707506
0.08563692
0.08699605
0.083280034
0.09749785
0.06857159
0.084026895
0.08056498
0.058259856
0.08731255
0.09045358
0.0723823
0.10365908
0.080419704
0.09540431
0.077538565
0.11502419
0.09027576
0.07776268
0.06691879
0.08589456
0.06501421
0.064225286
0.085880704
0.06879574
0.07613882
0.07505296
0.10544945
0.10531592
0.08806769
0.07782687
0.06666878
0.0771121
0.063452534
0.08897538
0.067600675
0.07536558
0.07474732
0.08008105
0.075938635
0.06834246
0.079408705
0.06844429
0.089016445
0.08474354
0.08992891
0.06468721
0.0935445
0.0750754
0.10202416
0.083077446
0.077533685
0.08197948
0.068763725
0.07114807
0.11174441
0.09513077
0.067670986
0.06258881
0.092858054
0.09488693
0.1353588
0.06830817
0.09987389
0.08417132
0.093750626
0.11708808
0.06518219
0.112734966
0.07969953
0.099712804
0.10061632
0.08696698
0.07964761
0.1557634
0.06872784
0.08343425
0.06954615
0.07672711
0.10139877
0.1071486
0.12409349
0.097362585
0.08439551
0.07285221
0.07117798
0.057350267
0.0689496
0.055536225
0.06880083
0.07347373
0.08527858
0.08842392
0.11669696
0.07480093
0.062191334
0.09968959
0.07794008
0.092229955
0.07760019
0.07320515
0.11623406
0.077498816
0.08283465
0.08142909
0.07912877
0.07237141
0.10866481
0.08804761
0.076715074
0.080135465
0.12517522
0.09889247
0.104238
0.06917959
0.05563548
0.07010485
0.08891852
0.072380826
0.07817431
0.06637233
0.095127
0.069798864
0.08214581
0.07867868
0.06484257
0.08210524
0.06902508
0.08355257
0.07714089
0.06813081
0.066284455
0.08544607
0.065395825
0.075260684
0.06655617
0.08994311
0.08852042
