14627.25
12695.535
7900.285
6122.3716
5293.4375
4712.7793
4258.801
3889.2354
3576.1787
3315.2734
3093.234
2903.8276
2735.2441
2587.7087
2451.4473
2333.824
2219.704
2110.8433
2008.8511
1908.4238
1815.4626
1727.0751
1640.019
1561.5635
1485.4104
1412.2737
1342.3855
1275.1406
1211.1079
1150.1995
1089.127
1030.6144
973.4004
916.89954
860.8952
806.94226
756.09814
705.273
657.50116
610.3403
567.346
526.46094
488.04678
451.63235
417.2585
386.21854
357.12073
327.72543
300.13834
274.66177
249.8599
227.31282
206.93497
186.09203
168.7757
150.83102
135.70161
121.36476
107.48296
93.90079
82.23599
72.17827
61.63124
52.414955
44.028454
35.58554
27.979465
21.819004
16.274773
9.700848
5.450783
0.43141556
-2.8828201
-7.0266037
-10.238953
-13.501915
-15.699821
-17.219585
-19.380383
-20.535824
-21.686111
-22.28421
-23.409584
-24.044956
-23.120815
-23.734951
-23.185457
-22.571651
-22.564236
-20.956488
-19.192322
-19.255367
-19.009205
-16.362091
-16.295422
-14.371819
-13.331692
-12.245274
-9.710178
-8.902458
-8.286522
-7.744705
-6.8476105
-6.230831
-5.3730392
-5.4879265
-3.1485786
-5.147236
-4.608349
-2.7000008
-4.2237473
-5.4041023
-4.3360443
-4.7002716
-5.133007
-4.7670746
-3.9021454
-5.035389
-4.2989655
-4.0661163
-4.0447845
-3.425644
-3.570404
-3.7498856
-2.9112015
-2.9447289
-3.0696754
-3.044426
-2.8466263
-1.7908363
-2.0322952
-2.4174767
-2.0754623
-2.3835106
-2.0027084
-2.2209625
-2.3494453
-1.784523
-1.1218987
-1.7112961
-1.6654968
-1.7389221
-1.3234062
-1.1895981
-1.0862961
-1.4468193
-1.8826904
-0.88570404
-1.2570877
-1.308281
-2.6175308
-1.7386093
-2.17202
-2.420887
-2.359333
-2.4958458
-2.6917534
-2.7512817
-3.425087
-3.5301208
-3.8607254
-3.6266975
-3.7069168
-3.69133
-3.5178986
-3.376503
-3.3772507
-3.5536919
-3.347828
-3.2726593
-1.6669769
-2.6568642
-2.731968
-2.9076462
-2.6562347
-2.2603836
-2.1413918
-1.8240166
-1.8427353
-2.0083618
-2.421093
-1.8367043
-1.9215202
-2.0523872
-2.0153885
-2.5046806
-2.0348473
-2.4814835
-2.6423721
-1.9344711
-1.3685722
-2.212944
-3.1296844
-2.3891983
-2.4864426
-2.2935867
-3.0492287
-1.8096924
-2.3074074
-2.2427788
-2.0561981
-1.4132385
-1.3466187
-1.0211678
-1.5090866
-1.1901588
-0.96473694
-1.0699043
-1.2315826
-1.395443
-0.78118134
-2.093792
-1.9457207
-1.5242996
-2.108879
-1.4389801
-2.1356506
-1.9870644
-1.9131927
-1.9822769
-2.2353745
-1.7637253
-2.0821304
-1.8691864
-2.9069748
-2.9856186
-2.9329262
-2.4874535
-2.5038223
-1.8184357
-3.354416
-2.414524
-2.4862976
-1.8374252
-2.5246506
-2.263111
-2.8337975
-2.1740303
-2.2421913
-2.0718079
-2.8647614
-2.2300377
-2.5183258
-1.6048203
-1.6489105
-1.9675255
-1.7769241
-1.490982
-1.9334373
-2.1182747
-1.4972916
-1.4937897
-0.9100723
-1.6093216
-1.066597
-1.2067604
-1.4324036
-1.6982231
-1.2637444
-1.8324776
-1.9107819
-1.3005066
-1.2114716
-1.4511032
-1.1576004
-0.93955994
-1.201416
-1.449501
-1.5230103
-0.93532944
-1.2971458
-2.1289215
-1.7855759
-1.879528
-2.2240334
-2.7885666
-2.6132164
-2.0886955
-2.1235657
-2.32193
-2.53088
-3.1699295
-2.7507668
-2.8964653
-2.7534027
-2.4728508
-2.6665115
-2.3996124
-2.5099182
-2.6633873
-1.6020851
-0.8794365
-1.4264565
-1.2810745
-0.747139
-1.0398293
-1.2102013
-0.61945343
-0.6185379
-0.29211807
0.044654846
-0.36881256
-0.32377243
-0.47900772
-1.0575485
-1.2955742
-1.059269
-1.0431747
-1.0662384
-0.97312164
-1.8624725
-1.4272652
-1.9579506
-2.8197174
-2.2967567
-2.251297
-2.5175362
-2.3839836
-2.4926605
-1.9005051
-2.5785751
-2.0822487
-1.9758759
-1.4256096
-2.1609192
-1.6268082
-1.4327507
-1.3759232
-1.1582718
-0.6716156
-1.1791115
-1.0147209
-1.4677505
-1.8327217
-1.6003304
-1.9330063
-0.7287636
-1.9907646
-1.7952919
-1.216774
-1.8367462
-1.1493683
-0.80758286
-1.1733475
-1.2540054
-0.6909294
-0.90140533
-0.6215439
-1.2141571
-0.8661766
-1.3459625
-1.051857
-1.4000549
-1.0349846
-1.0396461
-1.7577095
-1.9611588
-1.7146873
-2.465744
-2.2476692
-2.5925255
-2.0287704
-2.266735
-2.2379723
-1.8989067
-2.1995544
-2.119999
-2.4981728
-2.3620682
-2.3830795
-1.7588234
-1.7788658
-1.6388397
-1.2989502
-0.7940674
-1.2593842
-0.9212761
0.90567017
-0.20353699
0.32408142
0.026180267
-0.34460068
-0.21090698
-0.08868408
-0.021652222
0.01992035
-1.0483322
-0.67318726
-1.3346939
-1.135849
-1.8390884
-1.6588669
-1.7286949
-1.7728043
-1.3325386
-2.4624825
-2.544014
-2.0979118
-2.381668
-1.7551727
-2.724327
-2.3205032
-2.0220375
-1.9878349
-2.1467514
-2.1705513
-1.8595161
-1.7131767
-1.4311752
-2.2844849
-2.329525
-1.6944427
-1.1145439
-1.5658493
-1.1804161
-1.2305527
-1.2553482
-1.4509048
-0.7867851
-0.6848297
-1.3097
-1.500782
-1.4317703
-1.2584038
-1.572052
-1.2481995
-1.348053
-1.6402359
-1.2285423
-1.3140106
-0.6494484
-0.81246567
-0.85232544
-0.15070343
-0.47296524
-0.47792435
-0.9428749
-0.73856354
-0.71251297
-0.09302902
-1.1050262
-0.19575119
-1.1375504
-1.4279366
-1.1618309
-1.3566475
-1.5225639
-2.673088
-2.1728325
-2.2605743
-2.1928215
-2.0185966
-1.7807808
-1.9318619
-1.0658531
-1.5379448
-1.4086609
-2.146305
-0.9165497
-0.87592316
-0.9190712
-0.38129425
-0.49942398
-0.55651855
-0.3338318
-0.046722412
-0.80864334
-0.04505539
-1.3661804
-0.9654732
-1.4297943
0.05883789
-1.340786
-0.9660721
-1.4496346
-1.386673
-1.532238
-1.8524857
-1.5668564
-1.5901642
-1.5328865
-1.5937157
-1.0127678
-1.1776009
-1.3930054
-1.0896606
-0.6695862
-0.74181366
-0.85617447
-0.54371643
-0.76737976
-0.8345413
-1.1472282
-1.2046738
-0.54937744
-1.5530548
-1.2202301
-1.4189377
-1.5099983
-1.7595367
-1.1234627
-1.2870483
-0.88394547
-1.385212
-1.0176048
-0.8726578
-1.2023544
-0.8099785
-0.9035263
-1.1670265
-0.90859604
-0.87010956
-1.0554924
-1.1028862
-1.4497108
-1.2466812
-1.2576447
-1.3734207
-1.2640076
-1.5233078
-1.4590836
-1.098732
-0.9437866
-0.69405365
-0.6653633
-0.53775024
-0.38175583
-0.84711075
-0.4324913
-0.22279358
-0.12693787
-0.52392197
-0.0928421
-0.71380997
-1.1528473
-0.51073456
-1.1336861
-0.6749344
-0.81578064
-1.4729156
-0.42412186
-0.9611244
-1.4070473
-1.2538528
-0.96765137
-1.458931
-1.2018814
-1.2700996
-1.3420258
-1.2052345
-1.0429764
-1.1574593
-1.4124947
-1.7919502
-1.3371086
-1.4741898
-1.1503258
-0.9384346
-0.9728012
-0.7192917
-0.57605743
-1.0846977
-1.210186
-1.1065941
-1.1486549
-0.22042847
-1.2186775
-1.473484
-0.97208786
-0.69701004
-1.3931427
-1.2759132
-1.0444374
-0.9291229
-1.2684746
-0.90789795
-1.3510742
-1.2905235
-1.0800056
-0.6724663
-1.025917
-1.7719803
-1.2774048
-0.8678093
-0.9507637
-1.1980553
-1.0188026
-0.6474533
-0.61808777
-1.091362
-0.9609337
-0.7500534
-0.44543839
-0.18227768
-0.31479645
-0.29833984
-0.5443077
-0.2339859
-0.58693695
-0.2937851
-0.4946251
-0.9875221
-1.1242294
-1.2704506
-1.088501
-1.9500504
-1.5206375
-2.0075378
-1.2629051
-1.3529472
-1.3721275
-0.99845123
-0.36841965
-0.6661606
-0.9571762
-0.4681816
-1.0476646
-0.75522614
-0.813427
-0.64909744
-0.47681427
-0.60198975
0.10309219
-0.88978195
-0.26541138
-0.89941406
-0.97978973
-1.439331
-1.1158981
-1.0851364
-1.5963821
-1.8592987
-1.2854996
-1.7117615
-1.3839874
-1.5545845
-1.6762466
-1.4568977
-1.1164055
-0.79956436
-0.6554909
-1.0990906
-0.4981041
-0.62120056
0.4287033
0.5231323
0.20558548
0.19242477
0.0386734
0.3946724
-0.18170166
-0.2453537
0.30587006
-0.9116554
-0.8349724
-0.9748764
-1.6381073
-1.6681976
-1.5217857
-1.5977058
-1.5115929
-1.97332
-1.7313385
-1.0912399
-0.34972382
-1.0448265
-1.0090599
-1.3640366
-0.9921417
-0.58929443
-0.09088898
-1.106842
-0.6718483
-0.554245
-0.81144714
-1.0661316
-1.4414978
-1.312439
-1.1678123
-0.6208916
-0.36175156
-0.40465546
-0.5322914
-0.5635643
-0.49110413
-0.29101944
-0.5745163
-0.2690277
-0.06727219
-0.5225792
-0.25551224
-0.5803032
-0.4134102
-1.0833168
-0.6467018
-1.1119423
-1.0366135
-1.1394882
-0.93299866
-0.6610794
-0.89658356
-1.0462265
-0.7897186
-1.5596085
-1.0416183
-0.84752655
-0.5089264
-0.7406235
-0.3637619
-0.54219055
-0.91446686
-0.8197403
-0.96255493
-0.88446045
-0.90652466
-1.1608505
-1.2317314
-1.0486298
-1.598465
-1.7045212
-1.7288055
-1.1783943
-1.2610397
-1.7047958
-1.5448608
-1.016243
-0.5535126
-0.9250221
-0.4048233
-0.24379349
-0.50655746
-0.274765
0.6045189
0.5800743
0.89754105
-0.019226074
0.4472847
0.41324234
-0.19304276
-0.2977028
-0.8759346
-1.1058693
-1.0995178
-1.1313095
-1.7832947
-1.8668594
-1.6106262
-1.2922745
-1.2532616
-0.6863251
-0.8828392
-0.29418564
-0.20317078
-0.2926979
-0.099292755
-0.27340698
-0.6492233
-1.0306091
-0.94472885
-0.562973
-0.5556412
-1.1751633
-0.38976288
-0.67409897
-0.25032806
-0.83086395
-0.68580246
-0.8605194
-0.5931244
-0.5144539
-0.5419922
-0.28445816
-0.5116997
-0.050136566
-0.14311218
-0.3146019
-0.72948456
-0.46579742
-0.8372383
-0.2940483
-0.7087288
-0.9404564
-1.2735329
-1.036705
-1.8082008
-1.6363754
-1.668602
-1.7280769
-1.818325
-2.1832771
-1.571392
-0.8772545
-0.8212509
-0.5409813
-0.85137177
-0.21549606
0.3339615
-0.007411957
0.29369354
0.4081955
0.7230911
0.19779205
-0.0851593
-0.41900253
-0.75543976
-0.47114944
-0.75969315
-0.49488068
-0.74458694
-1.0326309
-0.8233032
-0.64559555
-0.9000282
-0.8192673
-1.1923103
-0.6962738
-0.7528
-1.1908035
-0.476429
-0.41262436
-1.0118828
-0.70537186
-0.24927521
-0.17450333
-0.61032104
-0.17769623
-0.30093384
-0.09087372
-0.36244965
-0.6986847
-0.14342499
-1.3104401
-1.2738609
-1.4918289
-0.8895874
-0.7137642
-0.57170486
-0.4958763
-0.059360504
-0.44755554
0.13747406
-0.60556793
-0.5390167
-0.5189018
-0.62646866
-0.53512955
-0.61286926
-0.8926964
-0.4931755
-0.75556946
-0.49722672
-0.8585663
-0.64950943
-1.0234451
-0.8373833
-0.8665161
-0.6890831
-0.89370346
-0.45417786
-0.9816971
-1.2612419
-1.0908661
-0.53738403
-0.970459
-0.6500015
-0.6290779
-0.24060059
-0.30130386
-0.4690323
0.013870239
-0.5706825
-0.081848145
-0.35232544
0.23862839
-0.2847824
0.13550949
-0.22215271
-0.13182068
-0.24949265
-0.11067581
-0.16165543
-0.45462418
-0.9624748
-1.1055069
-1.502533
-1.0661125
-0.34988022
-1.2345963
-0.7830734
-0.88105774
-0.84903336
-0.80882645
-0.94744873
-0.6920967
-0.4328041
-0.4919243
-0.20731354
-0.45064926
-0.29062653
-0.15927124
-0.110126495
-0.22247696
-0.8541069
-0.83741
-0.54091644
-0.5974541
-1.128849
-1.0278435
-0.881382
-1.0369339
-1.0686531
-0.5999527
-0.3826294
-0.5024872
-0.40771484
-0.42617035
0.058307648
0.40906525
0.39754105
-0.2622757
-0.18545532
-0.010322571
-0.21250153
0.056423187
-0.42943573
-0.5321121
-0.5747986
-0.7442131
-0.74490356
-0.6630783
-0.4373436
-0.69168854
-0.6656761
-0.60873413
-0.4795723
-0.82769775
-0.56427
-0.6802368
-0.5443306
-0.8006897
-0.6192131
-0.8652153
-0.7858391
-0.5798416
-0.76976776
-0.8183594
-0.63988113
-0.37924194
-0.56378555
-0.5771675
-0.8511505
-0.8065491
-0.59516907
-0.12976074
-0.17002487
-0.29680252
-0.12668228
-0.25634766
-0.31637192
-0.5905266
-0.9281502
-0.6185112
-0.27698135
-0.8370781
-1.0249214
-0.5904007
-0.054008484
-0.29673004
-0.8717842
-0.3454399
-0.07498169
0.30754852
-0.5763855
-0.09093857
-0.38654327
-0.22978592
-0.1386261
-0.54325104
-0.6334648
-0.2530899
-0.9359894
-1.0328712
-0.7167053
-0.9752846
-1.0618439
-1.0565681
-1.2228737
-0.74624634
-1.0676689
-1.1058693
-0.75268555
-0.12675858
-0.36485672
-0.48526
-0.3099594
-0.12960815
-0.32434082
-0.046958923
-0.07403183
-0.59135437
-0.56046677
-0.11324692
-0.017795563
-0.020500183
-0.27510834
0.45332718
-0.012264252
-0.3645668
-0.26025772
-0.57811356
-0.5892143
-0.43680954
-0.7560158
-0.6033783
-1.3544502
-1.176197
-1.1438866
-0.99479675
-0.98126984
-0.44226837
-0.8286247
-1.2291756
-1.070652
-1.0770721
-0.05329132
-0.6199646
-0.17560577
-0.094940186
-0.31550217
0.014347076
0.07855606
-0.26858902
-0.1307602
0.3585472
-0.4573593
-0.14592361
-0.1885376
-0.44361496
-0.51034164
0.15924454
-0.48062134
-0.0030784607
-0.49650574
0.25870132
-0.057556152
-0.690403
-0.73400116
-0.98101425
-0.73020554
-0.8629837
-0.71364975
-0.52610016
-0.2605629
-0.313694
-0.028202057
-0.54691696
-0.64458084
-0.6814041
-0.6588898
-0.10422516
-0.3301201
-0.49676132
-0.41708374
-0.59864044
-0.8106804
-0.6439934
-0.85123444
-0.54845047
-0.25632095
-0.3691826
-0.48872757
-0.223629
-0.157444
-0.30267715
0.051513672
-0.2862816
-0.5184059
-0.113780975
-0.32630157
-0.9875603
-0.41693497
-0.60640335
-0.25540924
-0.3875847
-0.30709457
-0.14732742
-0.14686584
-0.814415
-0.77210236
-0.81752014
-0.6084976
-0.4037857
-0.53848267
-0.28533173
-0.38676453
-0.12213898
0.021606445
0.307518
0.31639862
0.3954544
0.18990707
0.07145691
-0.62322235
-0.7523651
-0.72504425
-0.9303055
-0.935833
-1.2624435
-1.0149117
-0.710186
-1.2221031
-1.2217789
-0.624588
-0.8040581
0.025024414
0.47067642
-0.16699982
0.29699707
-0.13120651
0.07231903
0.6951523
-0.017166138
0.021614075
-0.40031433
-0.21279144
-0.4864998
-0.3807106
-0.76794434
-0.3856964
-1.060154
-1.1236992
-1.0243683
-0.4104576
-0.24679565
-0.8246727
-0.38187408
-0.09532547
0.0146484375
-0.10791397
-0.21269226
-0.23091125
-0.07499695
-0.42848206
-0.3395958
-0.07888794
-0.42019653
-0.55078506
-1.0048027
-0.67354584
-0.5582619
-0.54392624
-0.8866577
-0.44174194
-0.77773285
-1.0119476
-1.0181465
-0.04882431
-0.49503708
-0.30200577
-0.34069443
0.11824417
-0.44242477
-0.355587
-0.5193634
-0.096149445
-0.13567352
-0.44786072
-0.21967316
-0.22856522
0.00046539307
-0.31430817
-0.26101303
-0.11475372
-0.03645706
-0.519722
-0.4553795
-0.1660881
-0.14117432
0.23357391
-0.40083694
-0.68707657
0.07538605
-0.552372
-0.4078064
-0.23203278
-0.35314178
-0.48734665
-0.3412094
-0.9977722
-0.7887268
-0.42144012
-0.7594452
-0.6268959
-0.44410706
-0.4596367
-0.5180969
-0.21479797
-0.094940186
-0.22565079
0.16653442
0.30073547
0.091171265
0.020298004
0.47490692
0.16274643
-0.09859085
-0.29120255
-0.98770905
-1.2018852
-1.4828339
-0.5428772
-0.8027611
-0.47130203
-0.36748123
-0.42878723
0.15106583
-0.18691254
-0.5913811
-0.14808273
0.41060638
0.43955994
-0.036125183
0.056209564
-0.18722534
-0.51379776
-0.79691696
-0.9771843
-0.602932
-0.4444008
-0.5689697
-0.6904564
-0.3309784
0.32586288
-0.24186707
0.23525238
0.21656036
0.30827713
0.26442719
0.25159073
0.18092728
-0.34579468
-0.7851715
-0.15426636
-0.65821457
-0.9559288
-0.824913
-0.92149734
-0.44313812
-0.7776947
-0.617157
-0.29615402
-0.48594666
0.04450226
-0.4136467
-0.4307518
-0.3701744
-0.45340347
-0.3920517
-0.9253845
-0.9034996
-0.068222046
-0.35518646
0.03419876
-0.104148865
0.12029648
-0.08205414
0.14715576
-0.28757095
-0.4668579
-0.18819427
-0.1665268
0.0046043396
-0.24383926
0.03976059
-0.82974243
-0.06373596
-0.22964478
-0.39339828
0.3360443
0.065914154
-0.22797775
-0.13074112
-0.20183182
0.29800415
-0.446373
-0.10210419
-0.32069778
-0.3002205
-0.19254303
-0.8313217
-0.6972008
-1.1916428
-0.34225082
-0.84303665
-0.7856369
-0.5092125
-0.6139145
-0.3501892
0.38690567
0.32981873
0.075092316
-0.40120697
-0.53995895
-0.6687355
-0.00077819824
0.010669708
0.04269409
-0.12520981
-0.44316864
-0.5758934
-0.3346634
-0.19543457
-0.3544197
-0.124320984
-0.31500244
-0.49684525
-0.51303864
-0.48072433
-0.47439194
-0.07449722
-0.43034363
0.18122864
-0.23379135
-0.3724022
-0.47370148
0.008838654
-0.18686676
0.0019073486
-0.10118866
-0.24082184
-0.025665283
0.23898315
-0.39836502
0.025577545
-1.1628952
-0.45629883
-0.62568665
-0.22361374
-0.77698517
-1.2628288
-0.7128601
-0.743412
-0.3650856
-0.38043213
0.025131226
-0.27316666
-0.044448853
0.05882263
0.14554596
-0.10549545
-0.02445221
-0.045021057
-0.036197662
-0.19796753
-0.39360046
-0.34698486
-0.12676239
-0.20537567
-0.083221436
-0.28739548
-0.37187195
-0.27889633
-0.60310745
-0.8106003
-0.5183182
-0.6125717
-0.47811127
-0.1965065
-0.70196915
-0.07911301
0.15291214
-0.050800323
0.33091354
-0.08306122
0.38129807
0.288414
0.65577316
-0.11987305
0.07923889
-0.2531128
-0.39279938
-0.572361
-0.7003975
-0.6138725
-0.6780281
-0.43710327
-0.48823547
-0.20188522
0.13337708
-0.4176712
0.26917267
0.10464859
0.4664917
-0.5231514
-0.70505905
-0.28829956
-0.3509407
-0.69327545
-0.5447922
-1.2193642
-0.8012047
-0.7768097
-0.7795372
-0.667572
-0.025283813
-0.43974304
-0.10585022
0.08975601
0.95999146
0.49176788
0.518425
0.8132019
0.28458405
-0.0019264221
-0.28780746
-0.90961075
-0.6812172
-0.21042252
-0.7722931
-0.26888275
-0.45915985
-0.15524673
-0.06437683
-0.3700714
-0.44026566
-0.5092583
-0.25421524
0.087688446
-0.30258942
-0.04831314
-0.13869476
-0.35186768
-0.2691574
-0.29898453
-0.8075485
-0.3384285
-0.50743103
-0.10764694
0.055755615
-0.35603333
-0.7969017
-0.41828156
0.059692383
-0.5018921
-0.2631607
0.032691956
0.31868362
0.38957977
0.0009803772
-0.23250961
-0.18568802
-0.30762863
-0.45262146
-0.44441605
-0.3419876
-0.19835281
-0.6686287
0.15541458
-0.43190002
0.23421097
-0.41854095
-0.56547165
-0.6501465
0.0069236755
-0.1393776
-0.037425995
0.38521957
0.03916931
0.09088898
-0.05816269
0.62942886
0.5052223
0.050178528
-0.14655685
-0.17622757
-0.2806015
-0.9387474
-0.88772583
-0.8356743
-1.1047707
-0.52292633
-0.939621
-1.1870041
-0.63108826
-0.5771179
0.10739136
0.2657585
0.41625977
0.4541626
0.26353455
0.28105164
0.36159897
0.25076294
-0.29893875
-0.47932434
-0.33790207
-0.9397507
-0.816803
-0.33177185
-0.428936
-0.09869003
-0.18566513
-0.15454865
-0.42002106
-0.006641388
-0.09519577
0.13293076
-0.1263237
-0.40717697
-0.15835953
-0.54346085
-0.7535591
-0.53627014
-0.3396454
-0.3163452
0.049282074
0.30100632
0.3042183
0.018138885
0.17658234
0.16102982
0.07484436
-0.13919067
-0.5517616
-0.7807007
-0.41271973
-0.67069626
-1.040554
-0.8279877
-0.63235855
0.09341812
0.05714798
0.09168625
0.19662476
0.13954544
0.03694153
0.19387436
0.14264297
-0.86595154
-0.09612274
-0.22431946
0.28893661
0.29467773
0.46047974
0.19623184
0.2704773
0.24033737
-0.19654846
-0.035346985
-0.7925949
-0.5259247
0.006832123
-0.9683533
-0.648674
-0.65299606
-0.23732758
-0.65029526
-0.66724014
-0.7249489
-0.7101402
-0.033180237
-0.3004074
-0.3917427
-0.3093834
-0.089668274
0.7599144
-0.20048523
0.33707428
0.73244476
0.50341415
0.17398834
0.0021476746
-0.470356
-0.02086258
-0.116039276
-0.16403961
-0.2557602
-0.6148758
-0.53899384
-0.8676834
-0.5565529
-0.35007477
-0.39879608
-0.24146271
0.016326904
0.13960266
0.5213814
-0.04417801
0.71242523
0.45099258
0.5122719
0.4459648
-0.15082932
-0.14353943
-0.87664413
-0.46751785
-0.52920914
-0.8259964
-0.50878143
-0.50959396
-0.3434143
-0.7054901
-0.27485657
-0.22758102
0.20685959
0.08826828
-0.19026566
-0.6701126
-0.5529251
-0.5202446
-0.06468582
-0.43063736
0.0887413
-0.22291565
-0.1555481
-0.40713882
-0.22817993
-0.34501648
-0.18760681
0.32134247
-0.045181274
0.0637207
0.63389206
0.6089058
0.076187134
0.37415314
0.39574814
-0.11538696
0.55669785
0.25571442
-0.11408234
-0.5116234
-0.70666504
-0.60596466
-0.73355865
-0.809227
-0.87511826
-1.6150246
-1.3605232
-0.66568756
-0.5590172
-0.6605263
-0.49198914
-0.04128647
0.31614685
0.6503067
0.6003685
0.88376236
0.75590515
0.50575256
-0.19426346
-0.13882828
-0.059345245
-0.2086258
-0.50161743
-0.4727745
-0.007446289
-0.25194168
-0.4010353
-0.18785095
0.11792374
0.013458252
-0.0512619
-0.22708893
-0.17018127
-0.35493088
-0.08509827
-0.4044609
0.010059357
0.023986816
-0.49925995
-0.4418335
-0.2105217
-0.61901474
-0.5011406
0.12945557
-0.13559341
-0.4291153
0.60157776
0.26502228
0.32780075
0.150383
0.031921387
0.42347336
-0.08293915
-0.16923904
-0.1955986
-0.6755295
-0.6593895
-0.25535583
-0.62605286
-0.3169403
-0.06990814
-0.13379288
0.10734558
0.15402222
0.120407104
-0.4478798
-0.5425949
0.06985855
-0.65406036
-0.105968475
-0.43226242
-0.29672623
-0.2215271
-0.09736633
-0.5401039
-0.03413391
0.46533585
0.6349335
0.23194122
0.08405304
-0.20593643
0.1604538
0.04314041
-0.29172134
0.07431793
-0.31987762
-0.40311432
-0.14760208
-0.5809555
-0.48572922
-0.13780975
0.0698967
-0.32692719
-0.110191345
-0.33994675
0.4603424
-0.023612976
-0.23085403
-0.33806992
-0.7424431
-0.23087311
0.031345367
-0.9324837
-0.046848297
-0.3079605
-0.41173935
-0.28570557
-0.330101
-0.052143097
0.044979095
-0.41918182
-0.050216675
0.40058517
0.024692535
-0.06929779
0.37493896
0.38063812
0.17962265
0.49887085
0.53879166
0.08677673
-0.16690826
-0.72509766
-0.9724083
-0.50063705
-0.44617844
-0.76348114
-1.2149734
-0.18759537
0.38703156
0.5538292
0.47209167
0.35382843
0.31989288
0.21220398
0.037261963
-0.1942215
0.0866127
0.08426666
0.23147583
-0.012226105
-0.61034393
0.0015335083
-0.08557892
-0.29317093
-0.087371826
-0.20817947
0.13658142
-0.16371918
-1.0688324
-0.33800125
-0.43260193
0.20240784
-0.41755295
0.36904526
0.53253174
-0.12520218
-0.16780472
0.30677032
0.059043884
-0.16331482
-0.33652496
-0.8088684
0.28928757
-0.4531746
-0.4936905
-0.12799454
-0.35181046
0.13785934
0.06345749
0.07337952
0.036418915
-0.4174347
0.21113586
0.12239456
0.12995148
0.39173126
-0.18029404
-0.011238098
-0.240242
0.29063034
0.021514893
-0.39734268
-0.46363068
-0.17917633
-0.33808517
-0.26199722
-0.72706985
-0.4783821
-0.42577744
-0.46825027
-0.044506073
-0.089481354
-0.026435852
-0.7267494
0.039783478
-0.40245438
0.04170227
-0.134758
-0.08094406
0.08053589
0.45367432
0.06549072
0.6712074
1.0621338
0.22740555
0.25141144
-0.14778519
0.2372818
-0.3890648
-0.3266983
-0.5935173
-0.73376465
-0.49656677
-0.6679268
-0.55550385
-0.3447113
0.5753288
0.20615387
-0.54390717
-0.13197708
-0.071250916
0.011707306
0.21264267
0.06394577
0.031440735
-0.8400841
-0.32229614
0.2100296
0.38899612
0.5102463
-0.1599617
-0.21652222
-0.20606232
-0.47270584
-0.3944893
-0.77963257
-0.5586548
-0.8347969
0.20157242
-0.14179611
0.1410675
0.39773178
0.5947418
-0.038188934
0.4304886
0.46068573
0.0037155151
0.095905304
-0.06402588
-0.66482544
-0.60853577
-0.22874069
-0.42192078
-0.20590591
0.062812805
-0.046592712
0.356102
0.7339783
0.067237854
0.51530457
-0.52824783
-0.11568451
-0.49137115
-0.34870148
0.03370285
-0.60025024
-0.8684082
-0.64076614
-0.408947
-0.19631958
-0.008934021
0.443985
0.8233452
-0.024921417
0.5102501
0.06881714
-0.28100586
0.22399521
-0.059848785
-0.684639
0.24321747
-0.39030838
-0.55218506
-0.3849907
-0.67923737
-0.6861305
-0.45762253
-0.081085205
0.40264893
-0.2570572
0.2542801
0.31126785
-0.16123962
0.6370239
0.36405182
0.4185562
-0.19052124
-0.24620819
-0.24804306
-0.39513016
-0.27373886
0.41223907
-0.6492691
-0.25616837
0.042282104
0.577652
-0.44108582
-0.43510437
0.051574707
-0.35279083
-0.83119965
-0.43153763
-0.2574463
-0.1968956
-0.27024078
-0.1442604
0.35604858
0.6097374
0.56320953
0.648674
0.7503662
0.43432617
-0.13591003
-0.35092926
-0.0722847
-0.79805374
-0.7341347
-0.4515381
-0.655159
-0.6478386
-0.034832
0.631588
0.3536873
0.09378433
0.054145813
-0.03541565
0.115299225
0.11806488
0.36648178
-0.42604446
-0.086704254
-0.3462143
-1.0611763
-0.29901123
-0.43601608
-0.6152458
-0.37762833
0.40274048
0.16193771
-0.27173996
0.1091423
0.67591476
1.3894539
0.21258163
0.07154846
-0.070049286
0.04220581
-0.47061157
-0.8481674
-0.7837715
-1.1613541
0.24419403
0.36006546
0.0041275024
0.6070328
0.13685608
0.2932434
0.1448021
-0.4247818
0.25074768
0.39358902
-0.3930359
-0.63350296
-0.4942131
0.64387894
-0.39445114
-0.25232697
-0.15552902
-0.16358566
0.14795303
0.6965561
0.3126297
-0.061870575
0.10588837
-0.3093567
-0.09220886
-0.4920845
-0.13893127
-0.7604408
0.14854431
0.11195755
0.11736679
-0.40730667
0.48976517
-0.19476318
-0.20880127
-0.3006401
-0.27091217
0.36340332
-1.0039787
0.055171967
0.765419
0.18337631
0.17029572
0.08215332
0.4608307
0.23088074
0.030723572
-0.10096741
0.061511993
-0.103832245
0.0006752014
-1.6062241
-0.6830292
-0.3477249
0.16345978
-0.16958618
0.49713898
0.39182663
0.43284225
0.049625397
0.06011963
0.15964508
-0.8199539
-0.40124512
-0.13256836
0.061000824
-0.050819397
-0.2307396
0.028865814
-0.3337822
0.6557579
0.08390427
-0.012882233
0.70311356
-0.43990707
0.027950287
-0.1404953
0.467556
-0.09544754
0.4010849
0.06549454
-0.07278824
-0.16272354
-0.8855171
-0.031902313
-0.6671562
0.35530853
0.69823456
0.53125
-0.27356339
0.072063446
0.02766037
-0.75992584
-0.2942314
-0.5616684
-0.8382492
0.04692459
0.3382988
0.1912117
-0.33828354
0.42860413
0.10469818
-0.24445724
-0.34788513
-0.25231934
0.39878082
-0.014419556
-0.05227661
0.43803406
0.7294426
-0.5591583
-0.32662582
0.55537033
-0.64216614
-0.093639374
-0.327034
-0.6281624
-0.16759491
-0.053504944
-0.88181305
0.038219452
0.48830795
1.1779442
0.52669907
0.6880455
-0.059841156
0.29626083
-0.040534973
0.43301392
-0.24329376
0.07614899
-0.07509613
-0.375988
0.1647377
-0.55350876
-0.36166382
-0.1471138
-0.26259995
-0.42245102
0.14463043
0.08705521
0.24837875
0.081329346
-0.72558594
-0.30264282
0.52648926
-0.3479538
0.8188286
0.9140549
-0.027610779
0.253891
0.16250992
-0.09896088
-0.70391846
-0.68188095
-0.7524185
-0.4204712
0.20148087
0.006427765
-0.19791412
-0.14633942
0.70202255
-0.34160995
0.7309456
0.116825104
0.40600586
0.26093674
-0.26112747
0.20243835
0.44839478
-0.266716
0.17292404
-0.4189186
0.051380157
-0.37464142
-0.15045929
-0.22710037
0.18411636
-0.15991974
-0.43896866
-0.5768318
-0.14533997
-0.5344124
0.2491417
-0.22487259
0.9439087
0.8064041
-0.31200027
0.46219635
0.2982216
-0.67245865
-0.9093056
0.11677551
0.7332039
-0.5611763
-0.2370224
0.16944885
-0.14646912
0.8670883
0.18524551
-0.25109482
-0.63820267
0.32201385
0.7719078
-0.32196045
0.21663666
0.6730118
-0.23413849
0.01210022
-1.171917
0.30134583
0.008460999
0.025043488
0.5124588
-0.08168411
0.21637726
-0.016986847
-0.41567612
0.044094086
0.31847
-1.0236893
0.4838524
0.90825653
0.44803238
-0.7095413
-0.15839005
-1.1300049
-0.37415314
-0.26294708
-0.040260315
0.049167633
0.22764587
1.4393158
0.41294098
0.6545563
-0.51358414
-0.3939705
-0.3734169
-0.073833466
-0.2702484
-0.03049469
-0.019039154
0.40902328
-0.6298294
-0.2730484
1.1141014
-0.26760864
0.5603714
-0.09729004
0.55612564
0.4435234
0.54019547
-0.47543716
-0.5470238
-0.5210686
-0.96803665
-0.85848236
-0.14150238
0.26786423
0.84449005
0.20087433
0.51103973
0.3751831
0.5203209
0.74604416
-0.115932465
-0.85404205
-1.0722237
0.23416138
-0.061904907
-0.19119263
-0.36094284
-0.39376068
0.39603043
0.0990181
0.26060486
-0.39966202
-0.047431946
0.47444534
0.50476074
0.23215485
0.05530548
-1.2565193
0.30485916
-0.70643234
0.6379967
0.696682
-0.15385056
-0.10154343
0.44473648
0.26504898
0.61559296
0.77339554
-0.636528
-1.1547737
-0.49539566
-1.1022034
0.8135834
-0.10838699
0.8698082
-0.13837051
2.0830307
1.1871834
0.66968155
-1.0917969
-0.7260628
-1.1736336
-0.70573425
-0.42410278
-0.5018158
0.2670822
-0.353405
1.567173
0.5935402
1.1428261
-0.54545975
0.38503647
0.26794434
-0.30164337
-1.0773964
-0.91675186
-0.5364456
0.090732574
0.23588943
0.08387375
0.16362381
-0.09417343
-0.030002594
-0.26300812
0.21761703
1.4181328
0.22278214
-0.13630295
-0.27177048
0.23311996
0.7181473
-0.24282074
-0.28670883
0.07373428
0.14598846
-0.5930519
-0.62999344
0.0580101
-0.19722366
-0.16199112
0.54439926
0.73272324
1.6923866
-0.21180344
-0.6241684
0.7130928
-0.46572876
-1.0231972
-0.37988663
0.20016861
-0.6410103
0.199337
-0.12198639
-0.2114029
0.88754654
-0.17462921
0.21364594
0.28574753
-0.010169983
-0.34682846
0.039711
-0.113464355
0.4873848
0.3685341
0.38783264
0.010284424
-0.8552017
-0.49569702
-0.29203415
-0.5095825
1.0796738
0.2504158
1.8807106
1.4187698
0.0023956299
-0.56272125
0.08753967
0.21761703
-0.78575516
-0.31394958
-0.8907738
-0.6412544
0.484169
-0.38336945
0.66672134
0.25562668
1.3673439
0.37137222
-0.84278107
0.21542358
-0.6856842
-0.316494
0.65006256
0.8141098
0.35900116
0.590786
0.56240463
-0.6494942
-0.16742325
-1.5235176
-1.0807266
-0.6469765
0.8621712
0.39326477
1.577961
1.4516754
0.51156616
0.168396
0.23549652
0.3231964
-1.3636093
-2.3828468
-0.6865616
0.18211746
1.4737473
0.8388519
0.31466293
-0.87991714
0.20188904
1.0069084
-0.25411606
0.49004364
0.46062088
0.78993607
-0.2224884
0.56630325
-1.6451683
-0.44864273
0.8358574
0.63168335
0.1557846
1.0514565
-1.0629005
-0.6955948
-0.36010742
0.26242828
0.9804268
0.1305542
0.66425705
1.1873741
0.09330368
-1.0761032
-0.9316673
0.6025505
-0.7410927
-0.6996422
-1.0715218
0.665184
0.012138367
0.35896683
-0.59934616
2.555748
0.8684349
1.0853119
0.9134903
0.5296669
-0.45565796
-0.73778915
-0.88007355
-1.2094078
-0.31606674
-0.09909439
0.36502075
1.0378876
0.59096146
0.1687355
0.29178238
-0.31494904
0.09947586
0.07313919
-0.8454323
-0.10577774
0.039367676
0.21635437
0.3464508
-0.9114075
0.34238434
1.0443993
-0.6958275
-0.23299408
0.64666367
-0.29914093
0.16835022
-0.12242508
0.5036545
0.63319397
0.6051216
0.80828476
0.14748383
-1.2251892
-0.43769836
0.15125275
0.26215744
0.7056122
0.7140541
0.7469559
-0.8821411
-0.8264694
0.7184944
0.81194305
0.9488449
0.2750969
-0.09106827
0.15623856
-0.5038452
-0.21155548
1.2528152
0.6181793
0.011062622
-0.28546143
-0.7351837
-0.1335144
0.015693665
0.5438118
-0.95453644
0.94348145
-0.11997604
0.17884064
0.04453659
2.185421
-0.48399734
-0.5480385
-0.012493134
0.028232574
-0.71440506
0.5926399
0.8141098
0.40428543
-0.52682877
0.48694992
-0.9602814
0.5981827
-0.30913544
-0.39624405
1.08535
1.06567
0.79499817
-0.7715759
0.7638016
-0.09737015
-0.56625366
0.88939667
-0.06852341
-0.4971161
0.15950775
0.5927048
-1.5420303
-0.30858612
-1.0479851
0.09378052
0.12734604
0.2740326
1.5049477
2.345871
0.91345596
0.5797844
-0.06484604
-1.0104713
-0.91680145
-1.2293549
0.02135086
0.6242943
1.2903786
0.601532
0.7214012
2.4370613
0.53907776
0.16168976
-0.23041153
-0.85380936
-0.97008514
0.106170654
1.3880539
1.0278206
-0.17255783
-0.105579376
-0.064193726
-1.177803
-1.7651634
-0.81645584
0.8443947
0.9052849
0.18541336
0.80498505
2.1451683
0.43540192
0.3294449
-1.2329674
-0.91109085
-1.3318024
-1.762455
0.23176956
0.736454
3.139248
1.6597786
0.2764206
-0.17838287
-0.83779144
0.3124466
-0.6107254
-0.63599396
0.25640488
0.17161942
1.3652458
1.4630432
1.5787201
-0.023269653
-0.17600632
-1.2258301
-1.600483
0.7857437
-0.6408844
0.58161163
-0.9959984
1.0371819
1.5368385
-0.27685547
0.12019348
0.6623497
-0.3306694
0.089660645
0.68766403
0.13913727
-1.6886635
-0.91238785
-0.5193634
0.7272682
1.3815498
1.9403191
-0.21919632
0.33722687
1.5017395
-1.0894203
-0.9805527
-1.4818192
-0.16574478
0.060214996
1.6794624
1.5023155
-0.44817734
-0.4268036
0.7416458
0.086257935
0.6746597
-0.8935509
-1.0785294
0.563118
0.54761124
1.562088
0.11291504
1.6125526
0.6465111
0.50639725
-0.9875183
-1.653389
-0.966259
1.8361206
0.3748474
1.71315
-0.088264465
0.9294777
-0.8308182
-0.3670845
-0.16173553
1.2240753
0.6278801
0.34166336
1.6409836
1.4851265
-1.1515884
-0.6523056
-2.980362
1.0533714
-1.6441078
-0.6585922
2.367813
3.0461006
1.6002007
-0.026649475
-0.6529312
-1.5895958
-0.0024299622
-0.57590485
-1.7273064
0.054836273
0.89398956
1.8369408
1.1625824
1.9582443
0.9494591
1.1285477
0.65839386
-0.510479
1.1077576
-2.0597153
-1.3506927
0.2519493
0.22000504
0.88092804
-2.9327507
1.2909622
