775.75
430.58594
117.15234
92.58154
52.901367
42.208008
38.50049
37.95508
46.16211
37.67383
35.38745
29.50293
24.111572
30.322754
23.239746
23.629639
22.381348
24.41626
21.373047
18.880127
15.170898
13.901367
14.544678
14.491699
12.286621
11.214233
10.870728
8.578125
7.4157715
6.001953
6.609131
6.3530273
3.8826904
6.6988525
5.150757
4.975708
4.5603027
2.8283691
3.4836426
2.7624512
2.7575684
3.0335693
1.723877
1.8162231
2.0877686
2.4851685
1.8085327
1.1155396
1.8838501
1.564148
2.1659546
1.8792725
1.3487549
1.5325317
1.1367798
1.3616943
1.5112305
0.6790161
1.3739014
0.7182617
0.6660156
1.4681396
0.9690552
1.0020752
1.6257324
1.1104736
1.2443848
1.2997437
1.4655762
1.2109985
1.1627808
1.1792603
0.7414551
1.3296204
2.2788086
1.3092651
0.88534546
1.3579102
1.1115417
0.88952637
0.95565796
0.7993164
0.8395386
0.9262085
0.6243286
0.9495239
1.5192261
0.9439087
1.7198486
1.1055603
1.4837952
0.7050476
1.5178833
1.1074219
1.4140015
1.8263245
1.6937714
1.4409485
1.1708527
0.81707764
1.6114197
1.3002472
2.0895233
0.67136383
1.1535034
1.2334595
1.0814819
2.1441345
1.8316345
1.6252594
1.3624344
1.4021721
1.1505661
0.99718475
1.3151855
1.1815758
0.9554939
0.8152065
1.0917702
1.0056019
1.6871033
0.96818924
1.774271
1.2682667
1.6954346
1.7335243
1.2345963
2.635147
1.1347351
1.8712654
1.3239555
1.3635368
1.1280785
1.0097618
1.21344
1.8319778
0.8908882
1.7128181
1.5365791
1.4614067
1.7165184
2.0529327
1.123024
1.1737213
1.4363174
2.8806229
1.1251678
1.1165199
1.7000923
1.945427
1.7395363
1.0181847
1.270935
1.1316109
2.1727448
1.6178207
1.3687897
1.6350555
1.8128014
1.1232033
3.3717613
1.7416229
1.1801605
0.88518524
1.3126793
1.0611572
1.4315567
0.9439049
1.184452
1.0630875
1.5074692
1.7080421
1.1652069
0.94200134
1.0068817
2.4825325
1.5532417
1.0591812
1.2196388
2.6804962
1.1206856
0.8943634
1.2733288
1.3146763
1.914093
1.4241371
1.2808075
2.2234097
0.70913315
1.2485847
0.63916206
2.0757103
1.385891
1.1518974
1.2657509
1.6645145
1.4623108
2.0950928
0.97296906
1.4143085
1.5543594
1.0897217
1.1506939
2.0963268
1.0318146
1.468029
1.3275032
0.6826935
0.9867134
1.8587818
1.4064159
1.0806446
0.9335022
1.4503994
2.027546
1.9789734
1.0358028
0.8829727
2.0774994
1.1749344
1.1745739
1.2879925
1.0421371
1.0732441
1.6327038
2.1229153
0.9254799
1.8256645
1.3995857
1.242487
1.0400925
1.0752964
1.1446648
1.0731735
0.783968
1.4782295
1.3065834
1.1205902
1.6481571
1.6112633
1.1897659
1.0275116
1.0461445
1.1863594
1.330143
1.6926098
1.027092
1.1267929
1.9102478
0.83000565
0.98711205
0.74678993
2.4068947
0.7373085
1.8901615
1.9100266
1.177309
0.8364868
1.7414742
2.019825
0.56632614
1.842371
0.8134365
1.1209393
1.2684116
1.4707756
1.780138
0.8405762
1.4562778
1.5630989
1.3722858
0.82154846
0.9840908
1.407795
0.7703152
1.4133415
1.6022167
1.614811
1.8031254
2.026062
0.7950268
0.7538681
0.7522545
0.8987007
1.0789223
0.77794075
0.7877712
0.83078194
0.85139465
0.7857895
0.87150574
1.1883564
1.5845337
0.85910034
1.9293804
0.9170952
0.69223213
1.4859543
1.6313992
1.0567284
0.8133335
1.472023
1.3289948
0.993927
1.4095802
1.3410378
1.2793427
1.2235184
1.2172642
0.8532715
0.79792213
0.95376587
1.1812744
1.7088223
0.93951607
0.86844826
1.0542984
1.9701023
0.9678707
1.0734577
0.89688873
1.1841125
1.0990181
0.52298737
0.9823227
1.2046604
1.3142796
0.708725
0.9881916
1.3152409
0.76647186
0.858593
2.872734
0.98137283
1.004427
0.8356972
1.0530205
1.102478
0.5028
1.5502758
0.5082588
0.78059006
1.7588024
1.0733967
1.324009
1.5813065
1.1616364
1.2033367
0.94921494
2.664259
1.0033989
0.73812866
1.5146198
0.69177246
1.0900879
1.5647316
0.7637119
0.8561077
0.8557968
1.0814915
1.1991539
1.3207169
1.0317249
1.6140537
0.85266113
1.5021038
0.6704254
0.9208069
1.6734734
1.7564392
1.3588982
1.2275982
0.69659233
0.61491203
1.7989655
0.94688034
1.0422745
0.71837616
1.4129124
1.34939
0.91234016
1.6739426
0.8931713
0.71663857
1.5696411
0.8269596
1.6054707
1.09692
1.2098732
1.1431904
1.076294
1.3677521
0.7984085
0.9054241
1.0536823
0.591362
2.7509232
1.2478561
1.343586
0.7639656
0.8676739
0.54397964
1.1650372
0.7292156
0.90771294
0.5588455
0.9520588
1.0028057
0.67381096
1.3660698
1.0384903
1.1524162
1.0058994
1.2646675
1.1154766
0.60902023
0.85188484
0.98217773
0.95915794
0.5665474
0.9800968
1.8085976
1.6190071
0.92440796
0.6146679
0.81889534
1.0578938
0.96149826
1.3601227
0.5938873
0.6920471
0.93250084
1.0207901
1.315794
1.2099476
0.91643524
1.2550964
1.561409
0.8525181
0.71357346
0.83488655
0.8099823
1.4426575
1.3210297
0.7602768
0.74865913
0.7240391
0.7422848
0.8738594
0.5713215
1.1255951
0.8671589
0.67063713
0.6625786
0.6497402
0.79769707
0.86766815
0.56964684
0.4371872
0.49698067
0.765646
0.7402134
0.51096725
1.8831253
0.8624058
1.6883221
0.8900204
0.62041473
0.76467514
1.0396595
0.7541046
1.1425629
0.41207886
1.2786522
1.4309044
0.9062214
0.760582
0.80169106
0.72831345
0.515234
0.39308548
1.1596985
0.8538513
1.0358429
0.99268913
0.3347454
1.0048485
0.63204575
0.570961
0.86286545
0.70892334
1.1415138
0.98524857
0.7506199
0.69856644
0.49620056
0.9070282
1.0262756
0.8344517
1.3463573
0.72138596
1.3021431
0.84135056
0.8820648
1.0875988
0.77500725
0.9550495
1.2247314
0.68517303
0.7573757
1.1197739
0.95342445
0.8230076
1.2802639
1.1433105
0.74910355
0.68457794
1.3510456
1.068491
1.0733604
0.7389889
0.71707344
0.46637535
0.47128296
0.7146187
0.5004978
0.34587288
1.0033779
0.6864433
1.3548393
0.7493057
0.7965374
0.95671463
0.47633553
0.66490936
0.97761154
0.5388584
0.60033035
0.6034336
0.5994415
0.61320114
0.7787628
0.76252365
0.87081337
1.2768402
0.44127083
0.42454147
0.5091362
0.5859184
0.67106056
0.87576485
0.7925377
0.564785
0.48101425
0.59308434
1.0014744
0.8973789
0.19070625
1.1858292
0.957304
0.7214985
1.0534935
0.9841728
0.4026394
0.5154419
0.83426285
0.51091766
0.6364441
0.79294777
0.41719818
0.26630402
0.9162178
0.46349144
1.2642097
0.7845917
0.6703644
0.84451675
0.53286743
0.47216606
1.2131462
1.001442
1.1300983
1.3424301
0.62799454
0.33447838
0.735054
1.0816498
1.0261898
0.4706726
0.6069641
0.7235966
0.8026314
0.79903793
0.5585861
0.62054825
0.6314392
0.46003342
0.7090206
0.6257572
0.34087372
1.7265892
1.0716972
0.3646965
0.86169815
0.5303478
0.95265007
0.36775208
0.922945
0.7261658
1.8246651
0.38742447
0.8009949
1.1085014
0.85663605
0.46699715
0.6132679
0.22291565
0.951458
0.75086594
0.72525597
0.65078545
1.2123871
0.44579506
0.37191963
0.5656071
0.43048668
0.78069305
0.2939949
2.348154
0.41588402
1.4331017
0.5865078
0.67655754
0.62485504
1.0452156
0.79646873
0.43602753
1.2305107
0.5160885
0.33010292
0.75473595
0.55272675
0.5726929
0.92383766
0.508049
0.77773666
0.9138565
1.3485699
1.2074986
0.54172325
0.6139145
0.6847286
0.57504845
1.1379013
1.0045071
0.2822895
0.3919449
0.6639805
0.9377403
1.42346
0.8114357
0.19487762
1.0618362
1.1680603
1.00074
0.4291191
0.52788544
1.1421509
0.58771515
0.38441086
0.82593155
0.3106346
0.44953918
0.45963478
0.45767593
0.45896912
0.44869423
0.38850784
0.6009865
0.7958145
0.744648
0.4265442
0.7292633
0.77139664
0.6170559
1.6046009
0.58148193
0.5807667
0.60528374
0.5386677
0.5125885
0.4583397
0.4562893
1.4361839
0.91012573
0.41038132
0.68398666
0.47084808
0.71033096
0.33675194
0.5084095
0.34717178
0.44974327
0.68494034
0.59231377
-0.013317108
0.28807068
0.24209213
0.94187737
0.898798
0.66524506
0.4668808
0.53539276
2.772232
0.7651787
0.4313507
0.30062485
0.42102432
0.5665817
0.6945381
0.94703674
0.5806427
1.3570213
0.5658207
0.47176743
0.4740677
0.5663376
0.6279106
0.54254913
0.9316902
0.44294357
0.1733284
0.9298191
1.0575218
1.1525517
0.6691227
0.40368843
0.38183784
0.54919815
0.20582962
0.44738197
0.8933735
0.24253464
0.8582382
0.54516983
0.15314293
1.0368099
1.2982292
0.30037308
1.2040138
0.29999733
0.4414749
0.31212234
0.07083511
0.53103256
0.5231762
0.22940445
0.7677498
0.81378174
1.0542107
0.6800499
0.2195797
1.3296642
0.084487915
0.79107857
0.7191982
0.4619484
0.6648674
0.82829666
0.32211494
0.46077347
0.3597908
0.7103329
0.5870285
0.410841
0.49447632
0.48295784
0.433712
0.6325455
0.41391754
0.47410583
0.30052567
0.22517586
0.26947212
0.5975876
0.09820557
0.46972656
0.9646187
0.6629944
0.38142586
0.92891884
0.85744095
0.5002537
0.8971062
0.35653877
0.8082943
0.6999588
0.32861328
0.23009491
0.44825554
0.4041233
0.33018303
0.40723038
0.24678612
0.5396843
0.40030098
0.70944977
0.75247574
0.32390213
0.9335327
0.6493969
0.29672432
0.29709435
0.575119
0.62083626
0.5623703
0.25361443
0.473135
0.47959137
0.02491951
0.21878624
0.61175156
0.6109657
0.39392853
0.2822895
0.12161636
0.3496666
0.22075462
0.5079136
0.30911255
0.4781952
0.16706467
0.5024605
0.18896294
0.4585781
0.022706985
0.20199013
0.67681885
1.1038055
0.25754166
0.14501953
0.42243195
0.86772156
0.30030632
1.0890102
0.18292046
0.048187256
0.26080322
0.45257187
0.9003048
0.485754
0.36483383
0.3094635
0.29736137
0.65774536
0.7530651
0.51934433
1.3855782
0.6554718
0.55734634
1.0864697
0.55818367
0.79374313
0.31763077
0.18040848
0.3315487
0.3303814
0.21166801
0.60892487
0.20803833
0.35168076
0.75450325
0.92799187
0.2728119
0.5303097
0.40080452
0.41978645
0.8032322
0.3510952
0.29268646
0.26947975
0.37857056
0.35256004
0.3728199
0.46907425
0.56676674
0.22843552
0.629488
0.26405144
0.59570694
0.28753662
0.20486069
0.25875282
0.63866806
0.78315353
-0.023002625
0.624012
0.29898643
0.238163
0.38223267
0.7025299
0.28515816
0.3459282
0.31759453
0.15878296
0.21565247
0.8171444
0.18504333
0.9314232
0.28852463
0.36029434
0.22093391
0.7160492
0.8038578
0.1823368
0.711359
0.7688656
0.53959084
0.624424
0.7077675
0.5855713
0.5116768
0.013084412
0.56843567
0.11734009
0.23926926
0.28368378
0.29672432
0.36888504
0.3213482
-0.0047130585
0.26340866
0.47296715
0.058631897
0.3180313
0.24291992
0.41721916
0.04344368
0.5895901
0.15407372
0.399498
0.6904907
0.05558777
0.29133224
0.75847244
0.4831028
0.8854046
0.20118904
0.76488495
0.29465485
0.16965866
0.2944603
0.3820343
0.25541496
0.5601368
0.5698204
0.8148899
0.34363174
0.3765335
0.25005913
0.33036995
0.3142662
0.95000076
0.3672409
0.4580307
0.4919052
1.0194473
0.3127098
1.6505547
0.2722149
0.78699493
0.27589226
-0.066970825
0.33369637
0.56737137
0.16870308
0.79459953
0.50029945
0.23901367
0.39889526
0.22141266
0.1392746
0.60398483
0.4341011
0.013868332
0.40958786
0.06712723
0.6303711
0.24504852
0.54987526
0.22843361
1.0136623
0.38806534
0.33486176
0.5243645
-0.0112838745
0.5181618
0.8793316
0.31824303
0.12850189
0.5379009
0.3435669
0.20316124
0.5849018
0.026302338
0.2648487
0.2175808
0.5518646
0.5735359
0.35157013
0.5693569
0.3612404
0.5072746
0.741457
0.60331535
0.44229126
0.2855339
0.020093918
0.42476654
0.17272568
0.53964615
0.20543289
0.19552994
0.2084198
0.4152832
0.7413769
0.47694778
0.20086479
0.14435005
0.2895565
0.38296318
0.10525322
0.7586956
0.15691948
0.20852661
0.33154488
0.19773102
0.4656334
0.17871666
-0.01423645
0.12800217
0.7673664
0.1388855
-0.016397476
0.6280308
0.50126266
0.6473961
0.40255356
0.49674797
0.21984673
0.33729553
0.027824402
0.056079865
0.13654327
0.16535568
0.055919647
0.29237366
0.13027382
0.33021545
0.14071274
0.40821838
0.16423798
0.5065994
0.20665932
0.30378723
0.41306114
1.2979031
0.19278717
-0.008457184
0.2512493
-0.09050369
0.15899086
0.34188652
0.13681793
0.057214737
0.52643585
0.5775471
0.04253006
0.19982147
0.68750954
0.2856102
0.34501266
0.21271706
-0.045354843
-0.088033676
0.58358383
0.15629196
0.31949234
0.2464962
0.08819008
-0.10826111
0.4683342
-0.008102417
0.18673897
0.75855446
0.6374264
0.40855408
0.24063492
0.59148216
0.5769234
0.3708763
0.33342743
0.11408043
0.34121704
0.278265
0.105327606
0.3633957
0.2307167
0.08856964
0.2967224
0.3094101
0.29161644
0.10391998
0.09302902
0.26969528
0.56098175
0.38981438
0.06821823
0.031269073
0.2003479
0.07416916
0.09557724
0.2889824
0.5301266
0.06365967
0.52565575
-0.11504173
0.06846237
0.27156067
-0.10043526
0.120513916
0.55273056
0.02930069
0.17655563
-0.051275253
0.1789608
0.49830055
-0.17903137
0.18218231
0.597929
0.043951035
0.02917862
0.2393074
-0.044136047
0.094444275
0.7040062
0.39084244
0.41656113
0.13679886
0.388628
0.11410904
0.4807129
0.23392105
0.64513016
0.5237255
0.18227959
0.56334686
-0.110738754
0.22856712
0.4013977
0.24551964
0.9403763
0.093048096
0.13837433
-0.0018978119
0.1497345
-0.08446312
0.653738
0.18945694
0.3088646
0.04957199
0.6587601
0.19064331
0.3125267
0.13610077
0.25271225
0.2445488
0.27117348
0.1292038
0.019674301
0.5993881
-0.0253582
0.18849754
1.2424335
0.42692566
0.18072891
0.41914558
0.18339157
0.18704224
-0.0018119812
-0.07823372
0.6056595
0.22756004
0.33202934
0.00050354004
0.27709007
0.5956688
-0.29691505
0.17919922
0.10569191
0.17693329
-0.034830093
0.25893593
-0.1853962
0.3690338
0.31826782
-0.030620575
0.43987274
0.20920944
0.45972252
0.097293854
0.0041122437
0.06943512
0.45846176
0.38853836
0.3029251
0.19677162
0.18029404
0.22639465
0.30030823
0.7600746
0.15187263
0.4760437
-0.05378151
0.17240715
0.9236603
0.24517822
-0.23410416
0.22818375
0.12293434
0.1389904
0.6072159
0.15315437
-0.0118255615
0.5727539
0.5345516
0.0062713623
0.20521545
0.09618378
0.073791504
0.2832775
0.08249283
0.37111664
-0.020917892
0.03935814
0.45962524
0.20149612
0.172575
-0.06019211
0.4185753
0.41667557
0.41186714
0.07317352
0.49588394
0.07242203
0.22349548
0.018133163
0.027767181
0.18284798
0.3399582
0.23809433
-0.22010994
0.069869995
-0.059833527
-0.15874481
-0.01594162
0.56212234
0.10681343
0.76366997
-0.13627815
0.44657326
0.0013446808
0.17866516
0.13360405
0.1614933
0.11022949
0.3518753
0.06007576
0.15538025
0.52090836
-0.2197609
0.27220154
0.16336441
-0.017837524
-0.00081062317
0.17021942
0.07636452
0.21588898
-0.17056847
0.26361465
-0.3233738
0.47154617
0.05060768
0.3773384
0.15744972
0.1972084
0.19945908
0.090488434
0.27961922
-0.22412491
-0.07531357
0.01602745
-0.24879265
0.073768616
-0.12066269
0.028648376
0.17267418
-0.07939911
-0.071567535
0.07409859
0.3691311
0.84592056
0.21872139
0.6357155
-0.057397842
0.30682182
0.29522133
0.33526802
0.42032242
0.4289093
-0.21520805
0.018939972
-0.025909424
0.27764893
0.31116486
0.17598343
0.34754562
0.06394386
0.15313339
0.13698006
0.17002869
0.51060486
-0.2878132
0.0525589
-0.24903488
0.01181221
0.43091774
-0.009662628
-0.12827301
0.057775497
-0.0064888
0.14938164
0.51618767
0.05714798
0.56606483
0.22825432
0.26413345
-0.012252808
0.21278
0.43600082
-0.007341385
-0.24477005
0.46670341
0.10263443
-0.092430115
-0.17359924
0.29389954
-0.17347336
0.096912384
0.5298748
-0.045949936
0.37793732
-0.35157394
-0.14269638
0.005754471
-0.33271408
0.017408371
-0.06332588
0.09693909
0.153162
-0.017822266
-0.32591248
-0.23285866
-0.18859673
0.27151108
-0.048786163
0.15339279
0.40688515
-0.21831512
0.25463104
0.07423401
-0.28110313
0.43033218
-0.29441643
-0.22396088
0.23431206
-0.0068626404
0.046718597
-0.08244324
-0.41499138
-0.13567734
-0.1593628
0.08839035
-0.10315704
0.07745361
0.16576576
-0.3097973
0.23258209
-0.46603012
0.7333317
-0.4032135
0.15169525
0.018081665
0.04149437
0.06286049
0.15764618
0.33213997
-0.053028107
-0.042812347
-0.24612617
-0.14754105
0.16677284
-0.38342857
-0.18191147
0.29745865
-0.391325
0.3749504
0.45589447
-0.071847916
0.17264175
0.16807938
0.022911072
-0.26264954
0.19300652
-0.21682167
0.38345337
-0.28803253
0.84497833
-0.013223648
-0.15112686
0.2312336
-0.1950531
-0.19527245
0.5350609
0.22335625
-0.18269348
-0.54120255
-0.0780983
-0.020784378
-0.12486458
-0.51475143
-0.122039795
-0.29608917
-0.2948532
0.28291702
0.67921257
-0.23114014
0.15038872
-0.095069885
-0.24627304
-0.14929771
0.03453827
-0.12740326
-0.21027756
-0.03979683
0.15062332
0.3282833
0.08396149
-0.043857574
-0.20989227
-0.24088669
0.20401764
-0.25060844
-0.06271553
0.22746849
-0.3944683
-0.37687302
0.12201309
0.52451897
-0.3132305
-0.035741806
0.02391243
-0.047966003
0.23272705
-0.26655006
-0.13909149
-0.0875473
0.16795349
-0.19163895
0.6862755
0.16766357
-0.34710503
0.09949875
0.42022133
-0.011539459
0.15661049
0.24304962
-0.1669445
-0.32522583
-0.20043564
0.15618134
-0.019615173
-0.057296753
0.81505966
0.7772541
-0.21570396
0.13455391
-0.29935837
-0.35422707
0.19512177
-0.1777649
-0.14650726
0.42567635
-0.29688263
0.47598457
-0.37524223
0.63802147
-0.55010986
-0.041173935
-0.44319153
-0.12915611
-0.18094826
0.13288498
0.13740921
-0.2861271
-0.22958565
-0.29929924
-0.23160362
-0.2249012
-0.37044907
-0.21746063
-0.07811546
-0.29059792
-0.050048828
0.32564545
0.09038544
-0.29709625
0.049495697
0.26431465
-0.33909798
-0.031202316
-0.4961052
0.18691635
-0.4511032
-0.34959602
0.25151825
-0.47901154
0.5740547
-0.43788147
-0.04224205
-0.4035511
-0.63744926
-0.6765213
0.21544075
0.22595215
0.2328701
-0.38827133
-0.6061592
-0.25927734
-0.11307526
0.088451385
-0.28591537
-0.16349602
-0.57065773
-0.08552742
-0.4308834
-0.13051605
-0.39030647
-0.22428894
0.116262436
-0.6584549
0.15168762
0.21404076
-0.15589142
-0.27677155
0.049877167
-0.025218964
-0.7168617
-0.52061844
0.21047592
-0.0014858246
0.444767
-0.15642166
-0.6222973
0.042505264
0.1812706
-0.15447998
-0.50990105
0.012470245
-0.22388458
-0.0035858154
-0.11776543
-0.4355545
0.19651222
0.052453995
-0.2498703
-0.7890091
0.15758133
0.8970108
0.35809326
0.059101105
0.4748497
0.01171875
0.029939651
0.2931099
-0.1446476
-0.35455322
0.4447651
-0.026834488
-0.33218384
-0.43462372
0.6727638
0.31635284
-0.105098724
0.41524124
-0.16403198
0.9080925
-0.7898598
0.12080765
-0.034095764
-0.8168907
-0.6984329
-0.17199326
0.5041466
-0.16539001
-0.32550812
-0.68120575
-0.5949745
-0.44636154
-0.121925354
-0.030162811
-0.40172958
0.18115997
-0.59100723
-0.27672958
-0.35235977
-0.8659706
-0.109272
-0.49236298
-0.0042266846
-0.6770859
-0.63952255
-0.4132042
-0.098033905
0.23330688
-0.38388062
-0.4574852
0.015106201
-0.6476059
-0.84994507
0.147686
-0.269104
-0.75471497
-0.7290535
-0.20937729
-0.67456436
-0.4173355
-0.6164093
-0.6602402
-0.9375534
0.08623886
-0.10377121
-0.48918152
-0.7273979
-0.78047943
0.40080643
-0.42199326
-0.59991837
-0.4691429
-0.58548355
-0.5120735
0.51327515
0.61935425
-0.31534195
0.647068
-0.40195084
-0.3191719
-1.128788
-0.053634644
-0.48578644
0.5280075
-0.80194855
-0.25901031
-0.7865372
-1.078373
-1.0197144
-0.23561859
-0.58657455
-0.56803894
-0.58039093
-0.678772
-0.41339874
-0.33569336
-1.0831451
-0.54254913
-0.3222084
-0.46434402
-1.1126289
-0.44350815
-0.43748474
-0.07884598
-0.5412636
-0.023708344
-0.92785645
-0.04409027
-1.1356773
-0.2880211
-0.47668076
0.08912659
-1.2512932
-0.61315155
-1.2157745
0.18061447
-0.71313095
0.6237793
-0.41468048
-0.56749344
0.06561279
-1.3611145
-1.0410957
-0.50574875
0.40047073
-0.59456635
-0.12869263
0.60285187
-1.4593811
0.5759735
-0.8626404
0.33972168
-1.3567276
-0.059215546
-0.5868721
-1.1736984
-0.1653862
0.272007
0.03466797
-0.48729324
-1.0601158
-0.49486923
0.23579025
-0.95121
0.122730255
-0.49492645
-1.1161537
-0.05236435
-1.355133
-0.76161957
-0.9884567
-1.2279739
-0.7891464
-0.7083626
-0.57471085
-0.7167969
-0.14132309
0.399189
-0.29497147
-0.3241768
-1.5122757
0.10598755
-0.25894547
-1.3314743
-1.2631645
-1.0205269
-1.1797562
0.38773727
-0.5863495
-0.57536316
-1.6665726
-0.6772423
0.23868561
-0.6910057
-0.08325195
-1.3135223
-0.8546486
-1.5075989
0.32596588
0.6472168
1.3617973
-1.1334686
-0.90743256
-0.91331863
-0.9940491
-1.0568237
-0.752903
-0.9965286
-1.3996735
-0.7466774
-0.9446945
-1.5547752
-1.036087
-0.53323746
-0.32071686
-1.7423286
-1.1413918
-0.33509064
-1.1812935
-0.9065552
-0.16859436
-2.4599724
-0.1702652
-0.49430466
-0.41819382
-1.443222
-1.29982
-0.09880829
0.19938278
0.52920914
-1.4001999
-1.2465324
-2.5292053
-0.65639114
-0.052577972
-0.39600754
-0.5529671
1.4707336
-2.073246
-1.7165833
-1.4956169
-0.96029663
-1.0327797
-0.83683777
-0.33356857
-1.6682281
-1.5361824
-1.5667915
0.24551392
-0.27463913
-0.5841942
-2.3252525
-1.0081482
-1.5616302
-1.0892105
-0.5151367
0.044734955
-2.5858116
0.9945793
-0.80714417
-1.8446884
-0.9531326
-1.1985779
-0.28943634
-1.1263847
-1.7186966
-0.7335205
-2.543438
-1.221653
-2.366249
-0.5354805
-1.7823677
0.90330887
-1.3225555
-2.0084534
-0.312088
-0.9588623
-1.4815292
-0.2975235
-2.100628
-1.7001305
-1.0720444
1.1117706
-2.6729279
-2.2896423
-2.376007
-2.113453
-1.7540703
-1.488678
-2.6551933
-1.2798195
-0.91122437
-1.8242874
-0.99043655
0.15881729
-1.9380646
-0.35260773
-1.8564835
-2.7073402
-0.95822525
-0.9494972
-1.0432129
-0.69091415
-1.7398376
-0.030342102
-2.1370583
-2.695633
-2.9925385
-1.973278
0.98249054
-1.638916
-2.6256523
0.032035828
-1.9442444
-0.56445694
-2.130005
-2.40168
-2.2545776
-0.69039917
-1.3041496
-0.21858597
-2.3840485
-0.7222519
-3.053959
-1.2037354
-2.2869759
-0.5517006
-1.4267845
-2.6200523
-1.7693253
0.21667862
-0.8057823
-1.4298935
-3.5645866
-1.9305191
-1.3934479
-2.2503357
-3.8705063
-0.5090103
-0.97912216
-2.415142
-1.2412186
-2.6073494
-1.6457405
-3.3045807
-2.8969078
-2.0638657
-3.4902344
-4.7296677
-2.2759285
-2.3435478
-3.0862732
-2.2382812
-1.5349503
-2.1365166
-1.41605
-2.517273
-0.5473137
-3.6535835
-3.7180595
-2.9798393
-1.8215103
-3.6157799
-2.8722687
-5.198044
-3.2264977
-1.7104568
-3.093521
-3.1725845
-2.2933464
-4.3203087
-3.0461082
-2.0587807
2.7207756
-5.6781235
-2.9705467
-1.3631134
-0.96871567
-3.1637688
-2.9966125
-2.416172
-0.90166473
-4.2369156
-4.857147
0.09754181
-4.3223457
0.13985825
1.2930946
-4.8119965
-3.2588463
-3.7636147
-3.11137
-4.270565
-3.7047005
-3.2754936
-3.5903015
-1.6800041
-1.393753
-2.936512
-4.454067
-4.35128
-4.1183205
-6.352974
-3.784462
-3.3113976
-2.248829
-2.824623
-1.9707565
-4.941448
-3.3805466
-4.2656174
-2.5728798
-1.7678299
-1.7212715
-5.186775
-6.5885277
-4.112171
-4.3697777
-8.170334
-3.7178574
-2.9409027
-5.722065
-2.2980042
-0.48870468
-6.2342377
-2.0588303
-1.6176262
-6.9869957
-0.85307693
-6.4300423
-5.463032
-4.039913
-2.8038063
-5.8684387
-3.48563
-7.2457657
-5.396961
-9.38945
-2.6078415
-4.6811447
-7.293785
-5.360386
-1.1245422
-5.97316
-5.318943
-5.280922
-2.6285324
-1.7156181
-8.063519
-6.3958282
-3.8294106
-4.32629
-5.3823395
-6.1827087
-4.7708855
-9.00597
-2.798706
-6.042713
-3.2542915
-5.340687
-9.4674
-6.0395737
-1.3130112
-10.789154
-6.587105
-9.928463
-1.5832825
-7.7047577
-3.7061615
-8.82309
-8.474472
-11.501484
-7.770302
-5.508171
-1.3073807
-2.661335
-6.220806
-10.553757
-2.6265144
-1.465313
-2.1746597
-11.657856
-5.818199
-8.889774
-0.950119
-9.684856
-7.717762
-7.5606384
0.10728073
-3.9042969
-7.966816
-8.048241
-9.796108
-5.171585
-9.022381
-6.926613
-7.4904785
-6.522274
-3.925171
-7.592373
-8.71328
-6.2680473
-3.328846
-7.7737236
-6.2151985
-6.6194916
-9.326981
-5.314892
-4.528187
-8.95829
-12.687714
-7.0035896
-14.895035
-13.592464
-6.827034
-9.319855
-5.5047417
-12.915489
-4.8221397
-11.5438
-12.654724
-5.348133
-6.5326195
-15.909019
-11.208145
-15.18375
-9.907761
-6.9394035
-6.005474
-4.3806
-9.140308
-6.852516
-14.813953
-10.875542
-7.7151604
-8.436016
-14.081562
-8.549686
-9.954319
-19.79552
-15.713577
-10.242195
-13.780468
-16.30777
-9.57486
-10.472439
-11.04007
-15.969433
-9.238899
-19.171535
-14.919209
-11.130482
-25.314377
-15.692432
-17.256882
-16.547112
-1.746376
-4.0814476
-12.0816345
-13.497242
-18.549397
-13.702118
-16.099308
-19.349266
-17.61755
-8.4856415
-9.26944
-16.31268
-14.427891
-10.946339
-10.349285
-14.874619
-8.677109
-12.356739
-14.079353
-14.283203
-6.568367
-8.034866
-24.370613
-4.8303375
-15.040466
-12.8014145
-7.393551
-16.143276
-17.176414
-16.507626
-18.995335
-18.022106
-16.673096
-3.0505066
-19.583
-9.9474945
-16.234463
-10.108547
-12.675903
-12.4784355
-21.31771
-28.35257
-19.675167
-23.993835
-7.449898
-19.632294
-17.584583
-12.764351
-16.91681
-16.475662
-10.299049
-6.8826027
-11.567268
-11.371017
-15.695839
-15.028046
-22.591858
-4.5487595
-8.361633
-26.109047
-20.531357
-11.278488
-18.533413
-19.513699
-10.76606
-14.50021
-17.978432
-16.4589
-20.2612
-20.84653
-12.02541
-23.582485
-17.97984
-18.195175
-22.38203
-10.378971
-14.2635765
-27.359665
-20.446571
-14.007248
-17.646736
-30.293262
-20.426262
-17.464409
-21.660583
-27.644993
-22.17546
-22.57306
-16.535988
-15.192413
-14.886925
-18.612255
-18.167763
-11.592243
-28.943035
-28.380817
-16.739635
-25.6268
-22.679768
-22.025528
-24.218983
-15.79195
-21.10733
-33.33532
-4.901348
-23.225159
-18.986855
-25.176945
-14.990772
-35.809486
-19.283974
-18.63218
-20.328598
-23.403004
-25.264023
-8.336887
-16.656551
-19.155487
-21.40525
-14.15419
-19.206013
-29.021091
-12.709198
-32.197956
-19.810303
-5.387615
-16.763214
-34.671165
-4.89254
-23.890858
-7.234703
-20.214775
-19.681557
-15.344334
-19.113232
-16.425072
-6.057316
-13.9267845
-17.65074
-17.703888
-14.35611
-16.691128
-16.98513
-15.828232
-9.925095
-14.378014
-22.623222
-19.252815
-18.090557
-15.553024
-19.92609
-16.394886
-19.619957
-26.701916
-20.927025
-25.674026
-18.51012
-17.371002
-11.738598
-18.643646
-7.855465
-15.256866
-24.383297
-24.789394
-27.198246
-16.777905
-23.82769
-18.684605
-29.63655
-24.688187
-17.939663
-13.388111
-21.83786
-27.31937
-28.89159
-16.471546
-26.822014
-22.825905
-18.562084
-22.739788
-19.715736
-12.398277
-22.978123
-17.002674
-18.957996
-30.214401
-21.989185
-29.797783
-21.18658
-20.974293
-26.919594
-13.031437
-30.0485
-27.393112
-17.146313
-13.594612
-28.602566
-12.437168
-25.281471
-15.733185
-18.597889
-27.543861
-14.0388565
-28.03352
-34.345078
-19.166843
-16.753315
-31.948944
-25.330551
-14.864403
-20.450802
-25.680775
-20.981937
-18.105057
-14.016094
-24.448814
-16.808502
-23.430412
-29.490799
-21.597427
-24.16217
-25.34116
-31.051613
-38.863808
-35.38448
-19.265465
-28.45185
-37.43336
-36.63481
-23.751339
-29.596004
-25.885033
-20.02969
-34.565273
-46.251205
-33.323975
-38.595665
-30.34216
-28.96157
-17.845818
-32.47741
-21.751541
-23.150116
-13.489365
-26.15506
-30.439762
-31.561413
-19.080704
-32.594643
-40.541092
-15.597305
-24.573757
-20.820332
-25.688332
-38.914474
-29.08189
-37.546227
-17.786423
-37.207207
-26.505562
-20.93565
-32.531918
-28.633778
-25.931446
-21.539768
-23.390923
-36.9261
-27.083134
-25.1492
-25.622421
-14.393932
-16.743793
-27.553692
-36.798317
-22.119408
-27.074486
-32.70541
-23.372005
-40.457333
-30.96518
-30.35635
-24.789997
-25.071907
-31.492714
-22.88659
-27.029102
-20.627754
-26.657322
-18.335236
-45.434086
-27.99913
-28.804665
-30.853062
-34.37269
-36.38265
-31.331059
-29.99902
-26.190018
-33.78987
-25.951698
-30.82418
-17.599358
-27.105503
-22.147533
-22.102474
-32.79946
-24.878784
-37.357635
-31.108505
-21.582123
-39.405636
-33.614388
-32.21683
-47.74749
-34.561295
-35.3743
-26.878407
-23.732765
-11.8675
-28.477108
-43.14679
-32.719616
-44.618813
-40.422028
-25.767063
-36.737602
-37.65538
-25.571941
-31.68193
-26.14988
-40.246914
-41.012573
-37.596584
-24.1156
-25.521626
-32.52215
-26.444653
-37.57572
-17.211529
-38.037197
-42.221752
-25.203236
-31.339314
-27.576305
-47.274746
-37.41771
-28.295753
-35.79417
-27.22995
-36.86415
-25.317558
-29.596992
-39.4461
-31.571281
-45.34099
-42.3439
-32.98914
-38.93279
-23.1636
-44.717262
-31.12931
-16.47815
-26.935596
-24.64095
-43.05806
-44.047256
-25.660656
-55.37768
-41.360542
-43.13603
-43.12326
-27.94991
-10.26326
-24.971073
-28.419228
-23.253592
-30.95004
-30.763927
-16.574404
-43.303883
-23.120926
-19.49228
-49.700676
-37.9385
-43.78295
-20.518734
-40.027367
-12.830128
-35.77785
-33.90064
-18.786413
-39.33983
-34.12448
-46.21933
-24.870926
-40.314053
-15.732216
-18.549019
-44.705585
-43.787937
-36.90536
-32.08958
-38.99833
-36.382126
-36.58401
-37.148457
-26.879044
-38.41712
-39.07299
-19.973522
-40.308514
-39.757942
-51.689888
-47.729893
-57.435265
-36.71023
-24.33522
-36.166252
-49.71662
-32.64497
-39.761196
-26.829792
-46.941196
-36.759148
-44.876526
-50.766838
-47.748245
-18.143925
-46.360115
-47.027096
-31.447899
-18.883873
-13.637615
-39.076546
-25.145287
-35.137318
-50.206608
-27.680733
-52.841785
-64.357864
-48.931995
-45.547825
-16.6072
-36.928295
-46.19038
-29.552723
-23.173475
-41.645752
-30.740135
-23.559166
-20.33339
-32.343693
-20.94891
-42.79668
-25.630768
-38.798855
-41.071793
-45.424545
-46.206635
-32.871777
-51.061115
-20.624088
-45.68193
-36.198273
-17.49651
-44.671703
-51.91423
-44.818512
-31.144169
-46.544193
-54.758347
-43.03844
-47.212025
-49.163254
-22.447124
-29.964275
-25.132568
-41.23597
-34.248528
-48.41305
-46.87338
-57.013874
-35.908752
-52.950706
-50.912533
-31.479567
-62.879635
-18.196537
-48.257454
-31.096367
-51.354202
-34.653347
-45.31843
-51.408344
-32.94873
-32.850952
-33.662792
-39.523945
-39.36826
-43.752483
-25.808552
-50.805
-49.447662
-41.994915
-55.097286
-52.77415
-44.771782
-52.518265
-34.00812
-31.169537
-33.927917
-31.005966
-69.44028
-35.318474
-42.400757
-33.595177
-41.051575
-33.28863
-21.272465
-30.425037
-42.75361
-43.55151
-48.15959
-37.085014
-28.757374
-37.88917
-29.355766
-56.649483
-64.39533
-31.609606
-37.541557
-46.282776
-22.227285
-33.743675
-43.81447
-49.082092
-50.421864
-36.677116
-49.31502
-66.02252
-35.772835
-31.292889
-33.777355
-42.23503
-44.105114
-37.46037
-33.935326
-45.765125
-37.506737
-39.646187
-54.61589
-56.575665
-55.58942
-24.338749
-12.727364
-39.626083
-31.401627
-40.469112
-25.082321
-25.14877
-34.04891
-21.036556
-38.373154
-28.289505
-31.572374
-36.364967
-51.52665
-47.73298
-40.500214
-27.425537
-53.497772
-27.136173
-59.737732
-42.68598
-37.162857
-30.996164
-40.51894
