43889.51
82987.09
43043.273
20644.107
13599.437
10242.4795
7725.916
6260.4966
5058.131
4145.383
3415.2412
2957.0273
2430.1924
2144.841
1836.0486
1600.991
1432.4868
1265.1624
1091.16
916.8728
794.04047
717.7121
621.3572
541.48425
454.5984
378.9082
333.19595
282.23236
238.69763
194.77908
174.10286
135.63817
115.80269
99.979355
87.015854
67.6717
54.734413
48.191925
32.446075
25.058395
20.16124
16.110655
12.105627
10.595915
7.100465
6.4573326
2.5883858
1.700059
1.8156171
0.8633179
0.49343327
0.5370102
0.068913974
0.2544931
0.68418527
0.6477104
0.57814276
2.2222862
1.4698743
1.3224874
1.1922705
1.7634692
2.3137493
2.6200075
4.2945323
2.4077506
1.8789507
4.2057686
1.5565561
3.6297398
2.5323114
3.4074259
2.995016
4.1879144
2.9953983
2.37876
2.8031359
1.7640715
2.3339002
2.3746884
1.4734449
1.7939577
1.2366275
0.6710011
0.7076332
1.3866385
1.2851071
0.41535014
0.46592072
0.6794396
1.0772604
0.52665275
0.21394233
0.64333403
0.49013776
0.48175168
0.3402532
0.49127924
0.94534355
0.39366484
0.81504685
0.56220347
0.5632359
0.7182594
1.2051545
0.44597346
0.5505298
0.96400166
0.38803586
0.5620232
0.6031409
0.5056761
0.1311887
0.5472492
0.24578296
0.3906569
0.6093269
0.13199455
0.57565963
0.29358068
0.423485
0.53119266
0.4054476
0.6718394
1.6594658
0.52838665
0.0003341444
0.28036934
0.3446918
0.37594077
0.6848308
0.23351023
1.0849509
1.7986181
0.48444137
0.19988021
0.23473713
0.15520728
0.24727787
0.4217318
0.743609
0.9649473
0.3714501
0.22601373
0.26267081
0.47285306
0.289677
0.12132936
0.7993536
0.71346873
0.08241151
0.69506663
0.26829
0.09175174
0.19278976
0.7351539
0.29598182
0.28685567
0.24237461
0.3280451
0.3783184
0.2326096
0.41621217
0.31736964
0.3271687
0.218754
0.2336851
0.13825777
0.16837071
0.6054881
0.5552503
0.510542
0.22843319
-0.025145661
0.43786854
0.3461786
0.6272341
0.4044549
0.29081884
0.34994894
0.36310333
0.20970933
0.19962023
0.6807894
0.20036976
0.31761077
0.3179801
0.4428269
0.3864486
0.00368183
0.34504455
0.43789274
0.6681317
0.47266397
0.58178717
0.846979
0.45930398
0.9104295
0.26435658
0.1142395
0.24121241
0.84400415
0.61505085
0.6813712
-0.034929007
0.43741488
0.38155934
0.4299712
0.52865547
0.23595366
0.75280017
0.45939356
0.54223263
0.58314145
0.46865928
0.40198228
0.1554062
1.1757413
0.33622098
0.26191393
0.99801314
0.37374374
0.7033272
0.5496133
0.17379111
0.42072466
0.5608054
0.57500166
0.27161327
0.5301379
0.55512005
0.3419763
0.16288982
0.3929302
0.4537611
0.32946563
0.27807325
0.2646791
0.46684515
0.36976478
0.8378149
0.21596448
0.5047953
0.31754184
-0.23581529
0.69825304
0.3213437
0.28990325
0.15844533
0.43707174
0.24907976
-0.006865667
0.13010088
0.13844404
0.14271337
0.011135
0.54834944
0.50915664
0.22356957
0.43671343
0.08335415
0.4131432
0.26456878
0.7116719
0.22715725
0.17909485
0.27971256
0.38405862
0.57262576
0.2387238
0.07744806
1.3330616
0.16442844
0.64120156
0.5525726
0.36708608
0.30699688
0.1593558
0.39315787
0.35179818
0.17670597
0.23000924
0.33725497
0.7262732
0.2561711
0.6327624
0.40255803
0.51953834
0.20954868
0.35419455
0.33389735
0.41355076
0.6384945
0.3387933
0.07319197
0.52338505
0.16083272
0.13032523
0.53682566
0.24733049
0.5808293
0.7399198
0.17783378
0.45749986
0.2780123
0.38167912
0.8005587
0.29631275
0.5442615
0.15002392
0.7328226
0.36541405
0.16691107
0.45849812
0.9321313
0.34900385
0.43429315
0.114555724
0.36582103
0.43536532
0.33535427
0.26138994
0.6218219
0.26334223
-0.08403203
0.17596191
0.40510184
0.50007606
0.32074028
0.37714088
0.11959298
0.2509037
0.23119879
0.41968206
0.3054744
0.32995203
0.43143144
0.44670466
0.2782134
0.17043304
0.24500257
0.16591771
0.33309126
0.23634225
0.17017375
0.2724333
0.6342142
0.29860228
0.40276948
0.18928626
0.49409413
0.48500207
0.1523235
0.29594058
0.41524237
0.305987
0.35418296
0.1951154
0.040188126
0.180043
0.54462546
0.5731805
0.42504525
0.12868074
0.2115808
0.11926297
0.49377912
0.5187341
0.15173739
0.21594204
0.14116274
0.40621534
0.5712875
0.25441524
0.25412443
0.25077787
0.35130093
0.32871944
0.6047836
0.21279526
0.3349069
0.26499772
0.5321604
0.23389375
0.41350314
0.19415079
0.285423
0.37855393
0.43722954
0.37087372
0.56464314
0.2202967
0.26579225
0.4957427
0.045300983
0.2526583
0.22374216
0.20347738
0.17644519
0.20428583
0.44122222
0.5155181
0.20958123
0.2402018
0.2916948
0.16407353
0.1220362
0.3071833
0.28015044
0.3427769
0.23340774
0.11421881
0.11755999
0.50236243
-0.015971411
0.022510938
0.32377446
0.37277687
0.2777333
0.43096676
0.55548406
0.04609284
0.06041411
0.44553658
0.8982879
0.37265173
1.0213131
0.25033367
0.63779193
0.34533694
0.28719044
0.7346886
0.33237562
0.30251813
0.2928185
0.37023637
0.16473722
0.33196568
0.39767355
0.37287375
0.3804531
0.3649509
0.29622677
-0.012183908
0.50829625
0.3838788
0.046824913
0.30323383
0.34731647
0.3580747
0.26646683
0.35165992
-0.006244518
0.1441835
0.3842076
0.20554496
0.32966226
0.027388446
0.85275865
0.22126222
0.3118952
0.034612313
0.14429742
0.09280622
0.3760826
0.42867947
0.14354886
0.85054237
0.25267968
0.18198411
0.104435444
0.12530637
0.4204283
0.24459621
0.111437455
0.055578813
0.08174299
0.1177506
-0.02889283
0.08035594
0.0063963914
0.3058209
0.38412333
0.18519968
0.13631114
0.12733269
0.11415166
0.49482796
0.20848557
0.07249145
0.22714327
0.3737937
-0.019732602
0.12796824
0.32421908
0.14046922
0.2118513
0.30249098
0.13959211
0.32380012
0.22286072
-0.01528679
0.21491803
0.05707165
0.23434925
0.4138853
0.23244093
0.13690776
0.23916034
0.83803606
0.11669957
0.19711444
0.33395234
0.05558048
0.1808122
0.50266135
0.3490164
0.23313738
0.36438346
0.30072886
0.2106099
0.28789678
0.042006224
0.04327816
0.22014587
0.47389442
0.14126414
0.36688042
0.1651008
0.28381044
0.3484632
0.34824046
0.23552021
0.27422392
0.14872867
0.043514423
0.45886472
0.27977145
0.21716067
0.19331278
0.14224575
0.23534627
0.080660336
0.35530037
0.107581675
0.088629745
0.2973934
0.14285788
0.2035924
0.08972262
0.40547353
0.10578389
0.30869558
0.022206455
0.34745502
0.3165235
0.28701806
0.56720555
0.26152274
0.2782413
0.2816875
0.22693451
0.14889202
0.27191475
0.1742095
0.048138082
-0.12402637
-0.101407915
0.2425012
0.13016637
0.23554029
0.10858921
0.25639433
0.1391028
0.14002988
0.19779325
0.27480644
-0.099229
0.21440437
0.31230617
0.41495672
0.25798893
0.28544348
0.28592506
0.25440922
0.19058098
-0.00010132883
0.38219112
0.17767529
0.2502304
0.16829582
0.19299957
0.3001014
-0.025225548
0.26363447
0.18708426
0.18108933
0.2164076
0.4317712
0.19197379
0.43352813
0.17050757
0.02904811
0.05275769
0.10336799
0.18855575
0.2939684
0.28348485
0.18981026
0.325929
0.05393286
0.10616509
-0.030548632
0.18528816
0.18036604
0.2164059
0.22083007
0.13277163
0.10475038
0.36695963
-0.20684832
0.06646023
0.013308744
0.23645122
0.31565803
0.21996097
0.071254335
0.46784335
-0.06277617
0.07046938
-0.005520208
-0.11830114
0.2704757
-0.04209084
0.2472435
0.3377543
0.07705786
0.028948583
0.21408495
0.30411118
0.4038059
-0.056382794
-0.13567027
0.14122789
-0.08043917
-0.042887434
0.38177553
0.14189938
0.07545958
0.10765807
0.083191134
0.26091036
0.0014229082
0.10031141
0.016334884
0.04306354
0.19798243
0.10337113
0.15492032
0.08107455
0.11691502
0.109714255
0.10431868
0.12231971
-0.00445095
0.10578996
0.28253448
0.08422782
0.18332343
0.0920248
0.056241304
0.22007604
0.1865427
0.49967128
0.07703616
0.15965423
0.17465737
0.12991916
-0.021350326
0.03196335
0.24842326
0.18211786
0.022820162
0.24174681
0.17659786
0.10628527
0.30999425
-0.030164128
0.12749743
0.13757204
0.048894294
0.08510815
0.22136514
-0.061046183
0.0764757
0.08690381
0.106481954
0.1854654
0.07816433
0.15574591
0.12885776
-0.0028741919
0.15155062
0.0051977113
-0.052316695
0.18519962
0.16444147
0.18591954
-0.079761654
0.26491135
0.25364363
0.17699742
0.19438227
-0.06906348
0.10409498
0.10978926
0.26213828
0.046642467
-0.025426999
0.010272438
0.03035892
-0.12587461
0.077113345
0.08599322
0.05298378
0.33844012
0.12142383
0.14168842
0.20138498
0.100411974
0.15108258
0.011365144
0.17277142
0.04101993
0.055209234
-0.076291546
0.04075802
0.06477717
0.08128343
0.18254207
0.109830454
0.050764304
0.05244323
-0.035626277
0.0411834
0.25580427
0.03826394
0.058124263
0.10419291
0.022235282
0.25655645
0.08850703
0.09488906
0.042890288
-0.06467435
0.23340891
-0.009831205
0.15578112
0.056407645
-0.08922648
-0.023299102
-0.1633591
0.020037295
0.0040093716
0.251068
-0.1883424
-0.20646395
0.015182745
0.22011667
-0.02720927
0.09821969
0.1475965
0.29631805
0.021128386
0.3803248
0.22078295
0.30340403
0.06900216
-0.020362845
0.0066343267
0.004946336
-0.08083302
0.30978808
-0.02027694
0.26370054
0.013370625
0.0360706
0.03309232
-0.14772716
0.1323799
-0.103401154
0.051845808
0.051174067
-0.0656282
-0.009883991
0.34844497
-0.16599905
-0.059367847
0.15739392
0.24081425
0.025117088
0.07099844
-0.21208186
0.06406645
0.07174375
0.09503618
0.17503542
0.077906765
-0.087062046
0.2815457
-0.12836556
-0.19101897
-0.07968955
0.120265014
-0.21288097
0.049727444
-0.14746562
0.025842808
-0.017874
0.2846297
-0.027944073
-0.024893047
-0.05012057
-0.15730384
-0.00056007644
-0.09307405
0.21087827
0.097477615
0.014022239
-0.20426449
-0.14604935
0.011060437
-0.055574547
-0.045193765
-0.13330193
0.24422355
-0.15497962
-0.09885967
0.08610865
-0.07682291
0.01702568
-0.0980199
-0.08163274
0.08658577
-0.09959691
-0.028505016
-0.14050543
-0.013588898
-0.117947534
-0.0883843
0.042264167
0.008397076
-0.1234933
0.14569917
-0.24650612
-0.05374018
0.2636633
-0.16782175
0.012116194
0.041120633
-0.26313618
-0.08935374
0.052739795
-0.25018895
-0.17963685
0.1340999
-0.11320868
0.27262822
-0.11717765
-0.024733441
0.041348115
0.07965003
-0.018422998
0.01408197
0.19361982
-0.07239267
-0.16147907
0.25410107
-0.0819658
-0.2750795
-0.15810661
-0.13763438
-0.019261412
0.12764788
-0.17464693
0.058035813
0.1931189
-0.09256786
-0.01691804
0.027372126
-0.25028354
-0.14550065
0.21209605
-0.019766819
0.022315457
0.0704434
-0.05775093
-0.096818045
0.010717414
-0.10914966
-0.1864485
0.24028298
-0.019355593
-0.22626296
-0.025395378
-0.14302039
0.08811584
0.28152233
0.08104134
-0.23717885
0.038041066
-0.26796585
0.032696582
0.22022632
0.35875148
0.20445648
0.18050086
0.017879132
0.42233968
-0.13709322
-0.15511902
-0.07428987
-0.1479191
0.001455538
0.10252835
0.19433999
0.20830375
0.47430187
-0.11711999
-0.21340916
0.29255983
-0.00041553006
-0.005743733
0.035840057
-0.057674352
0.14539862
-0.33957472
-0.23414913
-0.19952667
-0.20322356
0.080454566
-0.13724142
-0.18464234
-0.21747455
-0.16543458
-0.23743325
-0.014396754
-0.3207
-0.16261703
-0.2724095
0.034925096
0.05565362
-0.26900974
0.02994746
0.074551575
-0.14139405
-0.24254206
-0.079702094
-0.1724421
0.09367032
-0.065710634
-0.06316441
0.05306402
-0.14663559
-0.23344436
-0.18149015
-0.28629154
-0.00076186535
-0.07159032
-0.18887004
-0.20451754
0.18189512
-0.077742435
-0.07679233
-0.28639758
-0.020964514
-0.033305667
-0.3129149
-0.19373013
0.013350062
0.22524364
-0.1443226
0.041060388
-0.32282048
-0.25396025
0.16124737
-0.06482751
-0.21435264
-0.11188777
-0.15493082
-0.11782033
-0.023324044
-0.09355134
-0.06552136
-0.079913594
-0.14719728
-0.13432434
-0.08260438
0.5630426
-0.08234255
-0.08775811
0.1047846
-0.26889658
0.07346687
-0.3163552
-0.051143367
-0.17299668
-0.29577792
-0.24349219
0.2345342
-0.17744598
-0.0057236254
-0.0022941492
0.08889521
-0.14243475
0.020550009
0.030826699
-0.2557404
0.029297274
-0.18337947
-0.14097509
-0.07952933
-0.01992283
-0.05149078
-0.02016956
-0.27195656
-0.2907307
-0.22669452
0.047722198
0.44113907
-0.26979318
-0.33196896
-0.325257
-0.29703453
0.21079406
-0.061456323
-0.18910487
0.3451401
-0.22703189
0.07475559
-0.036953956
0.22747669
-0.25994393
-0.122605115
-0.069272645
-0.17910859
0.17729373
0.025482938
-0.16705653
-0.003660351
0.0731843
0.078592084
-0.02635309
0.2580004
0.008601958
-0.14570363
-0.24498618
-0.053743593
0.036119197
-0.3294174
-0.14015305
-0.16560625
-0.17044388
-0.18539399
-0.112958156
-0.16888386
0.06133043
-0.24239933
-0.18756919
0.06474154
-0.114591956
0.013610454
-0.11471288
-0.1369481
-0.0076868087
-0.19666585
-0.024351558
-0.16538203
-0.050145548
-0.026343212
-0.41922528
-0.20647803
-0.078953594
-0.2883429
-0.21493486
-0.18018618
-0.17464772
-0.13248493
0.04582347
-0.16841386
-0.06965873
-0.06454367
-0.23975854
-0.15600693
-0.34518465
0.091741964
-0.10087078
-0.24936673
-0.38113374
-0.06655943
-0.03494785
-0.30304605
-0.24441454
0.08667332
0.055760838
-0.09709558
-0.19576077
-0.3585846
0.2728421
-0.042773426
-0.35398436
-0.2798917
-0.050117783
-0.2767737
-0.32402578
-0.058665298
-0.3731405
-0.2508167
-0.24811897
-0.26788545
-0.22140875
0.0045438
-0.043141097
-0.33645776
-0.16320482
-0.25039646
-0.20228529
-0.107326545
-0.22643478
-0.3048522
-0.22084123
-0.22994375
-0.3324294
0.015883926
-0.12738493
0.01990005
0.4356975
-0.38858712
-0.05236981
0.018599954
-0.06934591
0.19054289
-0.33534905
-0.062268984
-0.23484743
-0.07803933
-0.20655292
-0.25952685
-0.27825755
-0.38495305
-0.41099158
-0.17205718
-0.20643637
-0.29049373
-0.10418302
-0.26092362
-0.26492858
-0.08125866
0.36016428
-0.08686009
-0.21829522
-0.25837153
-0.31870353
0.21457179
-0.059248544
-0.2529005
-0.1536834
0.043252937
-0.37833998
-0.18650359
0.31692883
-0.05685018
-0.020585151
0.10926591
-0.11884837
-0.38336614
-0.12631401
-0.04429543
-0.27350235
-0.40319782
-0.19013828
-0.08244827
-0.2201147
-0.08365497
-0.15531906
-0.34824628
-0.3730154
-0.37495893
-0.3886731
-0.23610432
-0.3496938
-0.18377332
-0.29058582
0.33612078
-0.072432175
0.070194215
-0.039786883
0.03888488
-0.3306122
-0.11480837
-0.03988504
-0.221666
0.048608966
-0.30859846
-0.38355547
0.022637933
-0.3319334
-0.17173098
-0.17409354
-0.2519858
-0.23723784
-0.13251677
-0.13613687
0.23660837
-0.10167899
-0.36050493
-0.08059467
-0.11535686
-0.27372023
-0.23879084
-0.21899211
-0.15091282
0.06293137
0.87536085
-0.097365186
-0.2597532
-0.16338857
-0.03614233
-0.018139914
0.26069474
-0.26550496
-0.1135243
-0.31460544
-0.20861483
-0.035574585
-0.40495995
0.5604219
-0.08115756
-0.28459588
-0.0722957
-0.21059602
-0.046838343
0.6020961
0.41343468
-0.15758036
0.11084311
-0.18192145
-0.3179184
-0.2549413
-0.08865087
-0.26300043
-0.2550625
-0.24889636
-0.37680912
-0.2639196
-0.07379937
-0.1227449
-0.40501833
-0.12653202
-0.23796012
-0.3359882
-0.40107137
0.19669735
-0.34308362
-0.091515124
-0.35709947
0.033132754
-0.29605955
-0.15265658
-0.035149686
-0.20953819
-0.29482645
-0.28120402
-0.34814453
-0.32054016
-0.106462836
-0.3893565
-0.256666
-0.001931401
-0.18138559
0.26705092
-0.023381598
0.030369114
-0.30762994
-0.16569024
-0.09008764
-0.34479898
-0.023498382
-0.39059332
-0.3360539
-0.04100254
-0.2396178
-0.06373033
-0.39901686
-0.055961985
-0.3328405
-0.28760892
-0.29717776
-0.36553442
-0.38113233
-0.41142434
-0.23895037
0.125413
-0.22167037
-0.08969861
-0.1006455
0.1175104
-0.31445435
-0.32656667
0.13384175
-0.24542019
-0.30673602
-0.42264766
-0.29669246
-0.072084874
-0.12242287
-0.24830005
0.08949246
-0.043739647
0.15890107
-0.15740769
-0.14172192
-0.07864985
-0.22181234
-0.33143654
-0.3421508
-0.38686788
-0.09808662
-0.15981258
-0.26335105
0.12793311
-0.2722413
-0.30533
0.26637375
-0.21500793
0.2197072
-0.3903271
-0.31629792
-0.2461758
-0.35117388
-0.19030453
-0.14898533
-0.11235064
-0.33746737
-0.03411725
0.032581016
-0.3116189
-0.14816521
-0.22480206
-0.16707328
-0.23701815
-0.27126127
-0.4151796
-0.26184908
-0.26980895
-0.38238496
-0.2784518
-0.28333777
-0.14148945
-0.15750286
-0.17490904
-0.20212004
-0.35110128
-0.32452065
-0.28415465
-0.31134695
-0.3866874
-0.29044223
-0.21073472
-0.037122495
-0.115503535
-0.21562532
-0.16313644
-0.2653152
-0.37700686
-0.32403564
-0.3651047
-0.1531601
-0.3286356
-0.21600829
-0.13644224
-0.40116578
-0.33087397
-0.1982308
0.36894363
-0.2946635
-0.18441918
-0.13847524
-0.2590344
-0.36716974
-0.36627457
-0.20302477
-0.18486504
0.07479285
-0.2845732
-0.32066432
-0.1392341
-0.30071673
-0.24263442
-0.41401222
-0.25917417
-0.37440357
-0.38837504
0.60900694
0.033537135
-0.09145884
-0.117682956
-0.0003349278
0.9403317
0.35774165
-0.1582314
-0.21442756
-0.33148775
-0.23232397
-0.27857858
-0.22142181
-0.012424916
-0.36675134
-0.22291385
-0.32082796
-0.29091412
-0.16058463
-0.16421466
0.17820296
-0.25300723
-0.28260612
-0.35999656
-0.262376
0.11518039
-0.11476554
-0.3048299
-0.19372202
-0.28611803
-0.28649884
-0.28538942
-0.20763758
-0.13716665
-0.28270912
-0.3020119
-0.34360546
-0.39856768
-0.37978643
-0.23520665
-0.35540643
0.24619177
-0.37117544
0.0017368831
-0.39210755
-0.37472135
-0.28658077
-0.36169925
-0.3690104
-0.2369906
-0.16114718
-0.2587697
-0.34130082
-0.34836861
-0.2747772
-0.09212331
-0.28455368
-0.00030475482
-0.34129745
0.03233827
-0.30566895
-0.010927737
-0.17235154
-0.32148695
-0.15596838
-0.033957545
0.055571787
-0.30417776
-0.062083073
-0.2815707
-0.2768563
-0.27027255
0.12198377
0.06554985
-0.22072726
0.028397879
-0.3315084
0.09468989
-0.09230964
0.4828856
-0.29217955
-0.25217074
-0.38186777
-0.16877517
-0.38448226
0.09933399
-0.11782792
-0.14203998
0.06966305
-0.11904274
-0.0626805
-0.3479275
-0.20261557
-0.28833336
0.4097284
0.40522367
-0.14255153
-0.07636097
-0.30660635
-0.36698323
-0.42264655
0.19465736
0.25357908
-0.3612795
-0.06481159
-0.030027403
-0.19203264
-0.024934407
-0.01651549
-0.25542703
-0.42025763
-0.04359037
-0.21749222
-0.31137836
-0.42054588
-0.38939488
-0.23967618
-0.068182185
-0.30410793
-0.078420386
-0.3496813
-0.29814956
-0.14625627
-0.36020625
-0.12282262
-0.22505751
-0.30248448
-0.23281574
-0.019095093
-0.21371819
-0.11241947
-0.25440753
-0.27435574
-0.31498855
0.08605194
-0.24023962
-0.36449045
-0.3339458
-0.37880784
-0.34521168
-0.22086972
0.045947045
-0.3306561
-0.38747466
-0.34103978
-0.31064585
-0.34963363
-0.26674291
-0.19014001
-0.28865346
-0.40707302
-0.3651315
-0.0142085655
-0.159708
-0.30260107
-0.38622925
-0.021122074
-0.2776963
-0.4020229
-0.422536
-0.272873
-0.3022625
-0.3629675
-0.31206244
-0.33479232
-0.3450965
-0.39194268
-0.28439796
-0.37533355
-0.16769682
-0.40900677
-0.062277794
-0.32624787
-0.34394452
-0.12812777
-0.32936966
-0.3564174
-0.34430072
0.1292145
-0.34068793
-0.42236248
-0.39853382
-0.39581928
-0.4091259
-0.31014523
-0.26919675
-0.38972703
-0.3921578
-0.33725432
-0.39029035
-0.39711523
-0.085915744
-0.35200894
-0.37880054
-0.42735356
-0.404022
-0.32627422
-0.27703118
-0.3019916
-0.27259034
-0.26109445
-0.014457366
-0.28322923
-0.37583727
-0.22124927
-0.306083
0.016361862
-0.054630756
0.18852091
-0.2966361
-0.3224935
0.15210083
0.24067304
-0.11168427
0.016896116
-0.42194283
-0.14164549
-0.40486613
-0.3866304
-0.16284862
-0.22556463
-0.14257774
-0.24868518
-0.31948194
-0.2457525
-0.33676142
0.023409767
-0.11884515
-0.38142738
-0.28858086
-0.38871402
-0.19730383
-0.17477365
-0.41750562
-0.34611318
-0.3720709
-0.34223473
-0.31694782
0.04043004
-0.3194112
-0.31334886
-0.2789991
-0.23748544
0.030196661
-0.39544895
-0.40099007
-0.37115854
-0.30260202
-0.3575773
-0.38397652
-0.3849136
-0.35022098
-0.26305628
-0.36739036
-0.35315737
-0.38622007
-0.16408466
-0.27952963
-0.2907544
-0.25168848
-0.102408096
-0.31446356
-0.38266963
-0.20921978
-0.22397345
-0.38895273
-0.28633904
-0.40494844
-0.3631779
-0.37142944
-0.34591588
-0.27549934
-0.31347573
-0.36671084
-0.2373968
-0.281101
-0.288356
0.5306969
-0.037138194
-0.052427545
-0.4252056
-0.21440986
-0.24158287
-0.3694031
-0.08320159
-0.32219988
-0.38807255
-0.284581
-0.09180449
-0.22206175
-0.29397234
-0.41399089
-0.3845062
-0.38644075
-0.30777422
-0.30900568
-0.39701694
-0.20908871
-0.30908334
-0.39614022
-0.33856416
-0.2784341
-0.30587995
-0.24513562
-0.4033236
0.017447203
-0.12965369
-0.42002684
-0.39235687
-0.41505852
-0.43918633
-0.27333876
-0.43466765
-0.16187288
-0.39760324
-0.34727132
-0.30013025
-0.097371735
-0.39270592
-0.37372503
-0.3663113
-0.024335131
-0.24094103
0.3152049
-0.16812623
-0.34971553
-0.35371804
0.087767005
-0.3786162
-0.36413562
-0.070170864
-0.24474832
-0.132168
-0.4075058
-0.3119867
-0.3900847
-0.39537027
-0.23362595
-0.28191248
-0.10029863
-0.326163
-0.36495405
-0.26255178
-0.3769768
-0.07693297
-0.34296575
-0.2673431
-0.062112015
-0.18136215
0.033606708
-0.13515867
-0.4167683
-0.30688462
-0.29940307
-0.3580818
-0.24086624
-0.0928697
-0.2991729
-0.16424064
-0.16271836
-0.20936261
-0.21688859
-0.32297274
-0.36137545
-0.3177561
-0.17702825
-0.31876782
-0.322753
-0.36226857
-0.35689563
-0.15570748
-0.2714108
-0.32440886
-0.38671252
-0.36231408
-0.12501347
-0.36511835
-0.15301967
0.1869701
-0.27294874
-0.1385099
-0.260718
-0.40208375
-0.232984
-0.2979718
-0.31055275
-0.2748421
-0.36949995
-0.4177791
-0.045340955
-0.38763568
-0.39818168
-0.31350374
-0.34362763
-0.39058363
-0.37758607
-0.24210954
-0.18041326
-0.351582
-0.39830226
-0.38000494
-0.26112473
-0.20483804
-0.34509885
-0.40460834
-0.349329
-0.2258035
-0.3953518
-0.31049377
-0.30926013
-0.3834055
-0.33759362
-0.3747244
-0.35377043
-0.3611056
-0.42667276
-0.3824354
-0.36437163
-0.40376765
-0.17486991
-0.2480593
-0.1871648
-0.33400086
-0.34218028
-0.41719586
-0.13118732
0.037932873
-0.24183369
-0.37672877
-0.38543656
-0.3656311
-0.22902611
-0.2720367
-0.18886812
-0.34812748
-0.40615344
-0.4054863
-0.37661502
-0.31340528
-0.31579676
-0.28050873
-0.348902
-0.2066131
-0.36716485
0.1354481
-0.37716198
-0.3819753
-0.43265617
-0.34841695
-0.31947216
0.059092257
-0.32116446
-0.29171583
-0.27448434
-0.35145077
0.16046333
-0.31902307
-0.38302505
-0.3402014
-0.058285475
-0.18128413
-0.063242495
0.058315694
-0.40211168
-0.30422565
-0.21882212
-0.13929471
-0.28729656
-0.34712172
-0.20812598
0.049654897
-0.34422964
-0.3442241
-0.29330206
-0.35862303
-0.2971075
-0.13546884
-0.2846144
-0.3269044
-0.13431937
-0.37013265
-0.22880113
-0.2743253
-0.33024514
-0.36221787
-0.115864776
-0.049654953
-0.33449256
-0.3113705
-0.4218125
-0.30206782
-0.04818529
-0.3289595
0.08987296
-0.36797947
-0.3307231
-0.318183
-0.3843413
-0.015556861
-0.330184
-0.25537977
-0.2898461
-0.36348197
-0.2640738
0.12965152
-0.2146877
-0.35786828
-0.41314602
-0.3491723
-0.16239747
-0.39039707
-0.19533226
-0.38530254
-0.3305774
-0.33200946
-0.2808409
-0.28818697
-0.30204046
-0.220985
-0.3266077
-0.36316678
-0.28950518
-0.35259116
-0.3254151
-0.18387955
-0.0964241
0.12593785
-0.40567064
-0.29109645
-0.2648215
-0.1993126
-0.2922844
-0.3337889
-0.2863561
-0.09320702
-0.30361947
-0.391838
-0.19488257
-0.36740187
-0.34994775
-0.30062062
-0.39365512
-0.3229459
-0.1419316
-0.126364
-0.16426672
-0.36337334
-0.3417419
-0.17497623
-0.31824687
-0.30484062
-0.40825415
-0.22468527
-0.39373013
-0.34447268
-0.40284216
-0.36926094
-0.37904197
-0.39027047
-0.27328476
-0.38076657
-0.35575762
-0.3801595
-0.23008491
-0.35178664
-0.35847872
-0.42286348
-0.12783152
-0.32459298
-0.32898638
-0.36230478
-0.42182896
-0.28454858
-0.34465995
-0.36610487
-0.3815117
-0.33218515
-0.28198737
-0.39406362
-0.38833475
-0.41947046
-0.3776168
-0.04646955
-0.34320605
-0.38073456
-0.39217103
-0.36582243
-0.28139934
-0.2306813
-0.28703806
-0.34958717
-0.39548513
-0.41377118
-0.3283522
-0.30737844
-0.30502057
-0.42064893
-0.19307569
-0.3152287
-0.39774364
-0.40327203
0.13945675
-0.40864053
-0.3008152
0.04069273
-0.37955603
-0.31570837
-0.122380376
-0.4040081
-0.39205906
-0.3893835
-0.28318548
-0.3374891
-0.31685573
-0.3796277
-0.2683901
0.106014416
-0.1303096
-0.3897515
-0.38467053
-0.4255275
-0.04758409
-0.2783637
-0.41780612
-0.028804213
-0.22600648
-0.38422036
-0.32702342
-0.3570388
-0.24950224
-0.22938691
0.02899593
-0.22094353
-0.2376975
-0.40723902
-0.35865688
-0.26340434
-0.0757519
0.14486122
-0.40180525
-0.37204143
-0.38819444
-0.37118083
0.061621547
-0.31778243
0.15980344
-0.2656241
-0.2371021
-0.40407902
-0.15616703
-0.37301606
-0.3300536
-0.18909585
-0.29600108
-0.31548473
-0.2912132
-0.19794263
-0.38647145
-0.31094453
-0.4039434
-0.030224994
-0.2797719
-0.016359199
-0.18062897
-0.407633
-0.2939245
-0.29773527
-0.20502162
-0.14569065
-0.39009303
-0.3700576
-0.33287355
-0.37150055
-0.17691347
-0.31277472
-0.40154684
-0.31613237
-0.10325593
-0.39438057
-0.36534894
-0.24229184
-0.4013315
-0.09491772
-0.21998718
-0.19129229
-0.094697356
-0.32574654
-0.19714
-0.23800041
-0.14710961
0.15708953
-0.08380741
-0.24626109
-0.2644384
0.089723356
0.09203156
-0.356771
-0.24853824
-0.06039676
-0.24052143
-0.38005278
-0.29523447
-0.26213697
-0.33305728
-0.38098356
-0.34801263
-0.39178747
-0.3268733
-0.42108375
-0.33906204
-0.015895491
-0.4225126
-0.3929569
-0.19701515
-0.41557297
-0.23586908
-0.36336133
-0.37942564
-0.3337282
-0.046216574
-0.4211925
0.06683158
-0.35390544
-0.28525513
-0.27765468
-0.062372953
-0.412139
-0.2679929
-0.3259387
-0.0050751567
-0.28535706
-0.16703525
-0.41462213
-0.3518682
-0.4082029
-0.3858785
-0.025715858
-0.17746846
-0.30464858
-0.40191567
-0.32975942
-0.0722785
-0.3016383
0.03409809
-0.36549935
-0.3325811
-0.08593391
-0.15481925
-0.41466144
-0.30642253
-0.16915852
-0.41691145
-0.35956824
-0.37814626
-0.26597005
-0.15525982
-0.042568147
-0.34084436
-0.093962036
-0.40037513
-0.14683503
-0.20019141
-0.26232195
-0.40742674
-0.24921551
-0.42009407
-0.348881
-0.36483473
-0.17238438
-0.008907199
-0.3212591
-0.092112124
-0.32728267
-0.3044796
-0.18629089
-0.07677253
-0.18765841
-0.38324922
-0.11843103
-0.24555874
-0.40947917
-0.18349276
-0.30921185
-0.37925872
-0.19743948
-0.23044
-0.2949812
-0.36521676
-0.3426569
-0.34559208
-0.38548458
-0.37911892
-0.30393898
-0.21502858
-0.2654647
-0.2318478
-0.28436416
-0.34966105
-0.28637743
-0.17574894
-0.4081532
-0.3722359
-0.22852498
-0.18403411
-0.29559726
-0.41952586
-0.3914861
-0.19301772
-0.3887736
-0.34891355
-0.4061842
-0.41157183
-0.34553033
-0.4143064
-0.32006344
-0.312525
-0.37642807
-0.29703566
-0.411451
-0.36978334
-0.4008722
-0.34052134
-0.3885776
-0.3059974
-0.40900427
-0.409699
-0.37531465
-0.42653078
-0.30445933
-0.31372085
-0.38154107
-0.391785
-0.37310347
-0.20808056
-0.38881153
-0.2865007
-0.3840731
-0.088258326
-0.33090892
-0.3714835
-0.24181406
0.046750754
-0.29032987
-0.35959405
-0.3534245
-0.2880059
-0.3387242
-0.379765
-0.37082165
-0.40520576
-0.39244023
-0.42752397
-0.35072866
-0.3085587
-0.17799234
-0.35841554
-0.36232886
-0.29790393
-0.33166078
-0.3153334
-0.34975564
-0.40759766
-0.33969802
-0.20996378
-0.35924804
-0.38719845
-0.12806332
-0.28087375
-0.39294696
-0.38658395
-0.3979062
-0.3941228
-0.23681879
-0.24143565
-0.34831268
-0.40183556
-0.41212547
-0.052164633
-0.34322426
-0.2661358
-0.4209879
-0.42398039
-0.41403377
-0.4088551
-0.33440888
-0.4049595
-0.4044465
-0.41450357
-0.3578458
-0.29445404
-0.10430044
-0.4054837
-0.4133476
-0.3976098
-0.38908318
-0.39079723
0.08567575
-0.2852911
-0.4090493
-0.27631047
-0.36916834
-0.08038989
-0.33144403
-0.3879846
0.14623225
-0.08146036
-0.40333635
-0.42010987
-0.37362185
-0.14573461
-0.21215951
-0.3528582
-0.22632027
-0.2220586
-0.41033188
-0.25815523
-0.28782362
-0.38338304
-0.26647317
-0.3603134
-0.40526593
-0.3462243
-0.27635476
-0.4012976
-0.3483402
-0.33398005
-0.40059894
-0.35711175
-0.26239812
-0.38539058
-0.40839377
-0.2979373
-0.3657685
-0.3546533
-0.30030984
-0.38210338
-0.37886637
-0.3938161
-0.3988739
0.052663088
-0.28787532
-0.3390643
-0.41163224
-0.41567743
-0.17089988
-0.38865733
-0.35017794
-0.21785021
-0.39895117
-0.3895864
-0.37361884
-0.34113887
-0.4003396
-0.37578762
-0.29675028
-0.41426617
-0.41163453
-0.3353414
-0.38613224
-0.4264841
-0.36831218
-0.42024243
-0.41434848
-0.21670939
-0.29911548
-0.38690105
-0.41646206
-0.26600504
-0.3352519
-0.40199894
-0.42927548
-0.24195474
-0.31890357
-0.36301598
-0.3050112
-0.39678884
-0.3086947
-0.38034284
-0.3656578
-0.3962632
-0.25283885
-0.3789426
-0.39022338
-0.35510758
-0.38360822
-0.3590401
-0.32112586
-0.35436073
-0.3044712
-0.3757751
-0.35977882
-0.29009327
-0.36620694
-0.40102452
-0.28510988
-0.39539427
-0.39296266
-0.39413077
-0.29992735
-0.33412865
-0.26756412
-0.1567699
-0.4039722
-0.41366065
-0.30931252
-0.4156294
-0.3695197
-0.13093555
-0.27193823
-0.3552387
-0.3555494
-0.36174566
-0.386966
-0.19732606
-0.07438433
-0.30388856
-0.4128455
-0.38155925
-0.2881954
-0.015899707
0.039690226
-0.37272424
0.29189733
-0.39836696
-0.35610098
-0.39058474
-0.2724294
-0.11548601
0.012218475
-0.18076766
-0.2960487
-0.20138055
-0.19738708
-0.27978894
0.2863684
-0.267225
-0.24239168
-0.24437702
-0.26052144
-0.19750878
-0.3513756
-0.1947881
-0.2696776
-0.12513465
-0.32656008
-0.32530117
-0.2847876
-0.20358504
-0.3489195
-0.17588814
-0.37896603
-0.3977818
-0.391923
-0.37226617
-0.34678972
-0.38859212
-0.28385
-0.33618683
-0.08216739
-0.41710746
-0.42186368
-0.42904416
-0.39802927
-0.41488132
-0.3095129
-0.35926253
-0.39414725
-0.008121058
-0.27607122
-0.37548873
-0.20298281
-0.30672815
-0.40761644
-0.32839185
-0.17945501
-0.31194782
-0.21926042
-0.22251266
-0.40515274
-0.39045787
-0.3697741
-0.32217133
-0.12211561
-0.38748345
-0.41475034
-0.36625904
-0.32146117
-0.28878498
-0.2935327
-0.30835596
-0.25351822
-0.25332835
-0.40576905
-0.35718545
-0.41576877
0.16979706
-0.41616577
-0.2992867
-0.39924592
-0.18187898
-0.33351803
-0.36850947
-0.33817995
-0.09822999
-0.32836506
-0.2221051
-0.37688866
-0.3915895
-0.23566741
-0.35367018
-0.38676113
-0.41178048
-0.24856824
-0.35567042
-0.2999393
-0.28854477
-0.20211974
-0.17771973
-0.39748308
-0.36634272
-0.33181506
-0.42999983
-0.23907962
-0.36087555
-0.21468097
-0.21074209
-0.29952654
-0.30605945
-0.3776199
-0.24374808
-0.4092108
-0.35588005
-0.39413804
-0.33497298
-0.4206906
-0.20873943
-0.41596824
-0.33575216
-0.30656195
-0.35414124
-0.36848438
-0.41976514
-0.41497624
-0.38995224
-0.38974792
-0.3767709
-0.34409082
-0.2500507
-0.25380838
-0.42992467
-0.39627743
-0.42640337
-0.34323165
-0.2808998
-0.38761216
-0.32970762
-0.3422075
-0.38986325
-0.29358864
-0.41181797
-0.32210886
-0.34334338
-0.35913277
-0.3270399
-0.3773482
-0.3754043
-0.36468363
-0.38148606
-0.3697909
-0.28646696
-0.35530585
0.29926026
-0.081000604
-0.1923021
-0.36828694
-0.36131847
-0.409279
0.016155124
-0.242324
-0.30002907
-0.36654353
-0.34057057
-0.102878116
-0.033884257
-0.28415298
-0.24399295
-0.1477798
-0.39101553
-0.411323
-0.40756238
-0.22875133
-0.024228513
0.037314475
-0.31148952
-0.38218594
-0.39304948
-0.1735007
-0.28362697
-0.30978635
-0.37643787
-0.24839342
-0.4310016
-0.38429397
-0.3658617
-0.37977374
-0.3333938
-0.2414149
-0.29860637
-0.39424008
-0.29688194
-0.35692942
-0.40720606
-0.38819155
-0.27419904
-0.33572158
-0.38287294
-0.30421788
-0.39910528
-0.38157105
-0.3007942
-0.35790458
-0.18405187
-0.30383253
-0.2780969
-0.4004919
-0.3394426
-0.34992337
-0.31482363
-0.25103524
-0.39680302
-0.33415338
-0.35659546
-0.3743384
-0.3141702
-0.3559118
-0.25064147
-0.15040046
-0.37164384
-0.36850443
-0.3258072
-0.3682898
-0.31347385
-0.29146388
-0.4154924
-0.14559138
-0.322176
-0.31117064
-0.42979097
-0.4232121
-0.36004764
-0.13847959
-0.31181133
-0.3603987
-0.22942233
-0.3653494
-0.3721401
-0.3770203
-0.40210944
-0.08900215
-0.23546077
-0.34744388
-0.39060467
-0.3779114
-0.41337958
-0.4207734
-0.41639042
-0.32172
-0.34828776
-0.39326018
-0.34194663
-0.29022944
-0.31271467
-0.35508478
-0.3979467
-0.38710082
-0.31595957
-0.40821388
-0.31142345
-0.36780992
-0.23639405
-0.38677585
-0.41660127
-0.40924782
-0.41372964
-0.3619075
-0.40814134
-0.35937232
-0.3902605
-0.36677253
-0.3799464
-0.3661756
-0.39223188
-0.31276053
-0.4117314
-0.32185838
-0.29458553
-0.3945861
