0.045903016
0.12516586
0.053621616
0.048801087
0.046853725
0.058994956
0.05310117
0.04761682
0.041365553
0.05766271
0.047584023
0.09631191
0.07683498
0.06686825
0.054285355
0.057753958
0.054470457
0.054095853
0.052091535
0.05859421
0.039549902
0.04774446
0.055133738
0.05021075
0.06723891
0.05306014
0.056013923
0.054187566
0.06631608
0.06326947
0.052972436
0.051498093
0.039902117
0.06897374
0.052678026
0.0504891
0.05122922
0.053518616
0.053946275
0.05251471
0.034540627
0.060896438
0.049054142
0.066484004
0.05042775
0.049023207
0.060813468
0.05927433
0.054363832
0.04886413
0.052775946
0.05704131
0.058506746
0.048791096
0.06258866
0.072897166
0.05229678
0.045225825
0.050699867
0.05628239
0.039963573
0.045101427
0.072548725
0.083234206
0.052073028
0.058142964
0.053359732
0.060545236
0.050664574
0.047399987
0.043482687
0.04803289
0.047918282
0.04650044
0.058357462
0.044190556
0.058633856
0.050826676
0.0481229
0.053446896
0.050150152
0.054394875
0.045744784
0.051112324
0.06680528
0.046210658
0.058532838
0.047233663
0.052092507
0.05932337
0.06403204
0.047826592
0.058929812
0.07066789
0.05752788
0.040527236
0.05465511
0.04909944
0.043761216
0.05285492
0.054467585
0.04140392
0.047828045
0.059018333
0.061466046
0.044823796
0.05095263
0.056615397
0.053682435
0.036801834
0.04721387
0.046620704
0.049181085
0.061826274
0.057395924
0.0628921
0.049167175
0.05657088
0.04164692
0.07258663
0.05111155
0.06137012
0.03843095
0.05350553
0.052177843
0.06106783
0.061851196
0.041725654
0.035949755
0.07187885
0.055442486
0.052635945
0.056329336
0.06469479
0.06233215
0.048260517
0.056848656
0.03919459
0.035813652
0.06128942
0.05316758
0.054326568
0.058394276
0.041231304
0.081896864
0.050619468
0.051968988
0.0479286
0.05207885
0.041250724
0.07285784
0.050215334
0.053097058
0.059188284
0.05688436
0.09703866
0.08484697
0.051049534
0.061871707
0.069741264
0.04051926
0.081574164
0.051462237
0.050625905
0.047514383
0.05965922
0.053659834
0.074412525
0.04627775
0.05612125
0.053992096
0.049245976
0.04771075
0.05181966
0.053927206
0.0783497
0.048858766
0.07308821
0.06434761
0.043093868
0.05143539
0.052176215
0.05134658
0.04220757
0.06601049
0.04703374
0.06425931
0.055706598
0.044786137
0.057323635
0.04761985
0.04556259
0.03405955
0.056090634
0.05121558
0.058935847
0.049039528
0.050321177
0.065545656
0.06154543
0.0467982
0.03758306
0.04994906
0.04315382
0.042066038
0.06077689
0.05376217
0.048921008
0.04820571
0.056413542
0.07030802
0.06104212
0.051441856
0.043990962
0.047470827
0.059651192
0.050819043
0.045217324
0.06720364
0.056401305
0.0446539
0.048435442
0.060053375
0.050091922
0.064128585
0.052900847
0.060277134
0.044445656
0.061110627
0.041832864
0.0529042
0.052243
0.048320465
0.050309103
0.051113617
0.05318555
0.044172477
0.050041996
0.041119844
0.04250683
0.045886848
0.056657024
0.048820034
0.06771667
0.051821187
0.05020076
0.053540103
0.050425798
0.04577999
0.037472308
0.06616344
0.06909831
0.0496365
0.052675612
0.06247202
0.06471886
0.059594106
0.042067297
0.0701416
0.04303973
0.045872014
0.046161786
0.050088942
0.044000372
0.053262588
0.06546489
0.061309442
0.057634845
0.043929823
0.04690887
0.06357067
0.058248922
0.051981997
0.059666958
0.033121523
0.053914376
0.062783375
0.06209573
0.057189617
0.049123254
0.068728656
0.10078363
0.058874108
0.05772566
0.05214985
0.044331573
0.04194794
0.059002183
0.068026446
0.038557332
0.0672347
0.06900525
0.06059966
0.06225243
0.050891723
0.05666605
0.066302076
0.052126274
0.045986973
0.05453555
0.03717724
0.051514532
0.06759599
0.073441714
0.04593246
0.060828358
0.047412466
0.052291196
0.047770772
0.046604864
0.047957897
0.059829053
0.06054385
0.04145098
0.059828315
0.06537451
0.046330683
0.049981486
0.056125183
0.05639758
0.057018206
0.04034672
0.047932282
0.056197226
0.052392095
0.04587404
0.06081267
0.08072126
0.05510332
0.061798327
0.04005619
0.043736774
0.0616497
0.045816895
0.033596773
0.06014784
0.059200067
0.0542032
0.050757308
0.050823163
0.05369137
0.048537746
0.05332535
0.063015416
0.05111465
0.044890054
0.07316274
0.0498089
0.061264385
0.059303496
0.05881588
0.05253978
0.06809567
0.051956028
0.053365525
0.05769148
0.08117167
0.04779126
0.060860954
0.05065164
0.0746544
0.05447023
0.067936584
0.05223385
0.04601494
0.055319548
0.05538327
0.057310343
0.080208994
0.05285876
0.06861071
0.061629582
0.06554798
0.047762595
0.058469556
0.050835304
0.06346132
0.0618202
0.048483048
0.05824087
0.04528773
0.07660657
0.04755555
0.06014194
0.05681047
0.04342697
0.04996052
0.046236802
0.055278283
0.0638589
0.07696583
0.06078209
0.05827389
0.057389554
0.043044876
0.0510984
0.04979144
0.051846046
0.047552124
0.05086782
0.05455911
0.05480113
0.047187705
0.063206926
0.056299414
0.067359865
0.06518579
0.07483631
0.04777228
0.05727213
0.054585535
0.053114142
0.03912908
0.060655594
0.059887838
0.06154616
0.052345634
0.059729017
0.04459317
0.05121754
0.039706495
0.087485336
0.048806295
0.054586913
0.050323043
0.042831637
0.04731151
0.05118971
0.0679236
0.060510986
0.052577123
0.0630279
0.06678156
0.059012122
0.06850164
0.053448394
0.05886678
0.046572994
0.043775253
0.046396513
0.03505469
0.0726944
0.056785915
0.05137878
0.0637099
0.05358811
0.060576178
0.07096774
0.04647417
0.05898416
0.06303006
0.052995324
0.0671941
0.0614044
0.059781533
0.042183142
0.04883989
0.0748279
0.053790785
0.060103137
0.05507898
0.05812176
0.044155125
0.055888977
0.03717666
0.040384803
0.076804146
0.05614643
0.05044603
0.05077096
0.06377812
0.07558006
0.067302436
0.057478283
0.05110871
0.042982865
0.068636626
0.06892974
0.050122205
0.047242247
0.05098453
0.058086116
0.070267074
0.056624718
0.04811353
0.07548538
0.06503334
0.08540231
0.05022438
0.04816727
0.043731574
0.05352445
0.04566201
0.0859874
0.057728693
0.08626826
0.04022905
0.047150195
0.048278432
0.051863126
0.054844834
0.049435463
0.049966693
0.048990205
0.058775026
0.039073028
0.05295436
0.066536844
0.059992075
0.045900058
0.041810103
0.050035402
0.036297143
0.05784778
0.04171653
0.040296488
0.049405202
0.046580438
0.048883047
0.047050033
0.04371142
0.05156241
0.037125345
0.053358987
0.05161353
0.05937129
0.06395363
0.06776617
0.05729767
0.045052793
0.0543948
0.050495014
0.05286104
0.05768783
0.062364396
0.050765395
0.04545687
0.05255097
0.046966955
0.043295078
0.047916196
0.05515755
0.048826605
0.043843612
0.0690049
0.05474926
0.04470573
0.04110376
0.04248976
0.054855973
0.060483865
0.04916827
0.060019724
0.06631785
0.047887046
0.05187926
0.043042008
0.06688078
0.049778756
0.04418995
0.04910463
0.06938941
0.05979144
0.061598767
0.046888206
0.062098186
0.049611762
0.05872588
0.0521556
0.045223147
0.0681169
0.07297706
0.058526665
0.059477653
0.05932077
0.051681083
0.05167988
0.042999007
0.06648553
0.06399699
0.052590415
0.044647444
0.045223754
0.057334527
0.0450993
0.082970925
0.07928848
0.077900745
0.056720875
0.039320864
0.052960947
0.059284948
0.04677853
0.055384483
0.04935253
0.054928202
0.05740792
0.047961514
0.0670573
0.05527058
0.040755652
0.057739463
0.048052415
0.051700205
0.050149996
0.052837152
0.061251234
0.09121456
0.056895364
0.045107428
0.054112755
0.05585395
0.04431956
0.06511685
0.053320788
0.09061334
0.07049445
0.08350786
0.044769153
0.041291796
0.049493693
0.050262783
0.047867768
0.068157636
0.06494742
0.0473082
0.046231486
0.06300401
0.04944467
0.091272
0.056400757
0.07646451
0.05155197
0.07168055
0.052636113
0.055879556
0.05568441
0.04367623
0.04840251
0.062121112
0.050067015
0.07206873
0.05707076
0.03891609
0.043361574
0.045612186
0.048607904
0.05924285
0.039917685
0.05856352
0.05700822
0.06031774
0.070007004
0.035302658
0.07584796
0.046592165
0.05503762
0.045789592
0.059561037
0.04265749
0.054134555
0.043900575
0.049048945
0.04507915
0.06505609
0.046530873
0.05148726
0.052728552
0.04404564
0.048571628
0.05318703
0.06714239
0.06771463
0.04878867
0.050074253
0.050413787
0.05832007
0.0631864
0.057826616
0.053717848
0.06982905
0.068890415
0.06542406
0.059029594
0.05319032
0.056122184
0.0628341
0.052164614
0.04780884
0.0588458
0.049129736
0.05016145
0.06826085
0.050217193
0.054924484
0.04769091
0.04424854
0.05732796
0.06159749
0.05708783
0.070963405
0.05399102
0.04635891
0.04951043
0.04275637
0.0453696
0.047648035
0.050294664
0.06400748
0.06502921
0.048619147
0.03668425
0.060315084
0.04085752
0.05485945
0.04761452
0.046599146
0.056654517
0.049974177
0.06500347
0.068251066
0.06210058
0.041140888
0.07773262
0.064294666
0.06918943
0.05353037
0.043728657
0.059533585
0.06225464
0.04809929
0.054307595
0.05793287
0.050175555
0.041731156
0.07810027
0.059883833
0.058305647
0.054027468
0.039466802
0.061017904
0.056907427
0.06302151
0.03357108
0.06555972
0.05152792
0.06036247
0.06579766
0.04590267
0.063462675
0.059348375
0.0623319
0.05442361
0.064429946
0.05062234
0.0641426
0.06905966
0.057986196
0.04825684
0.06402721
0.059182946
0.074507445
0.06114846
0.058934335
0.0461371
0.06658726
0.051603198
0.046403423
0.055957884
0.07081842
0.044061508
0.047579333
0.075100295
0.09866365
0.061301704
0.052745234
0.046344854
0.072596535
0.052635733
0.056359846
0.06652803
0.03678458
0.07553639
0.09194314
0.044522043
0.059808314
0.07018798
0.061857287
0.04259629
0.034676615
0.06643342
0.05888263
0.057690646
0.056687064
0.059484802
0.055528853
0.061538577
0.07653777
0.054865748
0.055090938
0.068365365
0.067025065
0.055243615
0.062122498
0.05769239
0.067054905
0.06469077
0.047876902
0.058401387
0.06082142
0.09471606
0.034975946
0.06294937
0.06902497
0.06729345
0.052364923
0.05422837
0.06316666
0.10371265
0.060770366
0.058732618
0.06391922
0.06601192
0.04982283
0.059384704
0.053569667
0.057350352
0.057110634
0.048954353
0.06115649
0.050681002
0.070284754
0.06558335
0.057297923
0.08407744
0.06172305
0.047710173
0.057987254
0.05641999
0.057685904
0.079423524
0.0413759
0.07701544
0.0640372
0.05193053
0.064517
0.05939382
0.058639828
0.04697715
0.058305863
0.041778732
0.048971392
0.058845986
0.07925405
0.049126122
0.045810156
0.061128262
0.050390024
0.06264818
0.051832214
0.05224226
0.061298955
0.07936794
0.09950769
0.07562672
0.089029305
0.06298588
0.056407295
0.04905423
0.053912736
0.054106407
0.06245289
0.05809548
0.05307523
0.043830212
0.045762353
0.059926987
0.07203715
0.053385023
0.0738825
0.04656719
0.06308683
0.071011886
0.07656777
0.060508195
0.057810284
0.052326314
0.047306348
0.07050292
0.051078893
0.07484896
0.048428923
0.08281217
0.07161801
0.05149404
0.053536523
0.05701529
0.08027872
0.064180054
0.038958207
0.06982013
0.047786783
0.047744036
0.059477262
0.049194247
0.075022936
0.044638325
0.052882742
0.06811471
0.060482394
0.045260843
0.06181228
0.041550785
0.049056035
0.058507465
0.055762783
0.04735504
0.051663883
0.06201196
0.048918065
0.04465839
0.062303137
0.06858374
0.061547548
0.04962074
0.05523881
0.051860154
0.056650788
0.051034372
0.042222723
0.053293757
0.04538476
0.051665742
0.05383294
0.04844956
0.053821247
0.04803744
0.075085156
0.052598443
0.048369143
0.06557272
0.053581685
0.07020292
0.054451924
0.05908567
0.056010894
0.06993327
0.045007885
0.057242695
0.046958517
0.06171525
0.071397945
0.055620667
0.049001154
0.04635461
0.05302341
0.061282642
0.06503086
0.043718874
0.07247698
0.05398861
0.04606589
0.06063745
0.055581972
0.054797962
0.055049244
0.061717488
0.06243704
0.05599307
0.054745987
0.051653426
0.04444456
0.061414413
0.051885094
0.052457936
0.054637197
0.033439253
0.06605908
0.055273045
0.063350216
0.0532985
0.04735272
0.065350205
0.069921434
0.05658287
0.046736218
0.0693659
0.0531458
0.07658604
0.044788186
0.048861854
0.05409317
0.053211976
0.055930063
0.047275167
0.054372802
0.05773673
0.05082206
0.049954664
0.06332647
0.04998319
0.058879614
0.060227104
0.052020315
0.046528213
0.05280091
0.045605935
0.07395574
0.04319003
0.056166053
0.05446995
0.07081494
0.08013852
0.038196083
0.04525862
0.04887546
0.07108878
0.05835747
0.08340988
0.06667352
0.054984894
0.05903151
0.06076377
0.042697176
0.035275836
0.056646787
0.048553918
0.05611957
0.048480645
0.07235239
0.051349763
0.06262142
0.053617973
0.07540307
0.046482198
0.05698229
0.052018218
0.061341356
0.0487191
0.06507422
0.061268955
0.064919956
0.04822501
0.05178119
0.054707337
0.06167693
0.052579634
0.050738897
0.06286528
0.04747066
0.05173597
0.05197757
0.06351981
0.045755774
0.061400734
0.0647748
0.04739701
0.050566986
0.053038135
0.05317585
0.060933318
0.05244838
0.056612056
0.052576285
0.049535803
0.040066723
0.061017536
0.06810756
0.057210498
0.056453045
0.05106017
0.068988025
0.04527091
0.08364376
0.04414861
0.045807507
0.039316084
0.04777229
0.056102842
0.055128224
0.05115721
0.051719744
0.051393047
0.053662155
0.05036738
0.07035391
0.06082409
0.06099322
0.039759133
0.05728032
0.056608908
0.05789547
0.08796341
0.05384552
0.08214992
0.07120964
0.049295343
0.053917162
0.056819446
0.05964064
0.04693905
0.04743928
0.055328213
0.045313004
0.046390664
0.05500013
0.053767815
0.058175012
0.082743116
0.041652724
0.034872744
0.044280797
0.060554896
0.0496501
0.0632199
0.0693692
0.053151995
0.05100763
0.060564563
0.058579944
0.059560757
0.061177954
0.0455024
0.05491118
0.059420314
0.060053177
0.07217939
0.038824048
0.07899774
0.064572856
0.053117566
0.035700157
0.04374334
0.049456455
0.055612884
0.05169537
0.053709093
0.057790738
0.05759715
0.06308622
0.053171627
0.059061784
0.05092469
0.05386223
0.06429999
0.051802393
0.042765114
0.07357364
0.079884976
0.05542569
0.052437358
0.05698543
0.066775985
0.05880072
0.04331834
0.04981756
0.059082724
0.052572835
0.048282325
0.05399318
0.05712983
0.05244873
0.06091357
0.05608562
0.05273849
0.061856743
0.05160956
0.054080468
0.048992947
0.053057175
0.06977556
0.05917155
0.06689859
0.060278244
0.047405705
0.065569
0.075289205
0.055885468
0.047117393
0.051438376
0.051701713
0.047238793
0.05045046
0.06696314
0.06606553
0.03916268
0.06133512
0.0401703
0.07698496
0.060557805
0.056408618
0.050879598
0.052708678
0.04992906
0.0650183
0.06916969
0.0647834
0.053012513
0.08269643
0.06396389
0.0595696
0.065177515
0.056809682
0.04554088
0.06767294
0.053679403
0.047924876
0.056405973
0.045023393
0.053147856
0.056509756
0.05946116
0.040876407
0.065879494
0.06672282
0.03807537
0.04714426
0.057520054
0.08685443
0.04663506
0.05659007
0.0422614
0.04235112
0.05355294
0.06407712
0.0674035
0.062188435
0.054365832
0.049905613
0.04716095
0.055404168
0.045255356
0.050808977
0.043169063
0.056897745
0.044994503
0.0594052
0.0607731
0.04749255
0.06825295
0.075018786
0.054616585
0.0519231
0.06244006
0.038846355
0.048436027
0.0463021
0.06812909
0.06909678
0.0464385
0.06293879
0.070388824
0.05526906
0.04541081
0.042729918
0.053708185
0.048395738
0.06147432
0.06595594
0.04833021
0.04705975
0.053944822
0.060527377
0.06454099
0.056121286
0.049006857
0.06623118
0.06159317
0.057020303
0.06868065
0.039305218
0.04941463
0.061342128
0.038846876
0.043455362
0.057795417
0.0700933
0.051147036
0.06822402
0.03975872
0.051537644
0.0482083
0.05005939
0.059508454
0.0644212
0.055133477
0.052570447
0.04751843
0.05921244
0.046888415
0.07272268
0.05352371
0.05674813
0.06488786
0.044073865
0.040596247
0.051308855
0.05554582
0.05133262
0.06865761
0.051378433
0.06250571
0.04840784
0.060119133
0.059220877
0.05509624
0.055402905
0.061861206
0.04953687
0.045450192
0.05858585
0.049247745
0.053647336
0.05450882
0.0466858
0.04568495
0.048346788
0.05698887
0.041417282
0.05538504
0.043595124
0.04937285
0.054006692
0.056788314
0.059417855
0.04186179
0.06363096
0.04450699
0.057012428
0.05725323
0.057934374
0.06751316
0.055138804
0.043924034
0.050291058
0.0597472
0.058014363
0.051130436
0.054008465
0.05347177
0.039298274
0.063456185
0.05038283
0.044287227
0.053683665
0.054686815
0.038413327
0.055676132
0.050390653
0.05963159
0.073240094
0.052920017
0.056741342
0.049016804
0.0527687
0.06996277
0.053781778
0.056987826
0.051360175
0.044850484
0.052651536
0.042192392
0.043982163
0.051512383
0.049662516
0.041632053
0.06643671
0.052188303
0.057750963
0.0790014
0.06549414
0.049375687
0.039096937
0.04552271
0.055548962
0.06285342
0.06427039
0.049692146
0.06303383
0.061048027
0.055942453
0.050649147
0.042201754
0.055354584
0.055063587
0.072369955
0.058095083
0.062288348
0.0542677
0.05379341
0.057412643
0.050639242
0.054719076
0.067997575
0.061599657
0.063319206
0.05617147
0.062404722
0.04981516
0.045667347
0.047124203
0.056753006
0.06577301
0.057850484
0.053387314
0.06482286
0.059217766
0.056635648
0.048976567
0.066699706
0.047162592
0.077901594
0.06619435
0.046797898
0.049845997
0.055231974
0.04404226
0.060773775
0.067069486
0.04284637
0.06280524
0.062698826
0.054164544
0.061238226
0.068674944
0.0367787
0.049857885
0.06508592
0.0533985
0.04972545
0.051431544
0.056036342
0.06272783
0.06336666
0.051022615
0.06603681
0.057977144
0.060625117
0.043568384
0.06859948
0.041607186
0.05943257
0.05442646
0.07684934
0.03864012
0.047522888
0.043075413
0.045981206
0.0496877
0.036482323
0.06513357
0.0695499
0.06336556
0.06914676
0.06393202
0.062313706
0.048191555
0.05993351
0.044952817
0.05468353
0.061273266
0.05329006
0.08437906
0.039122533
0.05810859
0.06901803
0.05180151
0.050728
0.053380504
0.057058286
0.055459347
0.06333723
0.065772235
0.063974336
0.054413594
0.056900904
0.054354783
0.054037504
0.0434774
0.05087947
0.07221376
0.07168292
0.05102528
0.042147476
0.058230687
0.059573658
0.04786073
0.04061397
0.06336109
0.07252677
0.053178333
0.04834668
0.05616005
0.04742889
0.04932197
0.057950288
0.042290878
0.056494605
0.058151577
0.047689687
0.05275116
0.05690318
0.048551373
0.052998472
0.049706392
0.05704955
0.054338235
0.055462964
0.07000207
0.057498507
0.068889275
0.04993017
0.055921365
0.040261492
0.049756605
0.05712787
0.06231404
0.05828129
0.054278184
0.047509722
0.05418251
0.042012706
0.047731586
0.04578632
0.0598931
0.05473755
0.04590047
0.053261824
0.063242726
0.048709724
0.04795344
0.061941452
0.053499922
0.053498786
0.05703396
0.05621111
0.060380213
0.04752235
0.050963253
0.061776124
0.056262124
0.052492753
0.04719034
0.055236556
0.06649504
0.051087692
0.04893463
0.047959063
0.06673588
0.057227224
0.055846445
0.04801767
0.057502393
0.044121698
0.053896166
0.039616115
0.05464587
0.056735504
0.066160925
0.06496008
0.05806713
0.05775654
0.05416968
0.05720428
0.051487386
0.058782343
0.053518526
0.05344593
0.057388708
0.061543174
0.056620866
0.069564514
0.05344707
0.05369565
0.05160854
0.052743513
0.04347885
0.044747308
0.0559411
0.0525983
0.04478999
0.041463986
0.063094206
0.06768667
0.04004895
0.041909877
0.061926104
0.049851112
0.06293187
0.06543379
0.05349018
0.053645823
0.05520724
0.058501244
0.06639028
0.04210239
0.051926315
0.045859426
0.057319216
0.060468618
0.05279555
0.046712354
0.063813195
0.05441753
0.05623478
0.038975336
0.056025557
0.054230016
0.06292407
0.045430128
0.05645346
0.06816006
0.054093555
0.05419145
0.06072648
0.06434496
0.06405322
0.055705033
0.096027985
0.04323058
0.06747569
0.049784694
0.0415899
0.055180565
0.049828485
0.055880293
0.051493954
0.059473477
0.05636544
0.056591608
0.061293412
0.052901544
0.05306815
0.062757306
0.04188424
0.054940645
0.045845572
0.060027506
0.05119794
0.04965789
0.0491491
0.06949288
0.06460209
0.04878028
0.039654993
0.053712476
0.064610004
0.05051283
0.057259295
0.0605069
0.043870233
0.04985153
0.060466424
0.05773131
0.06270362
0.05233471
0.053175796
0.045837097
0.05736861
0.04735585
0.054120954
0.055076838
0.063239224
0.05697585
0.05447283
0.055599354
0.05105959
0.054189507
0.04883751
0.04611491
0.06167586
0.06243413
0.056092735
0.047354802
0.065861925
0.05122862
0.07258071
0.05131652
0.048791427
0.05335357
0.060150746
0.053634644
0.067241825
0.06674687
0.06849697
0.047883518
0.057328746
0.05077627
0.044900432
0.06345434
0.051506687
0.049870797
0.053910892
0.039184183
0.053099476
0.04301404
0.038882427
0.046169493
0.04759573
0.058085006
0.051625
0.051729158
0.055753265
0.049128097
0.056337867
0.042161852
0.04517728
0.04273169
0.05177314
0.05807209
0.046669055
0.06139999
0.046659052
0.064074785
0.05025627
0.049102347
0.047219336
0.051368713
0.050053135
0.05385111
0.05064751
0.05980614
0.061533
0.06300429
0.046061613
0.04782158
0.054611538
0.050593294
0.040117495
0.054648038
0.04739777
0.06097959
0.043954227
0.043036025
0.062020615
0.05626062
0.053050436
0.052052256
0.047336165
0.04487327
0.04697294
0.043856137
0.05324128
0.0773503
0.04711571
0.043808218
0.049857225
0.04592492
0.053825576
0.04665988
0.044738095
0.0644413
0.05445813
0.051268652
0.039349657
0.06245828
0.038151957
0.05969096
0.06619454
0.053620923
0.06252014
0.051919006
0.05326257
0.05165831
0.06561399
0.07061323
0.065306805
0.052000243
0.053183924
0.07377956
0.050382566
0.050886795
0.051865075
0.05229272
0.04698101
0.03415882
0.06781851
0.060033787
0.06250078
0.06619432
0.047039103
0.052054137
0.05085168
0.057385225
0.06109853
0.05985215
0.04141805
0.06637046
0.062904365
0.060641438
0.050997112
0.047057707
0.05888862
0.047713768
0.049942836
0.057362482
0.048576936
0.0594461
0.059283365
0.058589187
0.049093522
0.041898977
0.057496656
0.05393354
0.052236233
0.04486278
0.048071492
0.058104232
0.050212312
0.056777053
0.043416366
0.06034658
0.056053862
0.054638926
0.051196206
0.054443486
0.05741388
0.050939266
0.06374204
0.05719417
0.05790602
0.05344568
0.04471778
0.04052879
0.04711145
0.044589233
0.05573011
0.043474004
0.045252968
0.05848425
0.050007146
0.05173977
0.057622567
0.057817154
0.05490536
0.05618654
0.05565025
0.048756417
0.06548826
0.047291715
0.054470737
0.05924304
0.05487781
0.06055122
0.06953079
0.06462811
0.04280359
0.06101082
0.042709168
0.056747694
0.053615063
0.04583663
0.06900855
0.053834524
0.05580213
0.053968925
0.05823765
0.053110056
0.05004737
0.0635996
0.050847143
0.051528078
0.046400934
0.046278726
0.05474784
0.05336628
0.04789831
0.048794888
0.05584732
0.05103011
0.054565318
0.045749962
0.06941353
0.049697936
0.043463673
0.06003752
0.0806147
0.05295001
0.04136944
0.05433561
0.05620877
0.047958076
0.066163056
0.05170299
0.057219546
0.055154257
0.068870336
0.039892793
0.04656049
0.06499934
0.036945306
0.057733424
0.054471266
0.053804837
0.05276184
0.041817516
0.051893275
0.040505428
0.0706539
0.045157127
0.04476356
0.05671798
0.052043784
0.06766734
0.05561287
0.053665247
0.056813534
0.053417817
0.05987761
0.057277523
0.05620126
0.046021063
0.05046032
0.0719775
0.05559063
0.057147805
0.046938393
0.06792271
0.054464687
0.046517737
0.047762588
0.04342605
0.053984143
0.055724233
0.057086248
0.048977382
0.03799301
0.060307212
0.037952326
0.06639697
0.0517891
0.044400692
0.052159704
0.04557699
0.04369853
0.04997271
0.054589953
0.067583986
0.06523769
0.054588
0.05992002
0.04230553
0.05347598
0.049568165
0.04237334
0.056819897
0.06242473
0.051679745
0.058919095
0.036474418
0.058092073
0.04036245
0.052564725
0.052123025
0.056675736
0.06122166
0.056535374
0.050143678
0.05448198
0.057746127
0.06564037
0.050063066
0.054959044
0.053302784
0.06073812
0.05349977
0.06379683
0.045881353
0.044587296
0.059010558
0.04761377
0.044920873
0.055238444
0.068309166
0.080245875
0.048940483
0.04737925
0.045080498
0.05547686
0.053561706
0.051111218
0.055813804
0.050866097
0.041049823
0.058568332
0.051291123
0.050718192
0.053625464
0.04725018
0.05075156
0.05312113
0.05655645
0.05612968
0.04685755
0.045127776
0.04867713
0.044077676
0.04042984
0.04593349
0.05782945
0.06279677
0.062107526
0.042178173
0.058516085
0.068223506
0.057763338
0.060178645
0.06554511
0.052999392
0.0519722
0.06394389
0.045968506
0.059972994
0.044533055
0.056926213
0.0642127
0.048713837
0.041528735
0.05414098
0.0623182
0.05276359
0.057619236
0.06775039
0.05213902
0.06212688
0.06077935
0.05464119
0.05668367
0.049680922
0.055503923
0.05065756
0.068392664
0.07681369
0.050259855
0.070076235
0.04782035
0.05030053
0.060976315
0.04599411
0.05255608
0.04696248
0.056168582
0.04379077
0.06313634
0.054985933
0.07334453
0.06364496
0.05025346
0.056362655
0.040920023
0.052613698
0.04003458
0.048793405
0.05504052
0.04334357
0.050714813
0.053274076
0.04992768
0.059676796
0.06735265
0.047643214
0.05659471
0.04279528
0.06301745
0.055292264
0.04354661
0.0630757
0.043009385
0.050458718
0.044013903
0.05746497
0.05161441
0.05153163
0.044373617
0.055119466
0.05615191
0.04153054
0.04758207
0.058001813
0.059302524
0.06131388
0.04755125
0.048054233
0.07004525
0.04980484
0.051155422
0.0583739
0.05596132
0.05272122
0.056012195
0.05268125
0.054343637
0.061877646
0.048315153
0.05595243
0.03817278
0.057125088
0.06537745
0.048278484
0.041570026
0.060071357
0.055916805
0.059873767
0.05781859
0.053549062
0.056613684
0.07046309
0.051122695
0.052072246
0.06259832
0.054536324
0.06838059
0.039116375
0.06015306
0.04687818
0.05589549
0.052244857
0.06777328
0.06691459
0.060158424
0.061563924
0.0616568
0.058498364
0.0395741
0.049635362
0.07291446
0.05021663
0.061067175
0.042971224
0.0543152
0.060799316
0.0590955
0.048657246
0.06541907
0.04831121
0.048197467
0.06590445
0.04784948
0.039924547
0.05379217
0.05353018
0.040657297
0.052386045
0.05222593
0.053503565
0.04733077
0.044707496
0.07300938
0.05128154
0.054719213
0.046018276
0.05858438
0.045442916
0.041736025
0.050686788
0.054882795
0.04321587
0.046785563
0.04845828
0.05531742
0.06225603
0.045713164
0.058731984
0.051634725
0.06371329
0.06210712
0.0597612
0.0498842
0.044638768
0.058062434
0.042282168
0.04649763
0.08034498
0.043407083
0.047156844
0.061888415
0.04723687
0.056909498
0.060436986
0.05574972
0.04411646
0.04977999
0.055304192
0.04457509
0.061459582
0.056942333
0.051624503
0.046897456
0.05256183
0.056360133
0.033598978
0.039147995
0.04745285
0.051604394
0.057405874
0.06749457
0.056962218
0.05250482
0.046212085
0.052150805
0.058049127
0.06458252
0.055703737
0.052170232
0.046892572
0.05361225
0.04850801
0.05679001
0.040894244
0.065087914
0.04694916
0.05955957
0.053654317
0.052628018
0.063265346
0.061118994
0.056546085
0.05792642
0.052680004
0.035941005
0.043578435
0.0576386
0.044132944
0.061037865
0.053827096
0.063264266
0.05149656
0.051389523
0.04490204
0.072116576
0.051906202
0.058577213
0.051016975
0.057586037
0.045668792
0.04949908
0.031871226
0.0621513
0.059000246
0.05084382
0.060586162
0.08063836
0.05239454
0.04589051
0.048534196
0.048807383
0.053809848
0.052654155
0.07379073
0.04921688
0.049221102
0.05636153
0.054868776
0.04722419
0.061137736
0.046317108
0.0838659
0.058531635
0.08051443
0.042299207
0.06379178
0.06162061
0.045033913
0.068856314
0.04655165
0.055589676
0.053368963
0.06507585
0.057247188
0.051508263
0.0550887
0.058352817
0.0489652
0.05984341
0.052898943
0.047609176
0.044869334
0.063180834
0.06711422
0.06113293
0.053282905
0.0390476
0.047720417
0.050364736
0.04676663
0.05657591
0.05351925
0.056479607
0.041562807
0.06419534
0.058661055
0.05615093
0.046514742
0.06252075
0.056194052
0.06291463
0.0571319
0.04873607
0.059511747
0.050345857
0.05023321
0.05100162
0.05642852
0.05731996
0.082038134
0.06296836
0.05304931
0.059107367
0.042952035
0.04768383
0.057208993
0.04852121
0.06569803
0.05953373
0.055307064
0.06716788
0.061424658
0.059534322
0.050282426
0.05676585
0.041060954
0.058171097
0.057680372
0.05728044
0.041652832
0.048176974
0.058734488
0.05042474
0.057878338
0.045821946
0.04759048
0.0648426
0.05105428
0.055379145
0.06123279
0.05751005
0.054394305
0.056066513
0.048876625
0.05155277
0.07719894
0.05360859
0.048534803
0.05967947
0.06190028
0.054546587
0.060626462
0.085493624
0.048794508
0.050562166
0.058005635
0.048973665
0.05358789
0.04820986
0.061781645
0.042962324
0.04240086
0.050033253
0.05625612
0.06153856
0.058265
0.060426988
0.06751505
0.052341495
0.048379697
0.060346153
0.061246026
0.050309025
0.042350207
0.09142836
0.046289477
0.07014083
0.06426771
0.06384311
0.057435386
0.05658576
0.041875165
0.053784564
0.061023407
0.054234546
0.048069764
0.038968742
0.056329697
0.04340603
0.04951171
0.058356013
0.05374061
0.06431271
0.06260916
0.062191125
0.070157714
0.062304918
0.06619661
0.05996767
0.064831205
0.07182428
0.09554752
0.058325414
0.048482712
0.051609308
0.056699716
0.04343691
0.06290491
0.07466327
0.049747456
0.068814814
0.05678523
0.05098153
0.053941157
0.073461056
0.066623166
0.054352775
0.04557806
0.057567567
0.068683654
0.053890724
0.06079735
0.054049812
0.05677754
0.061743204
0.05285153
0.060733244
0.06343804
0.052564617
0.052273747
0.062571526
0.06469767
0.060288113
0.05706364
0.06039065
0.06762585
0.07618695
0.049110923
0.063341424
0.04908518
0.08821764
0.076421335
0.046526134
0.058357462
0.063847266
0.07238636
0.045909178
0.062130254
0.055736236
0.06154606
0.057973366
0.06027569
0.04940286
0.043543488
0.066607766
0.054500517
0.06188188
0.04144584
0.067439176
0.05233714
0.064538665
0.03940311
0.07123716
0.05675396
0.050170854
0.064547576
0.058289785
0.053122833
0.0603094
0.04989498
0.049943194
0.048429977
0.055664953
0.061287194
0.05296848
0.052885514
0.057057228
0.05704157
0.05440827
0.061295543
0.0710175
0.052348558
0.048056558
0.061101623
0.048550475
0.04212484
0.042291027
0.04977284
0.062066596
0.055182993
0.051274695
0.05820066
0.046302423
0.04991591
0.05660586
0.048959143
0.04989433
0.052704085
0.050021626
0.059312884
0.06384014
0.0477637
0.07636365
0.049355723
0.05337728
0.052217774
0.047414195
0.046070956
0.07130622
0.05333355
0.04902118
0.06744546
0.060853373
0.052783437
0.037883993
0.057717502
0.06475652
0.05011042
0.068152204
0.06708665
0.06575341
0.04948873
0.060104955
0.053668864
0.05989033
0.04476547
0.042875417
0.05723604
0.061075702
0.052389335
0.06560917
0.043428596
0.05309382
0.04016941
0.06174501
0.0616992
0.05885818
0.04846167
0.07079537
0.039183687
0.059557203
0.075112835
0.0597453
0.049892694
0.06310759
0.045317605
0.06856852
0.05998637
0.053439166
0.051891726
0.06068573
0.07103546
0.045026798
0.06517509
0.05734234
0.06520531
0.05182466
0.04771272
0.06412804
0.0655204
0.07067822
0.06321648
0.058575198
0.0498745
0.05409804
0.0664953
0.051283397
0.037945133
0.047247082
0.06512979
0.05854613
0.06556878
0.052157775
0.051441982
0.05229628
0.036447376
0.05143157
0.06753166
0.061928954
0.063669205
0.051938802
0.058182236
0.054065008
0.059765946
0.057425607
0.048326433
0.06782528
0.05121809
0.0619287
0.050383307
0.0428925
0.057140213
0.050020814
0.04000648
0.05644506
0.045700546
0.05497592
0.05070708
0.044285987
0.06182334
0.047899697
0.057415463
0.07078194
0.054016978
0.04776462
0.052930694
0.050342623
0.071876906
0.059134167
0.049072802
0.06862611
0.055024054
0.06037529
0.041065235
0.04288194
0.045600694
0.04528058
0.06006649
0.052657206
0.06930821
0.05886828
0.05420403
0.051989336
0.05408141
0.062198095
0.05126478
0.05839471
0.048656795
0.04864495
0.053304087
0.04260586
0.048273373
0.04479477
0.05971367
0.059378892
0.05466442
0.051644064
0.044930648
0.07880542
0.049272455
0.05321405
0.06747706
0.048280966
0.04955372
0.05724349
0.041604068
0.047105726
0.06298097
0.064055525
0.053298093
0.047608737
0.06261269
0.07760078
0.06098811
0.04727008
0.06278675
0.05803106
0.06392716
0.06438517
0.04195803
0.05469545
0.057162985
0.042759176
0.051298313
0.061480574
0.064551204
0.045286074
0.040297996
0.071218565
0.060899984
0.0588038
0.045199644
0.067131706
0.062885374
0.045698363
0.05151079
0.055570405
0.04399273
0.059212025
0.049862713
0.05728601
0.047924142
0.06010736
0.053716432
0.05425672
0.053561073
0.05160614
0.048833188
0.04893407
0.073830076
0.047345802
0.06384971
0.0493199
0.051713344
0.050537348
0.05106592
0.05825001
0.06271279
0.058856253
0.050987557
0.047015898
0.06717649
0.05454059
0.06252345
0.046669073
