44170.883
33157.414
12692.492
7600.832
5673.973
4496.394
3673.8613
3074.3687
2599.4348
2240.8042
1943.742
1716.1133
1517.5474
1356.2845
1216.4591
1104.136
997.9524
900.62
816.0061
737.0073
665.6095
604.4367
544.56067
494.2117
446.7427
403.38965
364.05167
329.71033
297.89737
268.04654
240.51413
215.38736
192.07472
170.64792
150.9746
132.7069
116.62135
101.79114
88.4604
76.59024
66.706314
56.858147
49.691967
42.64733
36.48251
31.233536
26.780163
22.553452
18.912071
16.19064
13.345103
11.3316345
9.449224
7.5091205
6.2781954
5.054766
4.2090836
3.442694
2.7852829
2.1885748
1.6922324
1.390589
1.0663307
0.8397023
0.6652625
0.47992945
0.37660068
0.3324053
0.23604217
0.22020257
0.16687258
0.12874855
0.14289503
0.11890618
0.160912
0.15832219
0.16647337
0.18310538
0.16878259
0.22708616
0.20763886
0.20919177
0.19152915
0.20719254
0.19096667
0.21146408
0.20839301
0.20818561
0.2037588
0.18205796
0.16665247
0.17865436
0.17098542
0.15833603
0.16884321
0.16013981
0.15546095
0.15363596
0.14425805
0.12588754
0.14497745
0.14020121
0.12970963
0.13347074
0.12415699
0.16910376
0.11217881
0.11546584
0.11714017
0.10291067
0.12075394
0.1255851
0.14213866
0.1323809
0.105674356
0.11376083
0.12319167
0.09165085
0.097919054
0.09561045
0.09845118
0.10948326
0.12705024
0.1271715
0.11160304
0.098063506
0.1021457
0.09664634
0.0965794
0.10246469
0.098760076
0.09736441
0.11527559
0.11637049
0.1126046
0.113611296
0.11163183
0.108143754
0.1023575
0.13735624
0.11651979
0.105655104
0.10581849
0.10536979
0.10329684
0.10720904
0.092505984
0.10345677
0.1242942
0.1075244
0.098054715
0.1095469
0.1010602
0.14033732
0.093393296
0.095402956
0.0990177
0.09865553
0.0911066
0.092651606
0.08590096
0.10003884
0.108126484
0.103086255
0.09870062
0.10613973
0.10813393
0.115817025
0.1017464
0.105883256
0.07336169
0.10042217
0.08406999
0.12126892
0.12581836
0.111918956
0.0949549
0.10113187
0.10420432
0.10045971
0.11301906
0.10082194
0.10083799
0.07820979
0.09715804
0.090422064
0.083933465
0.09448317
0.103774056
0.07967322
0.07675159
0.09515034
0.0913674
0.10457322
0.08672982
0.08689567
0.09299187
0.09850876
0.093616545
0.090721816
0.090087734
0.08690261
0.11799518
0.099826686
0.09130224
0.09995636
0.10344359
0.08522699
0.08302939
0.07430757
0.0848702
0.11147905
0.0900043
0.08108053
0.10894306
0.08277765
0.0921407
0.09030736
0.09643125
0.10924865
0.10475491
0.08972579
0.08685752
0.082000166
0.09860088
0.10138534
0.08953452
0.075856075
0.09832731
0.08542808
0.11357686
0.105309844
0.09174125
0.08102229
0.0954479
0.09486362
0.10218793
0.077921525
0.089282624
0.08845548
0.099977046
0.089144215
0.08205905
0.08509885
0.1041937
0.098905735
0.08608701
0.08487311
0.09468741
0.08171081
0.08392685
0.091217756
0.083580405
0.07856378
0.087369956
0.075514175
0.085056774
0.08565178
0.08681743
0.10567212
0.09654428
0.07400996
0.08664398
0.10000209
0.0702589
0.08437501
0.08324158
0.09766611
0.090617396
0.08592998
0.07308309
0.101158924
0.09340245
0.082566805
0.068242684
0.099988
0.097374804
0.08132655
0.07426387
0.09768606
0.070655786
0.06954949
0.083638996
0.07951222
0.085311316
0.08564774
0.07869168
0.07980683
0.08477579
0.08636634
0.09056357
0.07760504
0.07595441
0.066432655
0.079325385
0.07891006
0.09470198
0.075099014
0.08169371
0.09533917
0.08426626
0.070804246
0.075971164
0.08578349
0.09247961
0.0868834
0.07754635
0.0869598
0.078031465
0.0929695
0.091694675
0.07458897
0.08913784
0.08388418
0.08114631
0.083436735
0.09231397
0.08155455
0.071229674
0.08918775
0.090742126
0.072711065
0.08063243
0.07680695
0.08282232
0.07692608
0.07477537
0.079343274
0.09385031
0.064156435
0.07452809
0.09021889
0.08797467
0.07855533
0.07603979
0.08305023
0.07257066
0.07703341
0.08073818
0.075188674
0.0772159
0.06726251
0.09208617
0.087793924
0.099746086
0.084964365
0.068806686
0.08148352
0.06989657
0.07829389
0.08416853
0.067099296
0.08483264
0.076188944
0.07603636
0.06855877
0.081343845
0.06658967
0.07404134
0.073682934
0.092166334
0.07452482
0.089518204
0.07804985
0.10217912
0.0749607
0.07450347
0.09039982
0.06722667
0.08087549
0.0914905
0.08362988
0.083292924
0.084164284
0.085123256
0.07176839
0.069017306
0.067688845
0.10002644
0.092891894
0.07569114
0.09119883
0.068175204
0.07697942
0.07844602
0.086481944
0.07341385
0.07213429
0.07564677
0.0741688
0.08245714
0.07228966
0.08534786
0.07415415
0.06897671
0.061892565
0.08740558
0.06910397
0.07910473
0.08246382
0.07491367
0.06669117
0.06514443
0.09296734
0.076860905
0.0940684
0.07508228
0.062694766
0.08716103
0.08542395
0.060265925
0.10453257
0.06157092
0.067784406
0.08395294
0.07409041
0.0981228
0.08367116
0.070426024
0.08034301
0.088733785
0.07518827
0.07050769
0.07400607
0.0826681
0.099608414
0.060904164
0.09063763
0.077530935
0.070786595
0.06229473
0.073525265
0.07377247
0.050656162
0.07435762
0.07892677
0.06860138
0.075871654
0.076264426
0.07215206
0.07830736
0.07087382
0.062620714
0.070260316
0.07352402
0.07070096
0.0705918
0.074647374
0.06948965
0.06811286
0.08942656
0.063247584
0.07253715
0.07405711
0.07080734
0.07120143
0.07975264
0.08798791
0.06819831
0.081939414
0.06980568
0.07485591
0.07630585
0.06736039
0.07866094
0.05972025
0.07592641
0.075219
0.08188242
0.062004022
0.0867791
0.052388627
0.07726904
0.062345643
0.08038938
0.061630998
0.074683286
0.07404317
0.059656203
0.065707535
0.083119765
0.101565786
0.06484826
0.07358129
0.071057305
0.06322216
0.07040437
0.07209413
0.06651748
0.077590965
0.07477089
0.07091301
0.06992794
0.061836477
0.07318915
0.08570178
0.07956385
0.06632316
0.06651605
0.088453785
0.06425388
0.07201741
0.079535626
0.06502049
0.077568665
0.070942976
0.08702859
0.06396408
0.078877
0.077043965
0.07376669
0.07033612
0.069416404
0.06658112
0.06879473
0.058034394
0.062745795
0.085359536
0.055765323
0.06913144
0.0769565
0.06960365
0.05790104
0.06130707
0.062049124
0.0752748
0.06122173
0.07570361
0.07610178
0.066627294
0.066318944
0.07418484
0.066162616
0.07322234
0.06774719
0.066423185
0.0698553
0.061166864
0.066227436
0.069510445
0.05673477
0.06761537
0.069721706
0.075899616
0.073765814
0.060697097
0.061873924
0.078389
0.0668096
0.068972595
0.064867385
0.07092241
0.07564137
0.077870026
0.067489535
0.06284257
0.079007655
0.072400324
0.070482604
0.057938896
0.07228456
0.072653405
0.09150259
0.07816023
0.068817005
0.050260805
0.080441706
0.07463175
0.06755672
0.060704987
0.07581369
0.0658996
0.07258727
0.06395486
0.066155374
0.06604627
0.060511075
0.06788109
0.06552459
0.0746769
0.0838826
0.09269858
0.08918255
0.06610245
0.06723062
0.06582388
0.06286806
0.07837761
0.07233833
0.06282807
0.073961325
0.077074714
0.0616921
0.06914113
0.06009097
0.08836477
0.06916157
0.06574296
0.06260095
0.061731726
0.060912848
0.058417313
0.064370416
0.064816535
0.06037193
0.06998443
0.057804268
0.06525867
0.05534515
0.05818899
0.055757474
0.07473543
0.07205821
0.059472773
0.05915344
0.068669885
0.068773545
0.06703111
0.0739419
0.06910627
0.06393044
0.07365144
0.053368475
0.06708728
0.061596878
0.06677699
0.05505792
0.06663449
0.06857899
0.06112121
0.065808944
0.06896341
0.06410691
0.06932906
0.055249754
0.07368583
0.06559234
0.06131987
0.06421069
0.05544328
0.06178876
0.08241718
0.07610825
0.078957416
0.074445285
0.071430326
0.066973224
0.08201501
0.06257991
0.052016187
0.07383706
0.065801084
0.06712164
0.069010355
0.059455797
0.07084665
0.061170757
0.074950956
0.05944504
0.059779152
0.073488384
0.072393656
0.0747394
0.063641585
0.046289336
0.07871792
0.05896266
0.072964765
0.07150136
0.0713325
0.060059804
0.08585481
0.063641205
0.056309287
0.047834806
0.067866385
0.05827144
0.06837266
0.06435248
0.07571469
0.06524712
0.069833726
0.060186885
0.0645735
0.06815773
0.074543536
0.06807374
0.06713288
0.060794316
0.07642249
0.053649575
0.07640263
0.058089748
0.077814646
0.07153166
0.06450936
0.07171509
0.07228561
0.066554606
0.054995112
0.07046839
0.05592455
0.063442275
0.06500859
0.06965053
0.061400052
0.07074935
0.06602886
0.06201205
0.061967608
0.06734588
0.053966757
0.06989026
0.068021335
0.07471443
0.073417954
0.05928859
0.060838405
0.07486344
0.0620706
0.06509048
0.061872635
0.061818004
0.08149545
0.061190546
0.07347875
0.05485279
0.07089834
0.05351799
0.06711568
0.065902874
0.071822144
0.05792994
0.054083772
0.0553366
0.07241358
0.052098587
0.071758576
0.06975368
0.05836606
0.0703166
0.06259765
0.05206961
0.07170545
0.063474275
0.06614118
0.069958024
0.06669694
0.057658378
0.06303551
0.062243804
0.07270352
0.06715931
0.07082705
0.058946393
0.05760721
0.06903142
0.06986048
0.06520188
0.047579136
0.060921755
0.06592382
0.056622516
0.06386733
0.06421323
0.074709766
0.048413247
0.06334174
0.06985754
0.07082387
0.06591491
0.06803855
0.062223613
0.062420476
0.05720553
0.058354422
0.06852621
0.06456282
0.056362603
0.06640008
0.058476437
0.06255514
0.07372937
0.057199355
0.07854999
0.051378254
0.056577355
0.06417547
0.06253976
0.057052087
0.06615373
0.06562894
0.06366546
0.061667796
0.076548345
0.07489993
0.058721054
0.055312227
0.061261408
0.060091477
0.055602733
0.06285089
0.053534314
0.051453244
0.07190533
0.055121064
0.051994577
0.061794575
0.060599256
0.058685854
0.05953423
0.060036026
0.0619036
0.06083391
0.06095583
0.05420281
0.06762785
0.06510915
0.06400661
0.066486634
0.05752085
0.0723172
0.05511012
0.07193973
0.058691848
0.05230038
0.056287184
0.06089517
0.060582962
0.07054717
0.05786062
0.06306876
0.05570484
0.062492017
0.063633285
0.060359668
0.0599166
0.05837978
0.063536346
0.054605313
0.05236083
0.06271486
0.058384705
0.065751866
0.04916845
0.07394414
0.058873113
0.06927851
0.05440136
0.06797512
0.054227024
0.06186438
0.068140544
0.06348631
0.07758045
0.05816048
0.055867307
0.068071306
0.058785263
0.062554576
0.06277076
0.06058535
0.056302257
0.0638234
0.060269024
0.06019771
0.059185024
0.06021618
0.053080972
0.05535857
0.061717287
0.06004846
0.06840434
0.051081978
0.07285028
0.061681762
0.06420228
0.077103466
0.06043882
0.059718933
0.049954854
0.04956232
0.0636132
0.054003626
0.061910298
0.06926107
0.051700372
0.06385402
0.05933967
0.057052888
0.06883171
0.074832395
0.06665432
0.071348846
0.052638326
0.056879714
0.058313236
0.066341855
0.063232675
0.04254613
0.05979677
0.051893756
0.057495914
0.056830533
0.06678752
0.05399018
0.05465807
0.05795471
0.058745086
0.070458196
0.05971892
0.064487636
0.05953339
0.04977086
0.060111504
0.07080372
0.06429978
0.057540543
0.057190772
0.05214862
0.059848044
0.055937205
0.048066366
0.059352566
0.053591177
0.06819257
0.054979008
0.061315197
0.06497286
0.058512814
0.051530115
0.07093269
0.047614425
0.056098524
0.05993966
0.066818856
0.05800258
0.050943293
0.059152044
0.049513884
0.066673554
0.060369458
0.062246468
0.061805163
0.06367992
0.055018447
0.055944264
0.05678142
0.0611216
0.048161823
0.063068345
0.06127442
0.07076116
0.06520626
0.06371186
0.0491764
0.055875693
0.06349016
0.07110975
0.071848445
0.0683944
0.06902401
0.04845768
0.061406575
0.05557529
0.07408327
0.058806945
0.06558085
0.061909698
0.064320095
0.055907413
0.056323405
0.070357196
0.058957864
0.07973326
0.042097468
0.053471386
0.06311193
0.06870701
0.058235582
0.07737488
0.059986804
0.050352402
0.05160219
0.05944754
0.062341295
0.0627297
0.055099078
0.061376892
0.057235725
0.06565442
0.05825797
0.06473662
0.058700867
0.07017067
0.058393627
0.06340138
0.053206097
0.052145887
0.06441611
0.067855954
0.068483844
0.048760824
0.05500331
0.077004276
0.0431415
0.06087362
0.0498321
0.06551808
0.06755346
0.05880204
0.05815422
0.043264773
0.053261302
0.07654159
0.05322959
0.051423457
0.074794136
0.055509303
0.062604465
0.059724912
0.05336794
0.058856178
0.06740681
0.049359906
0.05494597
0.054901425
0.05295247
0.06180411
0.04869023
0.063626856
0.06744032
0.05173835
0.06224993
0.06493358
0.049833093
0.057031427
0.061679512
0.059607603
0.054560088
0.056331027
0.052440807
0.056098133
0.044675563
0.058826886
0.05321476
0.06360257
0.04717123
0.06698059
0.062158834
0.061893295
0.06503618
0.062463548
0.055424765
0.05242085
0.06477725
0.07328074
0.065957054
0.07161497
0.046863068
0.053626575
0.062458653
0.058646522
0.06827524
0.069093585
0.056939203
0.048685793
0.056585368
0.052088406
0.059164707
0.05163455
0.053448357
0.05544519
0.052294344
0.05125612
0.060951985
0.05082067
0.05334975
0.048008386
0.07046851
0.06076402
0.064283945
0.06394519
0.054568045
0.05825612
0.062364023
0.04530621
0.05099256
0.05185851
0.07697264
0.04802296
0.05245419
0.072631456
0.06647796
0.06092582
0.055954
0.056060124
0.05800464
0.06563485
0.0484141
0.06301158
0.05572981
0.05247624
0.061736524
0.055114575
0.054982897
0.051027063
0.056074888
0.06382845
0.052067243
0.060415436
0.05011249
0.049568612
0.06801408
0.05453622
0.051359084
0.06817195
0.05452788
0.06724373
0.05378375
0.052357536
0.05776699
0.061150428
0.05714436
0.05815555
0.05200463
0.037126083
0.05566996
0.05267053
0.052163452
0.052281283
0.065488756
0.04788498
0.058536895
0.06355377
0.050173365
0.047760315
0.05888206
0.053522997
0.050106563
0.050582472
0.051509336
0.06544641
0.06795971
0.04292144
0.05884443
0.058275826
0.06419082
0.059500474
0.06274716
0.055889815
0.058711436
0.048400924
0.05642912
0.06289357
0.054568183
0.0553628
0.0482996
0.055727728
0.049395237
0.053958435
0.060592774
0.04435654
0.0712538
0.05487725
0.05003322
0.04694285
0.051015515
0.06488873
0.054431647
0.065272294
0.05887527
0.059081007
0.050491598
0.070396036
0.060524747
0.06035541
0.060670603
0.040464263
0.051346604
0.05638093
0.059577867
0.05272745
0.051240712
0.04502625
0.05510023
0.052869573
0.049001146
0.0574951
0.05153817
0.053940516
0.060493004
0.06675496
0.060256485
0.06188428
0.05529148
0.059372123
0.06000211
0.0602137
0.06159778
0.050534327
0.0596701
0.05263999
0.052941665
0.049711958
0.04942732
0.058566004
0.04575324
0.0734415
0.06354805
0.052471872
0.05422945
0.047414724
0.06004069
0.048225433
0.047579408
0.053011354
0.044836704
0.048304558
0.05647309
0.04874832
0.06314923
0.046632323
0.048933886
0.04890452
0.061940815
0.078000054
0.054631535
0.043527234
0.062078737
0.05848857
0.056609742
0.049056172
0.055675495
0.04959711
0.057310656
0.048067432
0.047479764
0.051202938
0.05304913
0.056787383
0.058890622
0.046761304
0.06682211
0.048641395
0.050711583
0.04887825
0.049355995
0.058242686
0.04948376
0.056073435
0.037950847
0.051021345
0.05832291
0.058127366
0.05754217
0.053523716
0.05155573
0.059106477
0.06745848
0.052044284
0.06246183
0.05422462
0.057629842
0.052820653
0.05978511
0.051019523
0.060366884
0.06797368
0.057234593
0.05920788
0.038747966
0.045863263
0.051653553
0.05858927
0.052105587
0.059732515
0.063013315
0.040791776
0.05598642
0.04955668
0.04842969
0.051944252
0.0533641
0.07119904
0.045255937
0.051595554
0.0528165
0.042042006
0.062315866
0.054666683
0.07128657
0.035501976
0.05195008
0.05388489
0.04833738
0.0592927
0.058822095
0.038670547
0.058623735
0.040523443
0.06334405
0.07520007
0.060874876
0.054713506
0.059760846
0.039990906
0.057354018
0.051952064
0.06734852
0.040542062
0.052092288
0.05376992
0.042883392
0.050288897
0.056166478
0.049917005
0.051565617
0.05604757
0.054973267
0.063558504
0.045219783
0.06737343
0.054722488
0.057421762
0.04774907
0.054643434
0.054812204
0.073097624
0.06367591
0.06469039
0.048280086
0.05816953
0.05562712
0.06817331
0.052057546
0.05395385
0.06150429
0.053582918
0.06412876
0.05050685
0.04777847
0.05193486
0.06363554
0.043877784
0.065914415
0.055547487
0.05738247
0.055361252
0.057543486
0.06100197
0.059818212
0.055063326
0.04313393
0.052292667
0.06224997
0.043687128
0.059468243
0.04484595
0.049927574
0.05711596
0.054295056
0.05506835
0.04974871
0.06206221
0.05595521
0.06078004
0.047794424
0.0640163
0.06826194
0.054697976
0.059310142
0.05197157
0.059574366
0.053614333
0.05045583
0.051702768
0.053771134
0.064198434
0.051009774
0.049747027
0.057271406
0.058448095
0.05288043
0.051767897
0.04048824
0.049599398
0.044967163
0.053166088
0.05569253
0.050303016
0.056267284
0.05297786
0.06576612
0.064080276
0.042634413
0.04569226
0.05723744
0.04910478
0.05976783
0.053303063
0.0467721
0.06166771
0.05782007
0.036873158
0.058990322
0.055169616
0.06572153
0.053759668
0.060383815
0.056842167
0.061820734
0.058452297
0.055490237
0.052257344
0.070345774
0.058800224
0.051086772
0.060280573
0.061278954
0.05428203
0.05398963
0.052892625
0.058277797
0.04612172
0.04589379
0.051856745
0.04856904
0.051846493
0.055741977
0.06260912
0.06211232
0.0534725
0.04643612
0.0664277
0.058604185
0.06280373
0.043897558
0.041111797
0.059550118
0.0575287
0.06588117
0.04037985
0.059290458
0.05662005
0.058678027
0.05171492
0.046264794
0.061371304
0.05352364
0.045095973
0.05169204
0.0638909
0.04971628
0.05680743
0.046086017
0.06037748
0.041826464
0.053365607
0.043344483
0.061137035
0.051127464
0.067124166
0.05028079
0.05519893
0.046378344
0.059957538
0.06693711
0.059588693
0.043974005
0.05129894
0.04986543
0.05026644
0.047891315
0.04193052
0.046463195
0.060859848
0.054025847
0.054820582
0.06641636
0.05207447
0.063697785
0.05082476
0.046066772
0.05656541
0.04101841
0.058499303
0.052456282
0.04200725
0.05627114
0.05211574
0.06295283
0.048728056
0.059426785
0.06269003
0.044746146
0.068308406
0.05598976
0.047449816
0.06433335
0.05464285
0.053501178
0.051540624
0.052949212
0.052682854
0.06288714
0.050431065
0.050674174
0.051598545
0.044056147
0.056173734
0.06046433
0.0500789
0.061110552
0.059808217
0.05458281
0.050849
0.041147787
0.06654383
0.046512194
0.042892393
0.044201996
0.049976133
0.052817646
0.053141065
0.048286147
0.053462747
0.060071226
0.0633207
0.051426046
0.04594925
0.05005531
0.05625369
0.051777735
0.04593099
0.058370866
0.04925766
0.049639545
0.057513956
0.0588185
0.056282267
0.053615272
0.039936643
0.033631016
0.040802523
0.043895036
0.050978485
0.054166943
0.048176453
0.06309103
0.044816725
0.043527067
0.06380432
0.05191806
0.049184036
0.04670303
0.052319024
0.049687427
0.06748639
0.05602128
0.0490917
0.061075073
0.056569327
0.0675693
0.051687088
0.040533856
0.055726267
0.05121033
0.035733145
0.048697505
0.050138786
0.06194287
0.059565578
0.058390167
0.053081222
0.05450285
0.053528298
0.056593575
0.052433424
0.0505894
0.042826753
0.055047557
0.057618435
0.05163828
0.059230324
0.052699123
0.04807899
0.059952587
0.053193945
0.051870402
0.056217704
0.051004503
0.05603493
0.054505236
0.053665053
0.05031378
0.053510018
0.05094222
0.046980366
0.047499742
0.04962166
0.06504666
0.05363602
0.058077678
0.045997523
0.048499424
0.04374059
0.057507552
0.05753235
0.06378652
0.05339569
0.048729356
0.05104216
0.046512306
0.04766165
0.05281366
0.051327705
0.05440997
0.04638645
0.04642448
0.048382595
0.05404643
0.054916557
0.04310735
0.054127555
0.0672857
0.048193336
0.06586107
0.041785117
0.05799248
0.043658663
0.060297478
0.053016555
0.05650823
0.057197817
0.04186155
0.05616169
0.066973425
0.061460897
0.046654973
0.047781806
0.05649315
0.04639232
0.06121955
0.058198024
0.0522971
0.04945672
0.04051376
0.051867172
0.058155287
0.068192825
0.044150244
0.057735946
0.049782574
0.06284572
0.06151113
0.041595194
0.049740463
0.05567791
0.053949784
0.03564507
0.04057843
0.04540278
0.058140058
0.054059185
0.048545096
0.044374783
0.0546623
0.052874222
0.052804206
0.058562953
0.045714676
0.04679804
0.047748733
0.055205524
0.049021065
0.05733529
0.057908673
0.043736875
0.05130533
0.058256537
0.051834036
0.06099179
0.040801834
0.052321024
0.054557767
0.05363202
0.03899171
0.047664262
0.044838026
0.051591422
0.051160585
0.049850337
0.04416629
0.052564934
0.05015468
0.05083013
0.05680449
0.04784112
0.0496485
0.052600026
0.04312755
0.061863985
0.05529597
0.055664793
0.049223464
0.05933349
0.049436152
0.046233006
0.057371523
0.04306325
0.05132666
0.050789744
0.046853792
0.05479244
0.0537086
0.038938157
0.051647104
0.04915595
0.04295146
0.05192421
0.056486286
0.04781797
0.04053839
0.05271332
0.059433643
0.058822297
0.041137658
0.039381973
0.053167876
0.058444023
0.06373642
0.05381731
0.045421362
0.056169037
0.04699085
0.04592106
0.05127409
0.05407398
0.059967592
0.048855837
0.057564147
0.052207913
0.053058207
0.053531777
0.06153077
0.05908271
0.06517246
0.043383878
0.05437359
0.054419756
0.049865436
0.051621992
0.045356072
0.056400344
0.053583357
0.044854008
0.048995387
0.05498774
0.056075472
0.05607837
0.044645254
0.052202936
0.050548453
0.04874684
0.045368057
0.057805333
0.052520588
0.057396885
0.04940347
0.0423821
0.045232292
0.041789893
0.04510471
0.05063141
0.047441598
0.049284592
0.05558777
0.05700189
0.04191364
0.04327167
0.06580396
0.056264218
0.05144256
0.04259283
0.063159734
0.04929789
0.0435359
0.054279845
0.061639298
0.047197014
0.04891277
0.045848656
0.04626261
0.055201083
0.042303406
0.043290917
0.06275474
0.04787043
0.047347073
0.04831713
0.05326778
0.053110454
0.047447998
0.06599517
0.053119812
0.04744238
0.043235123
0.03918232
0.05085294
0.06047977
0.055904757
0.04625772
0.043895952
0.054155435
0.06078324
0.050551984
0.05332445
0.049276415
0.06828322
0.05429143
0.06415884
0.06068777
0.051215176
0.047053378
0.05635728
0.05722014
0.05114273
0.052740242
0.05134998
0.05217615
0.05435174
0.062300798
0.053962205
0.052745193
0.049184196
0.043535296
0.050062407
0.041899383
0.04344579
0.040897798
0.052256975
0.048049625
0.05170216
0.054460723
0.052030016
0.045829613
0.049196266
0.05785695
0.041654278
0.047092523
0.05995365
0.05196482
0.04774008
0.051642045
0.056320094
0.052093975
0.04959763
0.06149874
0.057557642
0.043058194
0.04337065
0.04138737
0.045618117
0.044377074
0.044428673
0.05353919
0.04368106
0.054928113
0.043176845
0.05679948
0.04947323
0.05029307
0.05722706
0.0534382
0.043387298
0.06054079
0.056616344
0.045635793
0.057193782
0.055245657
0.043210037
0.058860607
0.060224403
0.0474887
0.06094448
0.05469443
0.057466432
0.05079932
0.048597988
0.048023626
0.053345125
0.04906251
0.053042788
0.049127985
0.059535418
0.044372223
0.04431082
0.052558154
0.055210177
0.06480793
0.05340863
0.053923093
0.056506373
0.04560383
0.04096617
0.06089188
0.041219283
0.059126686
0.05809927
0.043954063
0.048443004
0.05549023
0.037684903
0.046108752
0.05912358
0.05141701
0.049533866
0.053310107
0.04780602
0.046049833
0.037153788
0.052312564
0.04593006
0.04339517
0.05233035
0.049329337
0.04547103
0.048092604
0.040760547
0.054195125
0.056000907
0.05076681
0.05676974
0.037704237
0.056323122
0.04420344
0.061476577
0.037204463
0.053336404
0.056982223
0.059570614
0.05761369
0.04679086
0.04552399
0.053049352
0.0484161
0.055246923
0.057254117
0.050965767
0.04945493
0.04794375
0.04746025
0.0370163
0.038763244
0.04208714
0.052415106
0.049159013
0.05349091
0.050948873
0.05234068
0.062273446
0.049939066
0.04883214
0.04781268
0.037545595
0.049399115
0.05525746
0.04285617
0.04201218
0.05056384
0.047310032
0.05442369
0.046009067
0.0505795
0.06240172
0.053359993
0.051436782
0.06466384
0.06197367
0.04930875
0.06323383
0.057305284
0.05889255
0.05379653
0.042728692
0.048076168
0.047928825
0.048856974
0.047964215
0.042633314
0.06102659
0.057075053
0.06331855
0.048326913
0.046453826
0.054139912
0.037683085
0.04888822
0.055975523
0.03791389
0.058051765
0.05411987
0.042256724
0.05180605
0.056458734
0.0524914
0.029955104
0.04882251
0.056299403
0.050400555
0.05427815
0.04233107
0.04371138
0.052203182
0.048283245
0.048716035
0.054848623
0.03994284
0.054509655
0.03909706
0.05844692
0.044310976
0.048218768
0.054849073
0.055090416
0.030606877
0.042183746
0.046283748
0.04735081
0.052285105
0.04343136
0.055596728
0.04607078
0.035234284
0.047531065
0.04774955
0.05092958
0.040766995
0.05436806
0.049097016
0.05489743
0.0506476
0.048342038
0.04894824
0.061763126
0.05896734
0.057104222
0.04643524
0.058701225
0.04142738
0.04675741
0.046859138
0.054987255
0.040107638
0.047733527
0.067310296
0.055784725
0.055788953
0.03951975
0.046759818
0.044016644
0.051043298
0.04446167
0.042125214
0.053201314
0.05324291
0.040930137
0.051702186
0.0546869
0.047104876
0.042281777
0.05339746
0.042082753
0.04837238
0.045650028
0.05895193
0.05349815
0.048755813
0.057930388
0.04742673
0.05340932
0.043155074
0.055061426
0.047314513
0.04258322
0.04570583
0.047518972
0.050936602
0.06346101
0.0480306
0.037756395
0.039330885
0.054377187
0.05067609
0.045500986
0.04983913
0.05588611
0.05343556
0.051526755
0.052576695
0.059713457
0.05325872
0.05562449
0.056745708
0.048752014
0.053751495
0.06286739
0.03965839
0.04817954
0.05002034
0.043622155
0.046860773
0.061265554
0.05504034
0.05259686
0.050214007
0.057691436
0.046536453
0.05918251
0.05551884
0.05407614
0.044491485
0.0503205
0.052618604
0.04797748
0.056129884
0.0423806
0.048318967
0.047975373
0.041857194
0.052421093
0.05759539
0.039677713
0.04394323
0.047561496
0.049348336
0.053629525
0.044737794
0.044085838
0.0621808
0.05011616
0.044581044
0.059854016
0.04381592
0.04498884
0.047343854
0.0547546
0.048709184
0.05162897
0.05025369
0.049981672
0.04520972
0.051108196
0.053654194
0.048525203
0.062465057
0.03921509
0.055986125
0.048143577
0.05862651
0.051555548
0.047694396
0.041267853
0.056252282
0.042675324
0.047253855
0.04442011
0.045579482
0.047586765
0.04089894
0.047362234
0.05018394
0.039003227
0.05521906
0.04970378
0.054052535
0.04806877
0.052180123
0.040464737
0.048586722
0.055267673
0.03909593
0.0448436
0.05080958
0.052722882
0.038688786
0.036997505
0.059122946
0.05521479
0.048895583
0.047327846
0.034639303
0.04358484
0.056493342
0.060544997
0.056193035
0.034063615
0.06362767
0.048289765
0.05511389
0.046416726
0.04018594
0.06691809
0.040205263
0.052162
0.050658166
0.040969267
0.05411784
0.05021592
0.06023709
0.05051545
0.048912343
0.040660102
0.05186582
0.04033085
0.035360996
0.036291506
0.049371157
0.038966205
0.060009677
0.044852864
0.048079662
0.054781113
0.057004068
0.057920728
0.044351123
0.043631226
0.050399624
0.046239942
0.051183943
0.04853026
0.046611425
0.051565927
0.050326344
0.048271004
0.04790809
0.048980698
0.060306046
0.046791032
0.05761647
0.0509817
0.060603313
0.047073167
0.052739456
0.04633491
0.035682343
0.056457825
0.041508865
0.058682658
0.046667658
0.04355958
0.047319815
0.04299247
0.05841968
0.04410394
0.04977431
0.047701623
0.045870677
0.045392875
0.05371977
0.06189716
0.041175842
0.0464131
0.05233259
0.047510408
0.05258597
0.04817245
0.054200448
0.051226627
0.06452872
0.053099193
0.047481257
0.05136765
0.046191115
0.041143294
0.060056742
0.044240333
0.050406493
0.044147335
0.05253628
0.06020427
0.05304909
0.041190404
0.053766955
0.043914717
0.043201827
0.06138135
0.051308066
0.054759692
0.04556456
0.04190483
0.060002763
0.056340467
0.064489454
0.04342293
0.049292117
0.04249324
0.053601816
0.051768724
0.04693291
0.047389206
0.049938112
0.03818747
0.044824764
0.055833757
0.04906361
0.050665252
0.053762358
0.062349986
0.051496036
0.043947984
0.046016973
0.05247872
0.052346963
0.04495891
0.04767582
0.044235595
0.053275444
0.04524234
0.0626347
0.052040905
0.05807041
0.057443593
0.042306386
0.049829107
0.054722838
0.05176942
0.037594486
0.040949173
0.054742172
0.038919788
0.04405114
0.043600626
0.045595955
0.046225023
0.053577933
0.053434625
0.051371615
0.040547285
0.041370377
0.04348903
0.051168706
0.054215666
0.039343115
0.042006336
0.04881498
0.049225293
0.04470966
0.05068579
0.046981134
0.046624176
0.047451362
0.039014757
0.055131838
0.047262345
0.048086476
0.05653254
0.06169671
0.053255595
0.054752402
0.044798624
0.048312485
0.052568633
0.0493089
0.047804598
0.051507264
0.04506727
0.048989285
0.04639079
0.052796945
0.042456955
0.0429977
0.053229775
0.049858525
0.04486669
0.038303427
0.049089074
0.053134285
0.05252892
0.037133165
0.044138886
0.0563475
0.04755787
0.05191667
0.04505141
0.053596877
0.056183428
0.04873871
0.048971362
0.053380158
0.051952988
0.04956416
0.04486843
0.043735974
0.04206044
0.050489295
0.04854057
0.05473652
0.053693563
0.05580785
0.044937927
0.05743358
0.04796712
0.046229564
0.054620203
0.048755165
0.04916672
0.03281459
0.047690023
0.06149623
0.050831545
0.04583886
0.036234114
0.045871116
0.043116987
0.054368053
0.047102034
0.04267303
0.051254608
0.053378638
0.04711783
0.038273945
0.049603403
0.03965321
0.057197295
0.037573334
0.040452674
0.039007235
0.048136733
0.04898441
0.055378217
0.05350709
0.040817
0.048244637
0.048199214
0.051577378
0.04524054
0.051043242
0.04660899
0.05083786
0.050208516
0.031016957
0.053493842
0.055432092
0.058970444
0.04014647
0.054183293
0.051097546
0.06630862
0.04321483
0.04817565
0.05101583
0.04364819
0.035309844
0.046292417
0.03991667
0.049697578
0.046188705
0.042489313
0.046759494
0.039536025
0.045387506
0.042559773
0.04003002
0.0349586
0.050338507
0.057795007
0.052876405
0.04807969
0.050690647
0.047283784
0.044644132
0.040568173
0.046649743
0.043120217
0.038492218
0.052039288
0.053489428
0.04401559
0.04100657
0.048597872
0.05057537
0.04881746
0.056220673
0.044069454
0.046311878
0.046573255
0.05447874
0.044452086
0.046630334
0.049199503
0.037527587
0.049688015
0.0355024
0.05085755
0.049331773
0.04357252
0.043747768
0.03268972
0.0452612
0.049807582
0.043711968
0.05260576
0.048286866
0.038354326
0.04282393
0.03559771
0.039683204
0.046200577
0.048411928
0.040035833
0.041087188
0.047367673
0.039023526
0.053619787
0.047408994
0.05653407
0.035431616
0.05754431
0.052392066
0.042827237
0.037663206
0.049977478
0.043640953
0.042236798
0.037154328
0.054204166
0.03854632
0.042533033
0.042147473
0.049949568
0.05480993
0.034989722
0.040878955
0.04551444
0.05846767
0.04049446
0.046428166
0.05009113
0.040884882
0.05461615
0.05021996
0.048355483
0.040630266
0.048043128
0.049344104
0.047913294
0.0490846
0.048709225
0.05437099
0.047526047
0.04307322
0.049043864
0.039663978
0.04254975
0.046154033
0.045454655
0.049453534
0.0402977
0.04605286
0.045768734
0.050495025
0.049424257
0.044924803
0.0423805
0.043714076
0.050168764
0.04974521
0.04195453
0.049877804
0.04566587
0.037032414
0.04693845
0.046630703
0.04899348
0.05028819
0.06037584
0.0521608
0.046674088
0.05434889
0.05475964
0.05477927
0.042090192
0.04983589
0.046583246
0.049402494
0.043976694
0.043607518
0.053068925
0.041655567
0.042655673
0.038403463
0.03909394
0.046136864
0.04796144
0.043115493
0.04581775
0.049855683
0.037818022
0.049657453
0.048429336
0.04473354
0.04142886
0.04712492
0.047315616
0.047796752
0.046136092
0.053953473
0.048864998
0.045548175
0.045925714
0.05396662
0.04522712
0.04336581
0.049648084
0.044795673
0.05078809
0.0508116
0.046520106
0.040237572
0.047884572
0.062706
0.051983707
0.04418596
0.04448021
0.040481396
0.04704832
0.055802148
0.043955564
0.043474834
0.043757144
0.04075958
0.05166308
0.050250497
0.045916054
0.04044038
0.044145815
0.047112238
0.050494947
0.045569483
0.042276207
0.03761489
0.052313007
0.05315575
0.0358458
0.047376752
0.050106674
0.050362844
0.031269126
0.047065858
0.044909056
0.041625105
0.05065072
0.053514928
0.03821104
0.04476051
0.04380758
0.05464001
0.0400744
0.050082132
0.047816385
0.042997055
0.0401693
0.045600258
0.04765389
0.036362328
0.044041637
0.051886857
0.049351003
0.05062108
0.030670125
0.049662605
0.049911737
0.039518505
0.050987165
0.05070269
0.046848506
0.043891657
0.05596465
0.04851179
0.046971
0.05241978
0.04068093
0.034471046
0.042434506
0.046686035
0.045854002
0.03538097
0.042917017
0.042122103
0.046748463
0.04153646
0.03693669
0.05250483
0.044692863
0.044831812
0.037230022
0.071897686
0.042810395
