14324.736
12130.055
7915.2803
6130.4736
5382.9746
4915.243
4556.808
4254.91
3981.114
3732.9204
3516.0024
3325.8525
3153.6433
2996.3442
2860.3975
2737.5688
2622.7202
2514.5247
2411.2114
2310.5884
2213.3496
2118.323
2031.5996
1945.8972
1865.8601
1791.6937
1721.4005
1656.4224
1597.6584
1538.8438
1486.051
1435.3
1388.3577
1344.1772
1302.2032
1262.5997
1226.4103
1190.4565
1156.6187
1125.2295
1093.2319
1063.5664
1034.1025
1006.23065
979.0414
953.00916
927.7118
903.6319
879.7307
857.44183
835.4093
814.4679
793.59174
773.3536
754.01105
735.7207
717.65967
699.55457
682.8821
665.5438
648.6196
632.4455
616.52673
599.88495
584.7449
568.9181
553.50494
538.4219
523.1432
508.96967
494.1407
479.81555
465.5902
450.64435
436.95807
423.15552
409.94006
396.42175
382.41144
369.39368
356.32434
343.92584
330.68268
318.4864
306.0722
293.5994
281.84406
270.34412
257.99182
246.52695
235.3931
224.79297
213.97089
202.89217
193.06607
182.49786
172.51694
162.86536
154.04459
144.78781
135.9388
126.54677
118.617294
111.17945
102.895226
95.66333
88.28407
81.525894
75.624344
69.344955
62.98963
57.518616
52.188408
47.21222
41.818413
37.180485
32.74578
29.054337
25.389114
21.788923
18.478493
15.261631
12.42281
9.462397
7.6037254
5.1001854
3.4962292
1.0172272
-0.3563614
-2.3720818
-3.7170296
-4.713051
-5.88496
-6.7012863
-8.012844
-8.379284
-9.24155
-9.307701
-9.779747
-10.408375
-10.288036
-10.472458
-10.274288
-10.823521
-10.290157
-10.819328
-10.653629
-10.229519
-10.062473
-9.803047
-9.301521
-9.4765625
-9.054714
-8.303421
-7.9266815
-8.044655
-7.8269043
-7.6321907
-7.4258766
-6.4862747
-6.1882057
-5.9648323
-5.8339767
-5.371914
-5.112007
-4.860718
-4.460537
-4.028805
-3.4752922
-3.429165
-3.4287071
-3.1243782
-2.949173
-2.3277206
-2.4104614
-2.3102684
-2.3706093
-1.9246292
-1.5082283
-1.2363815
-1.2025948
-0.5094719
-0.9725399
-1.0957241
-0.7139168
-1.0303726
0.15853691
0.3906288
0.07226944
-0.5476341
-0.37697983
0.19945335
-0.036819458
-0.10253906
0.18115997
0.1956253
-0.4662056
-0.40334702
0.07508087
0.024211884
-0.33835983
0.15859985
-0.093027115
0.011920929
0.12319946
-0.16615295
-0.60007286
-0.04901886
0.06419754
-0.46250725
-0.18377686
0.040683746
-0.33088684
-0.7537899
-0.65994644
-0.58672714
-0.11138344
-0.32309532
-0.77828217
-0.381279
-0.25301552
-0.5963917
-0.4470787
-0.72937393
-0.54920006
-0.5880623
-1.0313377
-0.2771492
-0.8447342
-0.56760216
-0.67925835
-0.30000877
-0.628273
-0.56280136
-0.5942497
-0.6110382
-0.90298843
-0.9038162
-0.50341797
-0.5072632
-0.8394737
-0.3073578
-0.71739006
-0.5389786
-0.6639023
-0.7659817
-0.5771141
-0.7400856
-0.49336243
-0.6636276
-0.69906425
-0.27897453
-0.29478836
-0.40039825
-1.1104279
-0.30672836
-0.5763111
-0.5698395
-0.75344086
-0.65937805
-0.68434906
-0.30747032
-0.18085861
-0.5039463
-0.29045677
-0.27719498
-0.14732552
-0.77920914
-0.4639225
-0.47831726
-0.48048592
-0.40478134
-0.8242321
-1.0244751
-0.38336182
-0.5492592
-0.5064087
-0.76449966
-0.7702675
-0.8857498
-0.45443726
-0.7884903
-0.7783356
-0.47475433
-0.5526962
-0.5037842
-0.99845886
-0.93533325
-0.71048737
-0.39206314
-0.29629898
-0.35984612
-0.58831024
-0.44930267
-0.14689064
-1.0599976
-0.24989128
-0.47029495
-1.0969105
-0.29971313
-0.69392776
-0.89720917
-0.62086487
-0.8343849
-0.65961456
-0.96509933
-0.26994514
-0.49421692
-0.29995918
-0.35173225
-0.20064926
-0.49975967
-0.9006729
-0.67198944
-0.36878777
-0.494421
-0.5452328
-0.1413269
-0.6167946
-0.3208599
-0.6469784
-0.8341255
-0.6227226
-0.5544243
-0.6856346
-0.8151512
-1.0276089
-0.5756531
-0.17387581
-0.25094986
-0.86584854
-0.15834045
-0.46341896
-0.41155624
0.06882095
-0.5151634
-0.4051361
-0.35960007
-0.36753273
-0.48392296
-0.3867073
-0.16813278
-0.44294357
-0.4507103
-0.6229439
-0.5588379
-0.17658615
-0.70176697
-0.611496
-0.71965027
-0.7856293
-0.74505615
-0.8264599
-0.74411774
-0.458107
-0.43004608
-0.18684769
-0.64731026
-0.59578323
-0.39163017
-0.25907898
-0.59820175
-0.6615467
-0.553772
-0.18694305
-1.0678997
-0.87330055
-0.46854973
-0.49614716
-0.7337074
-1.0286751
-0.073215485
-0.5685425
-0.39231682
-0.5104408
-0.60692215
-0.49911118
-0.42055893
-0.31144714
-0.69932556
-0.7653961
-0.87141037
-0.27210045
-0.391407
0.10668945
-0.55602455
-0.4272747
-0.76264954
-0.5508499
-0.51483727
-0.56463623
-0.20042801
-0.0004348755
-0.45584297
-0.5910454
-0.6925049
-0.24776459
-0.78094864
-0.38244247
-0.05973053
-0.5212307
-0.8588066
-0.67427826
-0.90255547
-0.07701111
-0.1269455
-0.48788834
-0.5524101
-0.54569817
-0.8047142
-0.2953682
-0.4501381
-0.87239075
-0.4694023
-0.020990372
-0.4757614
-0.57824135
-0.76802063
-0.19862938
-0.43824768
-0.7484951
-0.524662
-0.4180832
-0.33241272
-0.21998596
-0.30560303
-0.17381287
-0.6509228
-0.0070762634
-0.518486
0.08934021
-0.43232727
-0.40812492
-0.6180153
-0.6541424
-0.39979172
-0.34898567
-0.1843605
-0.51140594
-0.8334923
-0.50413895
-0.70900154
-0.5102997
-0.3412285
-0.48921394
-0.32008362
-0.37021637
-0.9007015
-0.6537285
-0.5522423
-1.0155983
-0.51696396
-0.93045235
-0.46511078
-0.42281342
-0.21710396
-0.3378296
-0.65426254
-0.26736832
-0.3049965
-0.2728691
-0.70004845
-0.15470505
0.58441544
-0.43348122
-0.4786396
-0.544714
-0.42467117
-0.50951576
-0.2597084
-0.6334419
0.061584473
-0.23308563
-0.32666397
-0.3057518
-0.41490364
-0.39795685
-0.4928112
-0.46811676
-0.4230442
-0.39141083
-0.30249786
-0.21803284
-0.8251991
-0.42856407
-0.22858238
-0.5828476
-0.7810135
0.06978989
-0.20191193
-0.31655502
-0.8031807
-0.32528114
-0.2175808
-0.49652863
-0.13166428
-0.4783821
-0.29551315
-0.39946747
-0.41101265
-0.4762802
-0.14103317
-0.19439697
0.033008575
-0.06916809
-0.25164986
-0.20554352
-0.34347534
0.096473694
-0.60316086
-0.4544449
-0.73820114
0.01745987
-0.7273941
-0.5208359
-0.5556679
-0.48835945
-0.7301197
-0.4875641
-0.7359657
0.10379982
-0.79224586
-0.51171494
-0.36865616
-0.34885025
-0.7272606
-0.62947655
-0.5325966
-0.698082
-0.48968506
-0.5673027
-0.34754753
-0.44561768
-0.22308159
-0.21948242
-0.031196594
-0.42017174
-0.27970886
-0.345747
-0.52173615
-0.12193298
-0.65403366
-0.52799225
-0.09815407
0.34597397
-0.1874466
-0.1992302
0.2108612
-0.60263443
-0.27231216
-0.23537636
-0.19828033
-0.23444366
-0.5440216
-0.021268845
0.00090789795
-0.4963951
0.003829956
-0.26794434
-0.19905472
-0.3022995
-0.300169
-0.56318665
-0.33322144
0.007144928
-0.18180847
0.13621902
-0.25765228
-0.6554241
-0.06789398
-0.2713852
-0.4661255
-0.5128956
-0.41396713
-0.23274994
-0.5493088
-0.2589302
-0.3723297
-0.42253876
-0.30897903
-0.3541298
-0.3243599
-0.4468956
-0.4820404
-0.6073227
-0.34100723
-0.744257
-0.13488197
-0.045337677
-0.71808624
0.10060692
-0.29813385
-0.18127823
-0.48477173
-0.5562954
-0.34007835
-0.42208862
-0.058084488
-0.21570206
0.07567978
0.6859474
-0.19817162
-0.044784546
-0.535408
0.06304932
-0.01943779
-0.29688644
-0.38126183
-0.7239952
-0.19874954
-0.33273315
-0.28819656
-0.12985992
-0.5902176
-0.69727325
-0.9322529
-0.21281052
-0.6075859
-0.22993088
-0.24637794
-0.32667923
-0.6062927
-0.68242073
-0.34921646
0.0929451
-0.58700943
-0.3896103
-0.3254509
-0.5037117
-0.242239
-0.6114559
-0.6331215
-0.47257996
-0.00850296
-0.09021759
-0.36732483
-0.5004883
-0.5219612
-0.64136696
-0.5077038
-0.31130028
-0.21533966
-0.19319534
-0.43450165
-0.22698212
-0.7454643
-0.31375122
-0.5086441
-0.3936081
-0.32482338
-0.098106384
-0.0007266998
-0.4114666
-0.038764954
-0.39080238
-0.008150101
-0.20302963
-0.3644905
-0.16831589
0.035425186
-0.60276985
-0.33625412
-0.5144577
0.027576447
-0.12063217
-0.21028137
-0.42046356
-0.24745369
-0.27127457
-0.5580559
-0.3366127
-0.47359467
-0.289896
-0.469162
-0.3611679
-0.8467369
-0.6122818
-0.4584427
-0.3551941
-0.5765915
-0.26329422
-0.34942245
-0.25476074
-0.36584473
0.32592773
-0.33192062
-0.13877869
0.041534424
-0.12703896
-0.07995415
-0.16486359
-0.119953156
-0.38364792
-0.2529869
-0.36206055
-0.41065598
-0.113651276
-0.65127945
-0.09869766
0.026145935
-0.3086834
-0.23043823
-0.07053566
-0.30801773
-0.739336
-0.04845047
-0.33660126
-0.43704224
-0.16344452
-0.27586365
-0.21731567
-0.04962921
-0.4817772
0.1664238
-0.12225723
-0.47047806
-0.2884102
-0.67136383
-0.31235886
-0.53531647
-0.35012436
-0.3712082
-0.103328705
0.042337418
-0.32965088
-0.34148026
-0.50775146
-0.3724861
-0.31516266
-0.05656433
-0.34280396
-0.42552757
-0.025676727
-0.57229805
-0.31241417
-0.12216377
-0.029870987
-0.25533867
-0.5239334
-0.4386902
-0.2366848
-0.13188744
0.2121315
0.026128769
0.040409088
-0.12365723
-0.1755104
-0.060977936
-0.26895905
-0.47032166
-0.46775436
0.08591843
-0.24555588
-0.40894318
-0.08039093
-0.44435692
-0.32505417
-0.4126091
-0.49015427
-0.025016785
0.12267685
-0.74487877
0.3639698
-0.2901039
-0.46207047
-0.607811
-0.65917206
-0.17406464
-0.087631226
-0.39162827
-0.41932678
-0.18202591
-0.47499275
-0.5831604
-0.3992672
-0.30435562
-0.19451141
-0.51343155
0.07149124
-0.6162834
0.12977982
-0.120479584
0.013866425
-0.5744133
0.011123657
0.10013199
-0.42660904
0.033966064
-0.18133545
-0.38902092
-0.0023441315
-0.14320755
-0.2734623
0.4637146
-0.13715744
0.18986511
-0.39339066
-0.357399
-0.20059967
-0.5490322
-0.3508644
-0.23851967
-0.4145298
-0.6063194
0.15520096
-0.22842216
-0.396904
-0.40101624
-0.3032856
0.21120453
0.02372551
-0.38429642
-0.23836899
-0.22763062
-0.0019607544
0.027441025
-0.24812508
-0.45001984
-0.392622
-0.2143631
-0.27151108
-0.40112686
-0.13858414
-0.18401337
-0.46969223
0.061088562
-0.87462234
0.028478622
-0.010467529
-0.026245117
-0.27749634
-0.1789875
-0.44467926
-0.014760971
-0.6136074
0.10640335
0.042438507
-0.06724548
0.20805359
0.4085579
0.4339409
0.19893265
-0.18910599
-0.45352936
0.2838459
-0.2925396
-0.09469986
0.07022858
-0.48160553
0.026166916
-0.22263908
-0.1129303
-0.47689056
-0.23570633
-0.13065338
-0.50938797
-0.43561554
-0.43369293
-0.5153389
0.060287476
-0.35219193
0.09895706
0.3323288
-0.2608719
-0.36865997
-0.23607254
-0.5778389
-0.1231823
-0.015232086
-0.51538086
-0.114364624
-0.5595665
-0.73607063
-0.32960892
0.05514908
-0.6252041
-0.69649696
0.11461258
-0.24323845
-0.5207138
-0.094387054
-0.627121
-0.113586426
-0.69127655
-0.25281143
0.008880615
-0.2912674
0.37237167
-0.045490265
0.25662422
-0.30869865
0.14260101
-0.077041626
0.42188263
-0.13668442
0.22490692
-0.4549923
0.31865883
-0.2851181
-0.2230568
-0.25719833
0.17786026
-0.19161224
-0.08884239
-0.12282562
-0.332695
-0.21964264
-0.4141922
-0.07620621
-0.43671036
-0.1454277
-0.40921783
-0.53850174
-0.19888496
-0.26828384
-0.44293213
-0.31461716
0.014316559
-0.32772064
-0.1437378
-0.28635025
-0.5676384
0.0109062195
-0.13496017
-0.009536743
0.2179184
-0.19617844
-0.13973999
-0.14811707
-0.15565109
-0.3479843
0.16409302
-0.20148468
-0.05573082
-0.09297562
-0.33419037
-0.23648071
-0.20643806
0.2631836
0.12537956
0.06429672
-0.11874008
-0.48711395
0.048721313
0.07114792
0.12298584
0.15321732
-0.17574883
-0.08810043
-0.03907776
0.2719555
-0.16075134
-0.60071564
-0.16557884
-0.5596638
-0.23792267
-0.04901886
-0.34939194
-0.20934105
-0.27421188
-0.35988808
0.079301834
-0.35002327
0.0119895935
-0.24733162
-0.15764618
-0.056957245
-0.19241714
0.079257965
0.11570358
-0.592823
-0.57653046
-0.7571373
-0.4188118
-0.41698837
-0.30456161
0.39105225
-0.06698036
-0.15280533
-0.43959427
-0.62911224
-0.10134125
-0.5825653
-0.19337463
-0.59300804
-0.39369583
-0.31173706
-0.43134308
-0.07609177
-0.028375626
-0.046726227
-0.7090893
0.08815193
0.19057465
-0.20539474
-0.19575119
-0.6564026
0.018501282
-0.4981022
-0.14323807
0.2723446
-0.1520729
-0.039243698
-0.15068817
0.21783829
-0.33035278
0.11670303
-0.112213135
0.5017624
0.03366661
0.22176361
0.09352112
0.17779922
0.40695572
-0.2647419
-0.32814217
-0.124752045
-0.37619972
-0.605175
-0.29864502
-0.45035934
-0.15909958
-0.38825035
0.07116699
-0.03358078
-0.24424934
-0.39960098
-0.021873474
-0.28848076
-0.5920315
0.027902603
-0.40141487
-0.79179
0.33237648
0.1169281
-0.45913887
-0.4456768
-0.33508682
0.22953796
-0.07361984
-0.09893036
-0.14494133
0.14674377
-0.5483265
0.06410217
0.0087890625
-0.1863327
-0.41980362
-0.15070534
-0.18935966
0.188797
0.03217697
0.0070724487
-0.20375824
-0.11917496
0.0938015
0.04258728
0.20859146
-0.18495178
0.63085556
-0.09658432
0.23363495
-0.07268906
-0.2550087
0.41915894
-0.07254028
-0.12052536
-0.18308258
-0.23706818
-0.36930656
-0.6291084
-0.19183159
0.61943436
-0.33877945
-0.3739128
0.21571732
-0.35351753
0.009674072
0.16133499
-0.20954895
-0.059410095
-0.38902283
-0.19620514
-0.3185978
-0.32427788
-0.10889053
-0.19960022
-0.32910156
-0.20018578
0.57450676
0.09176636
0.16195297
0.10556412
-0.10653496
0.004430771
0.1950779
-0.4311142
-0.28630638
-0.09776878
-0.032485962
-0.30757332
-0.110141754
-0.44956207
-0.33739853
-0.24875832
-0.33551788
0.12716675
0.1377182
-0.31040192
-0.13419342
-0.35658455
0.1941967
-0.26416016
-0.2507229
-0.039043427
-0.14798355
0.22539902
-0.14814377
-0.38442993
-0.20515823
-0.050777435
-0.11400604
0.14637375
0.4706707
-0.035202026
0.75128746
-0.06578064
-0.016216278
-0.16563988
0.19469833
-0.15544128
-0.20438004
0.08182907
0.26361465
-0.17630577
-0.21453667
-0.20127487
-0.070072174
0.060382843
-0.5896702
-0.012065887
0.583889
-0.11322594
0.3079586
-0.06355286
0.25445938
0.37594604
-0.11956787
0.14406395
0.2507248
0.06321335
0.1790638
-0.48089218
0.26577568
-0.15847397
-0.45874786
-0.13869095
0.14458466
-0.21983719
-0.21638107
-0.2402649
0.1466484
-0.18102646
-0.24586868
-0.48757935
-0.6338959
-0.59288025
-0.3496399
-0.18344498
-0.13506699
-0.6588249
-0.2758751
-0.52248955
-0.34203148
-0.45021057
0.06939316
-0.0068092346
0.08498764
-0.006038666
0.49048805
0.17864609
0.34898567
-0.1435566
0.3779869
0.18157578
-0.07658768
-0.48389626
0.08536148
-0.03305435
0.009738922
-0.13872528
0.5446434
0.41122818
-0.15343285
-0.09903145
0.08444786
-0.09718323
-0.107185364
-0.19347
-0.21285057
0.3266487
-0.20728874
-0.25624657
-0.27687454
-0.029273987
-0.021183014
0.012962341
-0.35839462
-0.4453659
-0.27002144
-0.3499794
-0.17068863
0.18117142
-0.266613
0.23007393
0.27471924
0.02725029
0.2538395
0.31746674
0.05929184
0.70043564
-0.055719376
-0.3387947
-0.06862831
0.13629341
-0.17885208
-0.5611572
-0.07570648
-0.035865784
-0.48472595
-0.6868229
-0.098545074
-0.74664116
-0.36504745
-0.08361435
0.5765343
-0.3427391
-0.07736206
0.009849548
0.3263359
0.12464142
-0.06567955
0.84929657
0.0761776
0.07067299
0.035232544
0.29159164
0.44052696
0.019069672
-0.11643219
0.2976265
0.15390396
0.038707733
-0.047374725
-0.29557037
-0.20843697
-0.3190956
-0.67337227
-0.97250366
-0.6141052
-0.9400253
-0.18711281
0.48807907
0.12604141
-0.5007286
-0.22827911
0.36938095
0.1302967
-0.33345604
0.30892563
0.091846466
0.5355015
0.95661163
-0.15080452
0.34559822
-0.4131813
0.079422
-0.21162605
-0.09200668
0.05129242
0.022453308
-0.16236115
0.3433075
0.36369324
-0.35744286
-0.10945892
-0.05933571
0.087142944
0.03148651
-0.5181961
-0.20596123
0.28047943
-0.16493416
0.40766907
-0.028312683
-0.7323189
-0.36503983
0.3017044
0.99041367
0.40262222
0.14063263
-0.015836716
-0.1987114
-0.2629814
-0.15467262
-0.07913399
-0.22832108
0.25013733
0.31505966
0.72990227
-0.20690346
-0.28874397
0.30127525
0.6696491
-0.27358818
0.2898121
-0.07721138
0.19717407
-0.4332199
-0.23667526
-0.709301
-0.5550995
0.502491
-1.2575645
-0.7806835
-0.27549934
-0.11170578
0.04559326
-0.3634224
-0.60874176
0.085754395
0.6249428
-0.14505577
0.04409027
-0.32406044
0.23083115
-0.35920525
0.942791
0.17499924
0.20397949
0.15922356
0.7621689
0.17160988
0.5707283
0.084537506
-0.3297596
-0.5173092
-0.4960518
-0.38887024
0.22124863
0.22861099
0.05860901
-0.19438934
-0.49728775
0.4396286
-0.53839874
0.14575195
-0.13214111
-0.38781738
-0.06388664
-0.37456703
-0.27778244
-0.33137512
-0.6531906
0.12597847
-0.4938774
0.8034191
0.5105572
0.94630814
0.7503357
-0.11767197
1.1976357
0.59249496
0.61652946
0.5516834
0.6533356
0.3584442
0.04743576
0.215065
0.80887794
-0.3161316
-0.709919
-1.1316147
-0.9643898
-0.51620865
-0.27548027
0.15172958
-0.582283
-0.1320839
0.4472103
0.048999786
-0.018016815
0.7024689
0.30319977
0.518301
0.2637844
0.5918789
1.0376434
-0.012622833
0.020223618
0.2599907
0.8080025
0.09257889
0.56975174
-0.5408268
-0.3585167
-0.36133385
0.21057892
-0.19097137
-0.13339806
-0.25373077
-0.29132652
0.105615616
0.14435196
0.28166962
-0.02253151
0.47650528
0.089588165
-0.6657486
-0.27554512
-0.29431915
-0.06681061
0.63690567
0.400959
-0.21672058
-0.052783966
-0.005531311
0.55068016
0.123254776
0.62745285
0.07796097
-0.4022045
-0.22733307
0.5933113
0.011606216
0.015945435
-0.36727715
0.06852722
0.058158875
-0.112501144
0.5681267
0.53961563
0.014461517
-0.070869446
-0.54419327
0.049589157
0.3931656
0.5408535
0.027095795
-0.37176514
-0.052984238
0.5879288
1.2238579
0.2618847
0.43161774
-0.4409752
0.53606224
0.8731041
1.1855164
-0.41097832
-0.098724365
0.031383514
0.39788055
-0.46383858
-0.5670166
-1.1519146
0.28687668
-0.09711838
0.02189064
0.34511566
-0.496027
-0.39559174
0.45300102
0.7144928
-0.30218124
0.41734695
0.7414284
0.10484314
0.5142937
1.1839657
0.44473648
0.06410217
-0.3280182
0.8514347
-0.35931778
0.085523605
-0.5984154
-0.8184738
-0.26397514
-0.64868164
-1.2052536
-0.9728241
0.5771599
0.10516739
0.75551224
-0.2235527
-0.39039993
-0.09354782
-0.02210617
0.36868286
0.5836754
-0.0662384
0.082826614
0.5670471
-0.1020298
-0.008176804
0.3407097
-0.1162262
0.791296
1.2090149
0.6825752
-0.17703056
0.79297256
0.23275375
-0.21581078
-0.86844635
-0.13092422
0.10251427
0.70440865
-0.414217
0.7006302
0.98479843
0.5289097
0.66353226
0.3872757
0.8199997
0.4140091
0.33232498
-0.6453304
-0.3044548
-0.13135529
-0.581501
0.23226547
-0.22882843
-0.28790283
0.19207764
0.09564209
0.8726883
0.33979797
0.19979858
0.11503029
-0.36698532
0.52147293
-0.49806213
-0.24288177
0.20549393
-0.5348549
0.47728348
0.12020874
0.12395477
1.3659363
-0.008003235
-0.01713562
0.65673256
0.8643646
-0.15413666
1.2102852
1.1486626
1.5692673
-0.1755848
0.17134094
-0.34179688
-0.82201385
0.006591797
-0.31497574
-0.48817253
-0.09608078
0.23091507
0.100595474
1.0060425
1.0764713
0.41160202
-0.014034271
0.8217716
0.27620888
-0.31539536
-0.05531311
0.6895294
-0.11750412
0.6105423
-0.49167633
0.18797302
0.13375473
-0.3798504
-0.39212608
-0.7191086
-0.72039413
-0.72193146
-0.2762184
0.63799286
-0.44738007
0.116176605
0.15441895
-0.033763885
0.66580963
0.46107674
0.9918976
0.82920265
1.1151943
0.37356567
-0.24650192
-0.11450958
0.12855148
-0.36603546
-0.30916977
-0.8160286
-0.45761108
-1.3001823
-0.11619949
0.80610275
-0.0531044
-0.511055
0.88487434
0.7611885
1.0414314
-0.71915436
0.4939041
0.8137665
1.397728
0.3440132
0.7601204
0.2542839
0.4790802
-0.44519043
0.5115051
0.40298843
-0.9609375
0.96323395
-0.56059647
2.2897797
-0.118831635
-0.5142021
0.85214615
1.0019379
0.015453339
0.42608643
0.22211456
-1.0491257
0.7592659
-0.55268097
0.42754364
-0.2712555
0.7873268
0.3453064
1.3070145
0.96577454
1.24934
-1.2207642
1.0590935
0.2527809
1.5185013
0.103466034
1.2542992
0.28079224
0.16877365
-0.007827759
0.09479904
-0.40281296
0.029457092
-1.1606102
0.75624466
0.66487503
1.2266083
0.87929153
0.61112213
0.6489258
0.34762573
-0.92936707
0.12136459
-0.63611984
0.33273315
0.81619644
-0.44813156
-0.5539932
0.452034
-0.23893738
0.9904251
-0.16605759
1.126194
1.3878403
1.5497437
1.5212402
1.4556465
1.7100754
2.3798332
1.1210022
-0.5511551
-0.3119011
-0.6605263
0.2615242
0.30679703
0.32638168
-0.012584686
-0.57943344
0.25297165
-1.5488129
0.6123085
-0.5747757
1.1159973
-0.6780281
1.7686119
1.7353897
1.3641129
1.2187538
0.9231529
-0.45318222
0.6028061
-0.06888199
0.1361618
-0.27344513
1.5083923
-0.8441391
0.72413635
1.163269
1.2789879
-0.07658768
1.5299301
1.2086143
1.1797295
-0.61626434
-1.0891724
-1.265316
-0.016635895
-0.22351456
-0.090091705
-1.0829697
1.1898537
1.7608185
0.10651398
0.65024185
0.95441055
1.5359497
0.5702591
-0.80109024
1.2439995
0.92606354
-0.2467308
0.24028397
0.01783371
1.6207237
-0.7448845
0.8863678
0.35354614
0.5668335
2.6710358
1.3051758
0.116104126
-1.71315
0.19428635
1.8038368
-1.0435448
-0.7265854
0.4291687
-0.11571503
1.1667137
-0.16254044
1.4299469
-0.55771255
1.2117958
2.528099
1.6955757
1.5285301
-0.19559479
2.3159943
0.17739868
2.3069649
0.9348259
0.3281021
-1.8935394
-1.8147659
-0.83044815
-1.1661186
-1.8929062
0.79756546
-0.6749687
0.45892715
2.3925781
1.0996475
1.3373871
2.7969933
2.8480148
2.1377296
1.2566948
1.9541206
1.4581032
1.3987846
-0.15761948
0.24210739
-2.6246948
-1.2387505
-0.26289368
1.2304573
-1.2001266
0.79987335
0.019599915
2.4763985
1.1552963
2.330204
1.307621
0.8686943
0.1685524
0.7146683
-0.7817764
2.103588
0.85276794
0.6993332
1.0767479
1.1364517
-1.1254845
-0.29359818
-0.5229492
-0.1470604
-0.11940384
3.2347717
1.3355141
2.3596077
1.0274582
0.16616058
-0.36013412
0.9815941
2.0097656
0.5723648
-1.3341103
0.7605095
0.3181305
0.61190414
4.5956726
0.5486336
1.5569077
1.3799706
-0.69486237
-0.34340668
2.2503815
-1.4063797
-1.9602089
0.85111237
0.023086548
-0.66685104
0.7555542
1.8987427
4.803684
2.1999207
1.5219307
4.22015
2.1632385
1.3124886
-1.8902359
-1.2862282
-0.4201355
-1.5941353
1.2428665
0.54042816
0.76234436
2.1447525
1.850647
2.9268608
1.995781
3.6471214
3.7721405
-0.9818344
0.56108093
-0.5536041
-0.067337036
1.3314896
0.39899445
-1.9065628
1.1267319
1.3187675
0.8057442
-0.4396019
0.767437
0.6208725
0.60059357
3.7101974
1.9600792
3.879345
2.4021797
2.9871407
-1.0354424
0.59376144
0.83247757
-1.0885696
-0.90426636
-1.2861404
1.7985573
1.4756622
0.5514145
1.2880707
3.873085
0.43810272
-0.20755005
3.4067116
1.4068947
-1.326561
-1.7091408
3.3378792
4.944309
1.7494354
-0.33348083
3.3751984
1.7014046
-1.6683159
0.24715805
2.4944992
-1.122612
-1.7437325
-2.408764
5.2972145
0.97037506
1.013771
2.922474
3.3920822
5.0245476
5.143654
-0.9297066
1.8205032
6.6079674
-1.0200081
1.2226868
0.82813644
0.94968414
-0.8243599
2.0133095
5.532173
2.2923737
-1.5514336
3.636612
-0.46618652
-0.72260284
2.134163
-0.7695732
1.0175247
6.1530914
-0.8818741
7.1414185
8.741287
2.11549
-0.44654846
1.7489815
1.2131691
1.3913841
-2.3209991
-3.65617
0.6143112
3.5421753
4.2906914
6.75655
-2.5306282
1.4739075
2.4118462
0.54164886
2.393055
1.6082268
-1.2194939
3.9718132
1.0378876
0.16550446
3.9353638
2.2971191
-2.0404282
6.3276215
4.1818085
5.1768265
1.021656
-3.5525284
2.6628418
0.3572731
4.136608
-2.318161
0.78227234
6.7001305
9.259224
9.734131
6.6155777
2.2937164
0.91714096
-8.008621
-2.7768097
0.78328323
-8.491989
1.6376305
5.506996
6.901394
2.799427
8.428528
5.842926
11.318939
2.971058
-3.7895775
6.402775
8.718708
-4.3677864
-5.241867
3.784443
-4.6447716
-1.2950668
2.7379723
-0.9157944
9.987686
11.750584
5.680954
5.184822
1.5916824
-5.272602
-3.4907494
9.366318
2.9525528
3.9673195
13.841736
-6.109688
-0.98503494
3.139721
6.2477303
7.247864
11.653275
-0.83916473
-0.529953
-3.7691956
-4.096016
1.327507
6.166565
1.527771
4.7836914
6.6518707
15.818947
11.608677
6.533993
5.9453926
-7.42585
-6.8643
-10.302567
-6.853607
5.180008
20.968483
16.254608
10.711906
11.66077
3.3146858
-4.1335793
-3.1865196
2.558361
-1.1361694
-1.0084534
1.5059319
-4.4413223
5.840645
12.664722
12.863869
8.189224
6.154743
-0.26064682
7.9426956
1.8297577
-11.86095
-7.2859116
2.3244095
6.8865433
3.9204178
16.897583
6.3950233
13.722397
9.637531
5.6074677
4.0090027
-7.7825317
-23.060726
-9.836475
14.816708
15.370178
3.9091568
19.212399
8.896923
7.3343124
-5.8766785
-7.206543
5.8045654
2.1625786
4.255028
8.9482765
16.639313
20.955406
4.2715225
-4.6959305
1.353939
-7.871338
8.201557
8.230198
4.376499
17.541409
11.225101
-11.629467
3.8083878
13.727982
3.4151917
13.910381
24.785603
-3.3111343
4.4186287
-3.6771965
-4.834263
2.449215
26.16798
24.849846
-18.662018
-7.6283226
-11.313843
-9.843494
29.388363
25.478783
31.102173
10.218166
15.442299
-6.932892
-8.973572
-12.445732
-19.72573
-10.299366
23.646408
46.331566
24.263481
18.715157
-2.3197136
-11.053734
7.8269997
13.913696
-10.0648575
-24.90495
-9.104397
27.367596
39.123642
30.148579
22.765121
9.217823
6.5944366
-35.31427
-6.0283775
-9.719921
-4.4895706
4.142315
8.775959
19.061562
16.881641
32.344246
11.936142
7.9373703
-0.663002
22.539413
-2.656765
-11.529133
-7.9189987
7.200615
5.344391
14.454563
22.905201
29.430103
8.787605
23.217136
0.56962204
-13.816246
-12.768131
5.9783134
12.957962
14.570042
-1.5677109
0.89006424
10.188404
26.373676
40.701496
23.994728
7.9378242
1.2988358
6.260208
-28.943466
-9.75145
0.14944458
-12.539669
33.17994
64.91402
22.199745
-19.127522
-19.216343
-18.38768
1.8648949
5.708061
26.029972
26.057873
14.730179
25.452114
15.60405
-12.898327
-10.579636
9.007313
14.8134
20.217213
7.2636414
26.869205
15.098824
-0.8399086
23.107738
3.609787
-12.883415
23.867641
7.9848137
11.094532
2.9831734
20.367085
17.046112
13.902153
18.893211
20.410538
34.215687
-2.7647896
-24.261688
-20.942871
5.2884483
36.339027
32.3182
1.9014473
21.853752
9.693745
6.2930374
19.221691
20.845009
13.407944
19.158344
-1.6025009
5.082527
21.0677
16.550884
6.963787
-11.599491
-7.2825546
0.9052124
41.14831
67.649216
10.588955
-6.8512535
15.1250725
-1.1392517
-23.212528
-6.7953568
3.7892036
18.452957
7.278183
37.97777
53.132492
36.530823
-39.454605
-41.184532
-50.769318
-2.6598663
36.468975
48.32692
51.972916
34.667805
-12.661625
-0.63139725
-17.653965
-21.28756
-13.439262
6.1116867
1.3826675
9.038704
21.27502
26.148598
25.70478
32.327335
33.38941
7.916828
10.124088
-7.765888
7.9966316
-8.812393
-7.3660088
9.592335
22.446205
13.244656
11.788544
9.054474
36.977043
29.494625
30.717453
-1.187233
-20.105385
-30.403343
-18.030048
-16.700657
30.264332
61.690907
39.618965
39.534138
-0.96097565
-3.5770035
-2.0402794
-40.209866
-14.116135
-4.1861687
18.857655
42.186455
40.194656
37.528633
12.451706
10.82605
15.660858
-10.415123
-5.0392075
15.421059
-10.454342
-6.1493225
26.809834
18.825062
16.389011
24.874626
19.484066
32.61987
16.538822
1.8574219
7.153694
18.287766
5.1536713
-6.860527
5.812275
27.864334
5.7218475
15.8104515
34.58669
16.609219
34.172585
-8.512573
-9.650234
8.356953
-21.759388
19.101364
75.63201
27.667759
17.782238
-7.0693016
-15.743149
-5.3558693
-6.1763268
-6.820549
15.7603
31.659492
29.696373
15.638142
29.774849
18.539703
2.2831001
37.23576
15.288502
14.5684395
1.3043823
24.200245
19.169434
16.71265
-15.05077
11.880817
19.995388
51.72066
28.899143
31.821903
-8.42231
9.030849
-12.518799
20.771744
25.869926
-18.853542
30.99712
14.960079
-7.2251396
25.578903
41.18097
30.28152
34.993534
0.015670776
-55.253445
-1.254612
-1.184063
31.567932
43.717068
69.72981
22.426224
7.156616
0.10980606
5.562847
-19.27956
-10.2174225
31.626923
11.155277
18.14428
42.41237
27.291153
9.823261
-14.166527
32.263866
6.7180977
-6.5100365
-21.328156
-3.1305695
44.975994
63.023838
47.572937
34.24999
-6.1484375
-3.2391777
-14.8685
-9.118824
-1.6211853
7.972145
32.251335
15.148994
43.553753
20.570244
44.122875
23.910362
-2.116497
5.1117516
-14.172619
16.591522
21.165424
32.780243
23.28463
23.102741
20.89014
-9.988777
28.178116
-0.87633514
21.122189
10.129818
7.9469147
38.82516
-12.998405
32.973625
-2.8658981
7.961689
51.655563
12.889839
59.414375
21.950111
-7.689476
-7.6279106
-37.129795
7.2407875
18.926094
48.713524
57.522587
42.881348
18.815525
-26.624584
-20.032543
2.2617493
25.407639
41.263634
57.072487
47.019436
-7.1482353
-12.34708
-25.064568
-8.903057
16.73875
42.09182
27.640148
30.999672
7.234123
33.652195
-3.682064
25.122261
28.857075
63.473793
0.6624527
13.458706
5.029598
15.886234
16.988598
1.6543922
8.478699
-7.0151367
20.642944
53.87307
38.544853
68.75693
27.628632
-12.370377
-5.65506
-21.79187
-34.40914
12.129772
-6.119705
36.821487
77.95961
32.394405
50.89438
36.147064
29.033432
33.531075
-39.171074
-20.96677
-11.575478
1.5000076
7.477947
-12.142822
23.692339
25.722198
31.091187
62.870827
45.85562
14.64341
30.779146
17.24646
29.78031
3.044674
1.4557915
-17.809109
31.02299
11.55426
38.799793
38.744324
56.584213
-17.051361
-34.869194
-32.042946
40.13187
19.849995
35.633915
38.810352
62.97399
25.617733
22.094479
-7.9647636
-10.871727
-4.109619
16.020584
3.972248
31.750607
14.843964
25.215527
46.786354
21.676807
61.28363
10.401592
27.215727
5.0629196
-5.7743263
21.990566
-5.4016457
16.03041
42.00435
31.580189
17.665043
7.209854
36.233917
41.404922
58.69845
12.65707
-0.8992462
-44.48342
-45.10949
1.2576027
45.460094
34.77832
60.16537
48.60554
65.251755
38.495735
2.8404999
-34.271168
-38.0201
-4.041584
-11.802807
41.554924
50.747322
50.909927
49.44881
50.41711
28.38929
-13.160244
-0.99154663
-8.119648
20.428303
-1.6373138
29.05038
15.0060425
20.9085
47.517395
60.95747
16.100044
-14.653324
15.824612
-5.9092484
3.4623528
30.485065
69.4068
-3.1527367
39.322815
43.634117
28.129276
4.9518547
24.030704
-2.4515533
8.914951
-29.635918
14.633057
23.500683
51.990227
25.864857
63.054493
35.17594
17.453033
19.82672
-6.5340004
-4.6418533
20.871557
58.295025
32.03724
7.2136765
9.724712
38.777847
3.9709587
17.425629
39.885815
3.6840782
17.14785
42.559814
-33.768333
36.16363
12.897396
22.284657
50.410786
54.319824
48.04665
30.34908
-42.313732
-32.22757
18.445648
48.064316
30.909393
38.003036
40.60968
38.01204
-49.14679
-9.126381
47.900604
35.025864
3.54533
6.8037643
17.810953
33.199818
7.504341
0.024932861
62.48932
39.141197
18.81527
19.425604
43.11388
-14.072296
26.475168
27.140448
16.540695
-10.16507
2.353939
40.39308
46.244526
40.380024
17.84286
71.26658
12.853756
17.4878
2.7533073
-13.082554
-9.326202
-11.517712
17.185085
60.56816
54.390484
32.451942
36.349373
36.196564
31.1978
-11.765408
-16.598392
-2.5853767
3.6671906
33.482666
48.327534
56.249504
7.434698
-11.443687
8.291
-29.68469
-3.9285164
-2.5142326
47.090958
61.74438
31.174944
50.770397
-2.9176502
45.62355
28.935604
48.219635
28.521643
