15052.219
20794.922
14319.873
10702.619
8731.133
7638.9326
6663.74
5940.42
5465.6846
4836.1587
4511.6357
4062.704
3704.3596
3514.6162
3274.9429
3039.329
2869.816
2660.109
2483.6152
2276.618
2064.2285
1960.3662
1800.4392
1747.5344
1512.407
1383.9182
1246.1404
1139.2427
1074.4086
923.626
856.03546
795.4209
654.6461
631.58044
572.1415
480.76672
378.37408
324.8092
350.8042
280.12598
228.03735
164.86063
150.97043
123.20154
134.24118
46.387512
20.830536
-25.638489
-30.08902
-13.550476
-70.74298
-76.822205
-111.22647
-90.44003
-78.93414
-97.35397
-115.012054
-115.702515
-117.27011
-132.01575
-132.43701
-147.98318
-132.23755
-128.78867
-116.76938
-132.75336
-124.99637
-80.674805
-122.968506
-62.289246
-70.4552
-104.083405
-69.050476
-67.40735
-71.65781
-77.657074
-69.65912
-31.899872
-48.02655
-61.88678
-22.393372
-39.275757
-54.01053
-13.509216
-23.198792
-13.991272
19.42456
-14.288391
-0.8813782
14.117981
47.777435
22.788483
-6.455902
25.809143
46.817017
19.345703
58.118896
22.158142
8.69928
51.108215
22.442474
45.030914
17.247833
26.26233
38.211456
5.739258
13.800079
49.033966
29.108551
24.614288
19.769287
44.25525
20.888489
50.026917
38.515686
35.993774
20.44159
47.7399
8.79953
43.47293
52.629913
13.529053
37.426514
17.020782
31.283508
21.180481
41.389496
10.099243
-0.6460266
26.15094
26.136139
-0.010986328
-17.209473
24.6521
-1.1737976
-5.5164185
2.918518
17.68161
-12.519928
-0.9633484
33.48947
21.058014
23.826477
0.99282837
-9.372192
16.726166
33.0791
3.6644592
12.341217
3.6412354
19.151703
35.78302
18.136261
25.416779
17.622986
18.716187
13.512299
1.2239685
13.261627
-6.5133057
4.327423
11.829254
-11.005981
6.2352905
11.546478
26.352478
23.486115
9.652771
3.3947449
14.957855
15.856506
8.607849
27.65918
7.195465
33.523438
10.316895
19.10608
9.157379
23.5177
10.263428
43.74283
22.349854
24.11737
26.280212
29.477966
19.75418
21.30365
11.454315
7.2643433
-3.4804688
3.1572876
10.937439
3.3442383
6.7459717
8.801453
39.160187
21.071838
11.475983
8.168121
23.218628
3.1187134
4.3352966
3.9534302
9.788208
28.523773
24.193237
0.33288574
12.802124
30.882996
0.5335388
-0.4034729
29.111359
10.810852
10.802612
5.5276184
-6.6597595
11.464996
1.3697205
-19.358826
12.776398
34.479065
27.645782
-1.9039001
16.498138
25.02124
-8.213043
7.9480896
20.363647
-13.85495
31.897552
5.2838745
6.8766785
14.395935
15.929626
41.328033
32.7518
21.581665
24.076538
14.709473
11.919373
16.997375
4.52005
-20.942963
9.467346
21.72873
35.453125
11.624084
23.911621
35.1416
4.281372
8.76297
37.42096
22.680115
-4.9880066
-3.1823425
10.617828
11.49231
-17.573029
-7.943939
6.3919983
1.5312805
9.844727
-4.9190674
34.160034
5.4266663
-3.9784546
1.4794312
11.562012
-2.557129
19.10907
12.892487
5.0490417
8.265442
7.5103455
7.46286
-6.833069
-1.6313477
3.6835632
-12.828613
-7.193207
10.123444
23.62146
20.239136
10.060669
13.50238
22.121216
6.070343
-1.6467285
-4.4657288
13.593597
16.72644
22.820496
3.0521545
-10.288757
0.8513794
24.945038
1.3035583
3.6152954
-1.4376526
15.391785
17.213135
11.164581
17.983765
-7.4480286
17.287476
20.201538
29.324677
4.700775
13.576782
10.593262
3.1195984
-13.003601
2.5955505
-9.240387
19.731812
18.937073
-3.3642883
21.13861
0.68414307
22.947449
42.5278
29.542633
8.419586
-15.207153
-7.202301
4.8740234
29.423859
-0.022888184
1.2106018
-8.001831
8.896515
-1.2667847
-8.700897
24.400635
4.4923096
0.68188477
37.01419
-4.0292053
11.831451
31.367432
2.4491577
-13.328278
16.945496
21.10849
20.464996
-16.606476
1.6634521
-11.248718
-9.301788
-10.981537
16.45691
9.670258
-2.7120972
12.952759
-17.125244
15.613098
18.649872
22.07669
11.9104
2.3208923
-26.521729
3.6617737
-14.330566
7.8310547
-18.648376
33.87094
28.333649
-20.288177
-30.053406
-14.8471985
-6.133667
-8.80954
-29.873566
-12.44165
-15.76651
-15.075592
-11.773499
26.86554
-20.424835
11.069733
-20.766571
1.5510254
-12.127655
17.756042
-5.5928345
20.267456
-1.2079773
-0.08331299
38.249725
2.4805298
-17.270874
10.893646
-41.657043
-19.697021
-1.1384888
-21.98108
-8.81369
-20.8573
-21.644714
-18.522491
10.262085
-9.632416
54.248566
-16.424316
-26.078186
-5.871765
-25.443848
4.938202
-13.426025
32.057404
0.17889404
-15.233673
0.23297119
13.055695
-34.720886
20.394623
-2.776001
-39.287384
-3.1316528
9.214661
-27.974976
-8.253143
-6.828491
33.612396
-18.697876
16.964752
5.1313477
-22.86023
-8.946289
-9.188873
-4.0449524
-33.550995
1.4841919
-12.444702
-21.272705
-18.192322
4.273987
-11.605316
-13.313019
48.799805
-16.24356
-0.63238525
-31.158508
0.32055664
-5.1862183
28.667816
-27.776886
5.661438
-5.6786804
-29.119781
-15.167419
43.09305
-17.436066
-3.510559
2.2669678
-0.2881775
-43.64447
36.25067
-8.857574
-24.185608
6.0832825
10.918488
-0.0993042
-17.913666
-1.026001
-44.567444
-9.886871
14.974091
-18.531555
-6.3801575
-3.341858
-11.45105
-16.023407
-23.944153
-8.179932
10.638611
-10.013092
-0.31817627
9.335571
-7.870392
-16.366028
53.33734
44.83197
-4.246643
-23.053436
9.253418
18.083984
-23.381653
-2.8813782
-32.061707
4.213684
16.657196
7.8442383
6.6167603
-23.216156
-35.687378
-23.705627
1.6383667
-5.012512
46.461334
8.053101
-25.060059
-25.499817
7.269806
-29.611938
-24.429108
2.388153
10.122009
4.3659973
13.039398
-2.489624
-6.316803
-11.769043
-2.1900635
7.8108215
-32.01364
-43.449463
-18.453156
-9.212341
-6.2068787
-11.337097
4.70874
4.3753967
-20.25235
4.9497375
-24.187836
-20.719086
-34.599335
-11.997711
2.694641
-22.99881
32.015015
-17.9458
-34.564697
-32.802338
9.208221
-28.871002
1.8932495
43.61798
-4.433563
-34.103302
9.032379
-41.230957
-39.124176
-34.43924
-33.548187
52.69989
-29.958282
-33.484528
-34.4881
-16.772583
-30.906586
-18.482605
-17.65924
22.827606
-17.240509
-26.57846
7.7070312
1.3745117
19.793213
49.434753
15.114166
-5.287842
-12.445374
54.470795
-20.327667
7.2270813
-4.2905273
-36.14337
-39.20871
-4.34256
-5.914673
8.595367
-22.909363
-27.53711
-7.121063
-9.293976
-13.519104
-12.561737
6.642212
-13.370148
5.558075
1.7545776
-10.215393
-1.3756714
3.5272827
27.94461
-15.231506
19.860199
1.7793274
45.145782
3.1461182
9.271118
-31.001648
-22.217804
-39.424347
-15.500458
-25.280884
-22.962921
-26.738892
-7.9440613
25.208832
10.386353
-0.60446167
0.60754395
-33.099243
0.057769775
7.9444275
-0.9489746
-10.248596
-32.256805
20.348236
-37.202515
-6.6691284
-38.350464
-11.958862
-51.4693
-5.4726562
-43.86133
28.900421
-12.059723
-7.704376
-14.555481
-26.348999
-11.7265625
-17.786926
-16.79721
-44.189453
19.653015
10.083069
-24.440308
46.689972
-17.865326
-27.749542
-9.315735
1.299469
2.257965
-4.705719
-22.552032
-12.73291
-39.86325
-33.70688
-13.875
-20.55072
-28.76648
-34.17935
-28.375397
15.401794
3.9180298
25.441925
-11.234436
-11.285431
-25.440735
-33.68219
10.95871
-26.874695
2.1529846
-27.09439
-24.179321
-30.123474
-1.7159424
-0.7714844
7.3500977
-21.627777
-20.258606
26.806885
-25.609863
22.920013
3.2348328
32.779602
34.90628
-17.262085
-4.155884
-1.435669
5.60376
-5.89563
0.3592224
15.395691
1.4406128
25.506073
29.396515
-0.6111145
16.28955
-6.508087
20.269958
-1.4942932
-16.622803
-14.244507
-24.068665
1.1943359
-12.441772
2.3729553
-24.21579
-17.855957
8.219055
-9.1596985
60.031616
-16.44638
5.9687195
-5.432129
-14.478302
-14.687805
8.466095
30.653656
17.074493
8.736877
-10.446045
-12.5815735
-6.0608215
-8.173584
8.484161
-19.512085
-3.4098206
-3.561615
38.484863
-13.550201
7.2799377
18.541168
13.886322
-22.701416
-12.852753
2.246338
-11.194
22.019531
12.653412
-15.441193
3.5830688
-4.307007
13.871429
4.2292175
-14.764923
6.1083984
-1.2059021
-5.128418
9.330444
10.56955
16.184998
4.480713
-6.5031433
7.1471252
-1.6948853
8.276733
5.368408
16.68277
36.87079
28.030396
12.952972
10.520813
19.54364
25.798431
4.9201355
10.931702
1.8029785
18.960114
33.236176
18.579468
20.338531
-3.1337585
19.463959
12.945618
-1.0487976
-15.947601
9.310699
1.9240417
-6.2303467
14.865173
-1.1417542
34.424133
26.606537
15.859375
19.13565
7.498169
18.38388
87.03836
-2.9835205
2.8681946
12.805725
25.57492
-3.8377075
4.550293
-1.9022522
2.2045593
1.7966614
17.078491
51.473206
57.186554
38.96881
9.767242
11.093689
2.028839
-1.6791382
7.5636597
-6.831604
0.3375244
0.15374756
-7.611389
8.250183
-9.9470825
21.023438
2.857788
35.001587
7.957367
5.9992676
4.192444
10.308868
35.77948
10.332306
-5.286499
7.0441284
3.4350586
12.255096
1.615509
3.427246
-1.3008118
-1.8240662
8.77478
29.249512
0.29995728
35.03122
7.324768
15.420868
26.019653
8.395721
6.478058
18.085571
3.8856506
-0.22253418
1.96875
12.746185
24.015015
3.5154114
12.902893
10.899841
-12.896637
1.2283325
3.3050232
20.506653
15.23764
12.947937
15.999268
0.16983032
34.33658
7.1447754
-5.540985
3.4031372
13.283783
11.33963
7.2348633
22.27472
-16.823853
-9.22525
4.0224915
11.654449
1.8778992
3.296997
12.48999
2.2055054
1.4742126
-3.894287
14.061005
-5.269165
-0.048919678
11.177612
19.718628
21.834747
-1.0020447
22.729767
18.598602
2.0527954
8.81308
3.5183716
7.4849243
4.812622
24.746216
-7.098297
-2.5359802
3.8435364
-7.970642
3.4689026
21.759308
5.59552
-0.0035095215
1.9680786
15.62262
3.970459
3.2451782
0.26638794
11.646637
9.022308
11.371063
45.45883
4.369507
2.195343
9.21933
6.360718
7.223358
-6.2244263
5.4836426
2.5044556
-16.5914
29.812225
10.295349
-6.8743896
1.102478
-8.259033
1.5917969
-7.6601562
-7.457733
24.160004
25.080383
-20.753906
-4.505951
16.029144
-17.6781
-20.73285
-19.612854
-24.110535
27.006775
-17.142426
-13.746216
4.310272
-13.422272
-8.736847
6.64917
19.979218
6.8920593
6.59906
5.467102
28.617645
5.974884
-6.9588013
16.46045
7.092743
9.290131
57.246094
17.326935
21.899323
-2.3699646
-27.178375
-18.535309
-21.87622
-2.8409424
-13.588989
-31.024048
-5.471527
-15.536285
-3.7503357
-5.9515076
9.2213745
-7.8163147
-0.65771484
17.205261
-5.638855
10.625488
5.1345215
41.09958
38.97458
8.491943
-14.271912
-16.12735
-7.5861816
3.6586304
-11.770447
-1.7562866
19.798035
1.6552124
20.907043
-18.70462
-17.690948
-7.7562866
-12.284454
6.325989
-11.789429
1.009613
57.948547
3.6750183
4.505127
6.990631
0.566864
3.986206
-14.470978
27.5672
-22.019012
5.856964
-28.632843
7.489502
-13.64801
-16.833038
-17.762268
-11.854279
-9.695923
-3.70578
-9.19693
5.5965576
-14.003052
-9.980347
-11.313171
28.640167
43.539856
-0.28518677
-22.68985
4.769745
-19.880371
-29.090698
-15.488037
-22.610535
-28.60971
-29.211456
-17.39801
-18.518799
-3.1319275
-3.3054504
7.909485
10.8463745
6.777588
14.357849
14.072784
0.47177124
-0.19464111
27.842224
19.79129
9.081879
9.052368
19.389679
-4.5224
0.65093994
14.462402
-10.922241
-3.5136719
-8.452454
-9.102905
-12.106018
-5.005432
-8.314819
-9.330597
-9.204559
1.9031677
13.598358
0.5299988
6.4085693
-3.945282
-3.1306458
13.921448
-0.22528076
17.381042
19.791473
9.024597
13.740173
7.830139
6.1216125
17.666168
6.4602356
13.052307
-1.5635376
8.612671
14.754303
-8.711609
1.1452026
-5.1561584
-3.2652588
-10.568695
5.322815
3.7669983
8.228821
-22.784576
-17.271667
-17.218567
-29.843689
-30.390198
-31.6893
-23.2453
-26.648651
-16.339783
-14.334808
3.3396301
-8.4696045
28.689484
-6.696686
13.773132
-32.98288
-2.7210083
-2.5073547
-39.471954
-21.698944
-32.419067
-37.568604
-33.03888
-32.95047
-30.371796
4.328369
-15.738098
-4.9799805
-11.378082
13.384949
3.2238464
19.235138
46.955383
13.474243
19.220398
39.46103
7.8467712
19.8172
15.191132
13.6848755
3.604248
26.67569
-0.98043823
4.6675415
-1.0625916
29.57428
3.5462646
-17.055847
-10.018921
-8.821625
-17.519196
-28.988495
-24.574158
6.4849243
-17.262817
-11.774963
-12.432617
9.604858
16.052734
-5.9546204
5.546692
-1.4293823
-0.3387146
29.098999
6.299225
-2.5571594
-5.785095
17.177002
-4.730652
-0.9036255
-6.7079773
-6.687439
0.522583
-2.7667236
34.14261
-19.759735
-19.920319
-20.947052
-7.5531616
-12.450684
-20.268677
-10.045746
-20.263367
-20.48941
12.625305
-22.140045
4.1895447
-22.111938
-19.715027
-9.081848
19.496155
-18.102264
-29.329193
-24.335236
-27.414124
60.847076
38.03891
-23.885803
-11.142242
-33.913788
-23.55957
-22.616577
-16.025269
-22.700256
-19.288727
-6.1330566
-17.488342
-8.395325
11.141907
59.088074
-5.4023743
1.3764038
-12.4878845
-18.598816
-6.2228394
-13.230011
-3.8303528
-13.389526
-2.944458
11.039673
-3.6853333
-14.564392
11.977295
-2.962799
4.351532
7.90625
6.2934265
4.428772
3.8268127
-4.0983276
15.441589
-0.3782959
0.33325195
-0.9067993
22.330902
9.4552
11.933502
14.043304
-3.6620789
5.9004517
45.140778
-5.756256
-2.965149
1.9789124
-18.148926
-7.450226
-16.885345
-4.3648376
-7.0039062
13.920166
56.55789
-9.948364
-8.116211
-4.6550293
-8.441986
-12.167603
-6.242218
5.868927
-15.659546
26.636993
-9.155457
14.900482
-1.0309753
-4.923218
-14.439453
12.176056
38.887726
3.5805054
-28.216553
-13.015503
-19.534882
-28.468536
-14.585236
-24.997131
-19.972076
-17.906738
-12.949036
-13.9844055
-6.4903564
8.463074
9.2247925
17.952332
26.268799
3.2355347
14.857574
-10.601379
-2.3305664
1.7949219
-5.5506287
9.272369
2.5784302
26.151459
-0.8613281
3.7598572
-3.5023193
-0.024963379
-6.8571167
-13.154388
-5.9869995
16.91153
-7.7987976
8.000763
-4.8825073
-6.6355896
-15.592743
-10.99234
-2.7763062
-24.729584
4.312317
-29.881958
11.703705
-1.905304
-27.590271
-11.351959
7.5740356
-25.171509
-5.98584
-26.254944
-10.184296
-32.331238
-38.73947
-13.422058
-10.329346
-21.35727
25.799011
4.0529785
-16.347351
14.233093
6.42453
-26.165161
-28.572968
-11.398682
-21.678253
-24.09375
-19.687714
-27.94458
-5.5289917
1.4994202
-8.536865
-3.2329102
-2.4880676
26.290863
21.930542
11.407135
-0.7724304
5.1705017
41.05002
5.8157654
8.454742
-1.0084534
-11.875366
-14.271698
-16.957397
1.7312927
-13.945709
4.03006
-5.98349
-15.175964
-8.469421
-7.330536
-7.3282776
8.172913
45.12677
21.723358
2.4359436
33.371277
25.605225
-4.156189
4.6084595
-9.890076
39.131134
-18.672943
-12.243927
-24.71286
-20.075195
-9.286682
-14.257446
-12.641205
-14.687988
17.969025
10.612122
3.6020203
0.9602051
-7.0386963
-4.636139
-2.5561218
6.336731
-0.7085266
9.390442
6.90329
9.702026
6.1860657
11.411682
-0.9985962
-10.724609
-9.179596
-18.27948
-0.4199829
-22.241333
-5.9115295
-12.608429
-4.342041
2.1180725
4.883667
-2.1725159
11.279755
-18.488586
-2.6890564
18.180206
-1.0787048
-12.411194
11.869995
-22.2034
-8.796936
-4.991455
0.23730469
2.0006104
5.165741
-15.718323
-0.24493408
17.806458
-6.653351
1.828064
-2.074585
-10.243011
-7.0617065
-8.184204
-10.306915
-0.23303223
3.606079
34.44745
-15.513458
-2.456665
11.877533
-12.60495
-15.190918
-6.490143
-7.413666
-25.14148
-14.735107
-24.707764
-17.670898
-24.494812
-10.439362
-21.310883
-10.532013
5.1608276
1.4173584
22.89975
-5.976898
12.977081
1.8909302
26.23236
3.0095215
24.275604
0.043121338
17.671173
-9.758881
-11.492737
-13.429321
-2.8001099
-21.737274
-13.935059
-13.19809
3.3930054
9.243103
-12.392456
-9.156189
2.3974915
6.770294
-3.098877
11.779572
0.24276733
23.195923
-4.8328247
21.015503
-7.944397
-22.166138
5.004242
-24.591614
-6.3606567
-23.268524
-20.302765
-10.667297
6.3647156
-12.228546
4.2138977
-2.6552734
-4.4658203
5.7385864
4.482788
14.820282
-2.1595154
-2.032074
10.422302
-4.757416
-2.594696
25.9487
10.249298
19.812134
18.141724
-17.394196
-21.531555
-21.768066
-24.728119
-12.8255005
-35.47281
-33.60437
-8.124084
-20.917908
-28.856415
-20.579834
28.580719
18.541687
-23.624695
7.037018
-11.606384
-4.640045
-5.166107
-18.440613
-12.424591
-19.119934
-7.22583
-10.029572
10.782135
-3.2770386
-1.6243896
-11.529633
-16.407532
19.077576
-4.2672424
-21.643097
-8.938629
-28.690613
-11.910217
-16.984009
18.49533
-10.119385
51.144806
27.31488
-9.506653
-29.793
-20.236694
-41.724762
-19.04477
-38.64392
-30.050781
-28.893036
-20.940826
-2.398346
-5.8281555
-3.704895
6.5164185
21.278961
32.26587
19.40741
20.42279
16.941528
6.4710693
7.9119873
9.409729
1.2180176
18.02304
-5.6228027
8.0625305
9.18573
4.606079
-12.245392
-10.2795105
-10.019684
-12.643372
-10.635834
-7.1737366
3.2270508
4.7450256
-5.9243164
1.6232605
5.479187
1.0394287
13.163147
45.180084
-0.64907837
-16.830292
-19.84494
-11.350128
-17.163452
-27.848083
-26.631012
-9.463745
-11.317108
-11.419983
-13.396942
6.3045654
-10.535156
12.184143
2.6912842
11.167969
7.6169434
7.353546
4.6877136
-6.1432495
2.7329102
0.77612305
-7.255432
-5.01178
-5.1427
-8.769806
-7.403961
-4.7512817
-10.320435
27.014282
2.3641663
-10.9027405
-8.778351
0.36209106
-17.98526
-3.5884094
-2.465973
-20.124573
11.551697
-8.923767
-15.359192
-33.35315
-36.894745
-44.339966
-40.815918
-22.731323
-33.619965
-3.5003967
-27.201935
-12.843323
-20.149017
-22.906433
-2.574646
-23.258179
-21.748657
4.1489563
-27.071503
-13.539917
12.277618
-33.87613
-31.106903
-30.489777
-27.928558
-26.710236
-15.362427
-25.335815
-19.153656
-0.8323364
3.777954
-1.0706787
19.091583
9.105896
18.549591
5.1735535
3.2167358
16.417847
-1.061676
4.7720947
9.448303
7.620758
11.73938
-0.08758545
-10.603729
-3.5916443
-22.977142
-18.503876
-24.921234
-16.31189
-8.329529
7.578949
-48.20172
-36.41681
-35.42801
7.01532
-33.133118
18.296082
-30.563416
-35.227875
-16.861542
-11.88147
-25.459229
2.8834534
-2.7818604
-12.646149
0.15863037
14.323822
17.665955
-19.292755
-19.675598
-32.13913
-31.035675
-34.73465
-34.225983
-28.901245
-23.700775
-10.835846
-11.491272
-4.151184
-4.4552917
4.85318
18.453247
19.131042
27.389526
31.516144
27.957214
21.697723
9.89798
14.44751
0.8814392
-25.065002
-33.91266
-15.2725525
-30.850464
-37.993835
-25.96814
-27.294159
-20.314423
-20.268646
0.6081543
-3.6714783
-5.3444824
9.008881
6.6884766
26.50653
22.6492
22.878967
17.43103
20.999054
24.119415
6.8463135
12.120911
11.923309
1.92453
3.74646
-5.6636353
6.7627563
-6.23114
1.2546997
-4.5500793
3.5082703
-5.7530518
-0.5324707
-0.23336792
-7.316559
-11.30426
-11.089752
-4.7278137
-8.533051
-12.662201
3.0247192
30.505219
-12.014252
-10.024109
30.521606
1.3970337
-10.977875
-12.146973
-21.6828
-11.381256
-19.249237
-5.428833
-11.934753
-22.120697
-21.937439
-17.543976
-1.3820801
-10.469482
-25.904388
-3.948578
-20.390717
-20.677338
-11.50235
4.1000977
2.0555115
-28.153168
-0.12994385
-20.44757
-19.83548
-25.537292
-13.552765
14.178864
-14.779083
-11.5807495
5.4649963
-19.027588
-7.972809
1.794342
3.5656738
-3.241211
1.9874268
6.607025
8.900177
13.796967
25.662476
24.070343
32.05655
2.3692627
-1.7342529
-1.1302795
-1.295227
-4.3416443
3.2255554
-3.3059082
-6.232727
-9.83493
-7.6679077
-10.703705
-14.526093
-15.057404
5.630249
-10.52298
-6.898834
18.23407
-3.817566
5.7597046
10.869995
20.107086
2.4591064
-22.266846
-14.435791
-22.207977
-17.495056
-16.338806
-20.755402
-8.893646
-21.793854
-16.226807
4.441986
-9.01004
-24.698792
-18.007416
60.131683
-1.2449036
-16.805695
-21.5961
-0.63916016
5.3826904
-32.614563
-14.560516
-20.696869
-39.227905
-26.166382
-29.569916
-31.0495
-26.47528
6.7182007
-17.041473
-13.92691
28.23819
6.196167
-6.9254456
13.922913
-0.78616333
8.900085
-16.756622
11.342224
-26.940247
-26.268188
-28.16922
-26.123749
-13.902222
-23.864655
-0.9038086
-3.4326477
12.044769
12.927643
-11.119751
0.94189453
-2.5570068
26.374115
-5.241699
4.183319
-0.88986206
-23.404968
-4.968872
-20.070618
5.386566
-29.137756
-25.249481
-30.721619
-9.355804
-1.2355347
-29.593353
-18.83194
-6.4906006
-5.8252563
-8.01532
-38.580994
-10.36438
-5.1059265
-23.727142
-8.80957
-44.066223
-36.578125
-17.320343
1.5228271
-29.681946
-22.413086
-12.796997
11.767609
-29.877075
-13.205444
-0.71698
-34.64322
-33.303223
-36.56549
-37.06714
-43.82022
-24.603973
-15.602631
-16.317993
-6.926483
-1.4725037
6.248108
12.647736
25.672485
17.54367
10.320465
14.439178
11.801025
2.9589844
-6.2859497
11.50238
-8.770782
-15.891235
-2.1407166
-1.5541687
-11.319916
-31.342865
-3.7357178
-26.864471
-28.414001
-8.648071
-31.104248
-9.250122
-4.7604675
-16.507416
23.411499
-21.319214
-2.9302368
10.07309
-20.00058
-25.592712
-20.029694
-20.515259
14.667999
-12.474152
-5.6775208
-15.411835
-10.049988
-5.493103
-18.548187
-25.730347
4.339508
-30.02298
9.772491
-17.77829
-26.857605
-32.425476
-26.289154
-31.382294
-31.08316
-17.690338
-20.563599
-10.300629
-7.473938
11.796448
10.65506
2.3450928
17.10736
30.31424
29.834015
6.807892
4.1788025
6.114258
-3.5556335
-9.962036
2.8148804
-5.0978394
3.6901855
-5.297882
-1.0508423
-14.136017
-7.0671997
-7.9931335
8.269684
6.577362
21.57431
17.435455
-2.7547913
-26.041046
-13.057129
-14.991058
-8.349731
-23.415558
-28.795563
-9.2048645
-6.4785156
20.155334
-2.1513062
59.510498
2.6454773
-17.799042
-20.481567
-18.99353
-30.430878
-17.317871
-15.285553
-12.403503
-8.947327
-3.1147156
-0.3834839
19.389984
15.465271
13.141815
10.2092285
4.6517944
10.914276
21.976135
15.805084
9.220612
-0.08477783
-2.4403381
-1.2460327
-8.013611
-3.509369
-0.55548096
-11.49585
-1.4056396
-6.5155334
-6.984131
-13.649353
4.3802795
-7.103546
-8.047882
-9.807007
4.045807
-3.4645996
-1.2546082
0.4272461
-5.933075
6.475952
12.198608
2.7711182
-0.5110779
-2.6643677
5.532379
-6.286438
-13.926575
-7.2431335
-17.219757
-11.206757
-17.211304
-7.3487244
-3.3397217
6.4740295
-3.7641602
-15.561859
15.832123
-5.8688965
1.3095703
-24.531616
-16.685974
-33.418793
-33.201538
-46.932434
-41.07486
-50.62564
-35.72055
-8.1883545
-25.493958
30.076904
7.002899
-4.676819
-16.761932
-29.064697
-38.38678
-25.63559
-30.356445
-24.498596
-24.70871
-30.591309
-20.342102
0.85061646
8.69162
-7.6363525
16.194122
-6.50589
24.698273
-11.78775
-9.602936
-4.6539917
-1.6443787
0.22824097
-4.6628113
11.117249
-18.289978
-5.786865
-13.81897
-6.4144287
-22.311157
-32.767853
-6.3670654
-25.623077
-9.646423
-6.0518494
-10.577911
27.162842
-38.871277
-19.978943
-30.921265
-25.670593
-55.69217
-53.760742
-27.75821
-5.2042236
-10.082642
-8.18219
-23.911499
11.590088
83.70218
1.6598816
-30.119629
-31.96167
-26.557495
-44.860077
-31.768005
-36.67163
-10.750824
-15.121887
-14.133728
-4.707306
16.15387
8.332703
0.05166626
10.754883
10.180664
20.323944
21.641022
18.94696
3.6071472
12.7677
-8.326111
-10.002136
-11.660461
-11.780029
-15.383636
-13.113678
-26.557861
-18.97876
-8.116486
-16.601501
-8.988831
-24.161438
-17.693268
-30.647247
-20.260773
-7.9558105
22.416046
28.381866
1.8340759
-22.245758
-18.368347
-28.991333
-5.3914185
-12.944
-20.753113
-25.359894
-31.174408
-8.438019
-9.802826
-1.0532837
-21.146301
-5.1369934
-19.563416
-16.14328
-13.134796
-12.069092
-19.491333
8.479126
-7.9866333
-5.4184265
13.201447
-6.0126953
16.368103
-29.006989
-24.782684
-26.313843
-17.064392
0.7245178
-1.1188965
3.3980713
-27.19696
-20.33014
-12.97641
-20.19574
-19.449646
-2.8606567
-5.5157166
-14.161346
3.1184998
10.7187195
12.125916
-20.65622
-21.249664
-7.360504
-10.483093
-27.80127
-23.11322
-28.93872
5.816925
-3.5284119
-19.345612
-27.220703
-4.257538
-12.955627
-6.999817
-18.54068
-22.759033
-5.560028
-33.201538
-28.877625
-25.619781
-36.411224
-36.494293
-24.20697
-24.044525
-24.557373
-10.67511
-23.259308
-0.092681885
-29.76056
-14.40033
-29.522888
-24.067078
-31.885956
-32.54135
-22.15335
-34.473907
-14.487488
-36.84851
-11.909485
-20.697693
-35.33548
-16.207092
-19.816772
-0.8156738
-4.5858765
-15.582825
-24.480377
22.3573
-16.743439
-6.4608154
28.327332
-26.863342
-9.394775
-31.401276
-17.878967
-19.859589
-4.5748596
-24.920868
-17.15564
15.759827
-6.0782776
-8.02478
-6.9537354
-1.5438843
-2.0523376
4.442383
-7.114044
-7.8361816
-3.8224182
1.4051514
-27.066193
-38.70352
-32.778168
-24.350555
-11.064575
-31.450073
4.0302734
-32.24716
-25.959442
-6.080414
-32.20581
29.496674
-43.29416
-50.96042
-53.585175
-49.13025
-46.154114
-38.358093
-20.19342
-31.536255
11.785553
3.6312256
7.75885
18.678986
-6.99942
0.75006104
-7.198456
4.1134644
-1.07724
15.073456
-6.5273438
-4.013489
-14.354095
-24.625092
-12.313934
-9.977905
-9.413208
-29.307892
13.991516
-1.9168396
-11.296692
12.82016
-9.683411
-24.255005
-29.088501
-31.133453
-22.241333
-24.631226
1.526886
-39.45334
-16.804047
-0.56484985
1.3196411
-22.348755
-28.397858
-38.69217
-17.875244
-43.755066
-27.50415
-27.57486
-21.730194
-32.307495
-41.922546
-21.19571
-31.457336
-31.867859
-20.99936
-13.305908
2.4721985
-29.283325
-26.215454
-18.19632
-24.769684
-18.900024
-41.288513
-19.680603
-31.399841
-40.75525
-29.138153
-27.29654
-33.85083
30.116913
-15.678162
26.276459
-16.61792
-11.355347
-5.14093
1.053772
-13.606842
-10.615356
-13.383942
5.9855957
1.1507568
-17.878082
-16.060333
-24.540741
-24.375885
-22.381012
-18.162842
-12.453033
-11.962524
2.174591
0.8222351
-0.21557617
-2.826294
3.270996
13.105103
-5.2779846
-4.5917053
1.6105042
-3.347229
3.1304016
-12.998688
-9.502472
-5.179901
-14.71521
-12.691559
13.668396
-20.412445
-12.186493
-17.36612
-8.702576
-2.161438
-15.639648
-9.946838
15.315674
-3.4941711
-12.755768
-10.754974
-13.196899
-30.356628
-39.650604
-38.581818
-40.6015
-20.067627
-34.516937
-11.700562
-17.947723
37.026917
-22.470917
-23.25592
-24.685333
-18.296722
-30.80722
-21.108704
-23.141815
-13.472626
-10.085022
0.6734009
-16.72702
-2.5427856
-2.0569458
10.643097
-4.6195984
25.069
-0.38934326
2.0463562
-2.1160278
-6.48114
-8.601746
-1.2085571
-7.6199036
-5.8396606
-7.8424683
-3.420227
-2.5950317
6.467743
7.306305
7.1991577
7.406891
9.671112
-3.7427368
4.9906616
2.672638
-10.376434
14.967926
-0.10861206
-15.809387
-13.234283
14.610382
-19.495758
-12.8281555
-14.222595
-7.107422
-8.655518
5.3311157
-0.75405884
-7.81546
-30.825775
-31.66983
-17.032104
-23.158325
-34.121826
-39.566772
-22.26596
-7.4451294
-6.4944153
-13.938049
17.816925
8.935059
-7.058502
-2.9941406
-4.574768
26.673859
-16.724487
-27.792145
-16.78479
-15.888824
-33.457336
-17.165955
-34.814026
-27.554535
-23.834137
-19.845886
-7.509613
6.249939
-18.19635
0.6338806
-5.223938
-2.7700195
6.2047424
-6.070862
5.25296
-3.0072937
1.3965454
-32.163605
-31.028717
-30.816284
-37.49466
-31.09021
-30.075409
-24.992584
-13.573822
-11.391113
0.22302246
12.538879
9.636414
16.270966
23.516571
22.733795
23.161957
12.713684
15.178894
-2.5221863
-4.574646
-27.567078
-26.050842
-27.692291
-29.531189
-30.58014
-29.68982
-16.679352
-22.188873
22.737244
-4.8684387
1.0360718
-10.206421
15.600494
-9.758057
-7.857544
0.10534668
35.89688
-20.91449
-17.204712
-17.131775
-17.351013
1.8000488
-18.591553
-5.996826
-16.81839
2.0305176
-3.8588257
-20.962738
-2.4640198
16.121735
-16.899567
-0.5569763
-1.305542
-16.254517
-27.491577
-17.111908
-21.642914
-15.266052
-7.0364685
3.2790833
5.461487
2.1869507
9.904449
10.39917
1.0108337
-14.803589
-1.961731
-8.020691
-13.718079
-19.87619
-19.583405
-25.607635
-34.584015
-17.047607
-24.570984
-12.616821
-21.104279
-8.330109
-15.351318
-10.108032
-12.649872
-19.410156
-4.264801
-19.497437
-6.09848
-28.86737
-37.83072
-35.194336
-29.019745
-23.213074
-38.47226
-27.858643
-6.47464
-21.438965
-8.434296
1.1936951
-3.672882
-14.64151
-8.577728
18.263306
-24.224121
-26.253784
-23.570251
-25.85083
-14.504944
-10.545593
-15.03244
-4.2384644
-3.6922607
-0.00024414062
12.723022
4.505066
-4.5352173
5.5646667
5.231262
-3.826294
-17.322723
-20.049042
-17.20337
-15.074188
2.838684
-17.174866
-41.00592
-46.37314
9.129059
-37.146027
-15.521912
-26.587769
-37.673737
-9.208252
1.4932861
-50.823242
-51.533478
-53.620453
-66.72186
-54.171814
-46.41452
-35.431183
-7.298004
9.663361
21.446411
11.30545
2.2036438
44.586304
15.693146
-5.29657
-20.839813
-10.876404
-29.902008
-25.088928
-15.5130005
-15.786621
-10.154175
-11.166473
-11.5914
-2.4529114
-4.6688843
10.21286
16.563995
5.885254
5.2858887
10.393707
-1.7255249
-0.2744751
-0.48446655
1.6008301
-14.090973
0.3692627
-26.738556
5.4931335
-19.144958
-18.464172
-4.355377
-18.82135
-21.85791
-31.506317
-17.063995
-34.088806
-29.40448
-43.652283
-18.861053
-38.388367
-42.470306
-27.85318
-39.3703
-38.998535
-26.227234
-26.747864
32.826904
9.208984
-4.5634766
-20.978058
-11.406433
-27.58905
0.48519897
-24.323395
-30.962006
-1.4008789
-17.489594
-22.795929
21.196503
-14.970367
-26.096802
-22.493591
-10.9305725
-8.407776
-12.274658
-13.935699
-18.683594
-4.01062
-1.7372742
4.964905
4.403412
24.576294
9.720673
-38.5542
-45.538116
-37.099823
-53.85907
-52.686707
-44.845245
-20.704498
-30.82608
-13.329254
-5.858185
7.41156
25.358643
21.430298
43.239807
29.186066
25.725098
22.454498
23.903046
1.3907471
-2.8311768
-6.5928955
-29.243774
-29.688751
-28.669159
-13.508179
-13.824249
-18.05127
-20.34137
-12.447815
24.382965
20.97699
9.819031
-19.95935
-26.417755
2.6629944
-25.542755
-24.043274
-25.672485
-26.511292
5.5148926
-20.548462
-19.944824
-1.9679871
-4.402405
-3.4319458
4.4038696
32.018494
4.062805
-0.108551025
-15.416443
-15.563171
-21.444824
-19.696594
-11.86319
-17.588593
-6.4260864
-5.3468018
-7.4263306
-2.5236816
2.3386536
0.9838867
3.261444
-1.1260071
-7.4838257
7.5406494
-9.961578
-11.997345
-9.089935
-22.130096
-2.1864014
-28.182648
-6.8060303
-27.514679
-23.463165
-32.21707
-16.720642
-12.640381
-13.654327
-2.0302124
-2.3583984
3.9798584
22.336884
5.6618347
6.5918884
-4.0849304
6.930725
-7.5535583
-13.498657
-24.135895
-18.530914
-30.06128
-15.459412
-29.243317
-3.0726013
-13.177673
0.2331543
-2.6091614
-2.4951477
4.3927
6.9592285
6.9487305
0.75064087
-14.645081
-25.217834
-25.010834
-26.097351
-18.77301
-20.896393
-32.74594
-7.737152
-13.34137
4.414154
1.2533569
-20.774323
-5.6226196
13.200378
-18.85849
-21.38742
-19.866669
-21.363434
-21.79065
-13.371704
-23.653656
-16.096619
-24.326416
4.247772
-10.3479
15.205963
11.427185
-12.689148
-7.147064
-14.230377
-2.4487915
-21.368652
-13.542419
-23.89038
-20.392395
-11.073242
-10.955597
-8.543274
-8.322723
10.181671
11.914337
8.869293
2.1092224
20.035522
35.523804
0.5963135
-3.2798157
-11.020416
3.4511108
-7.698181
-31.328796
-32.03247
-19.434326
-19.231476
-36.652252
-11.223785
-5.6591187
-5.4437866
3.82193
-5.4213867
-10.085693
-15.526184
-17.618866
-22.70166
-21.757172
-26.592224
-10.457092
-12.615295
-14.000183
31.143463
-5.6073
-2.8598022
-15.788635
-5.73291
-6.0973206
-1.9117737
-1.2296143
-2.1053772
-1.2808838
-8.520416
-19.67572
-10.395996
19.412567
-12.453003
-14.176147
0.111450195
-15.751068
3.486145
-1.3097534
-15.393433
-14.956726
-27.451294
-22.269867
-26.853455
-0.38659668
-32.933258
-19.400726
-27.875916
-7.2752075
-24.44513
-8.139343
-18.231232
-11.36676
-13.941986
19.556702
-7.008728
1.0701904
-14.757874
-7.961853
-0.7015991
-0.8319397
13.970245
-11.75293
-13.715637
-4.2045593
-20.772339
-19.33722
-19.775574
-13.067444
4.7728577
-15.677063
2.0778503
-13.429443
-14.589905
-15.607697
-27.191437
-7.0596313
-3.823578
-14.928223
-4.349457
-7.6081543
-16.067444
-22.566406
-22.591614
-20.950348
-30.328644
-32.871765
-16.902191
-28.930298
-20.25409
-24.052826
-18.26538
17.08081
2.299286
20.21054
16.367859
19.43332
-2.9432068
3.1567688
-13.422852
-23.542877
-26.717407
-21.072388
-19.504974
-41.036224
-2.1806335
2.7297668
-45.16339
-34.88788
-34.48404
-41.434723
-19.374146
-10.877869
-22.379303
-36.242523
-35.660492
-23.423523
-22.349365
-22.029541
-1.8662109
8.736145
3.1717224
-14.16748
-10.464569
-17.18274
7.7599792
-38.961456
-38.605347
-47.81024
-28.719269
-19.889404
-24.529724
28.682709
-42.08661
-49.54135
-33.823456
-34.718933
-29.355896
-27.259216
-27.21811
-3.0718994
12.363312
-13.35611
-24.266632
-34.37445
-47.950043
-44.854248
-46.945007
-34.334045
-12.169128
-18.279785
-13.602325
0.93707275
22.575317
-10.481323
6.65094
0.062194824
-11.988403
-16.918854
-33.72809
-35.60446
-21.333496
-18.994904
-18.887268
-23.817078
-15.13501
-1.4529419
-9.248322
6.2453003
3.375
3.3122864
-4.7087708
-8.578064
-4.336487
-14.288483
-11.072266
-8.367584
-22.482697
-22.831787
-16.282196
-7.2968445
-3.5958252
1.8776245
-3.512848
10.055054
20.107452
23.514832
-0.015533447
-0.6221924
-16.694641
-30.101685
-13.750122
-36.466736
-38.151
-35.85565
-18.066193
-22.32782
13.079132
-3.1230774
-10.64563
-14.793915
-19.716736
-18.530212
-38.912323
-37.797546
-41.616943
-35.250366
-46.017944
-32.857117
-40.58737
-42.5282
-1.8296204
-22.666382
-7.056488
-37.064514
-10.175781
-28.1651
-34.695435
-16.18991
-13.485626
-25.871368
-37.681427
-20.67987
-20.563599
-20.367188
-13.430664
-9.691681
4.0703735
-8.155579
-2.65036
-7.2282104
-12.057434
-3.0903015
-13.387939
5.934845
-4.3035583
-36.87039
-30.443237
-20.842957
-38.46649
-48.7005
-41.670837
-37.968567
-21.588013
-7.5949097
-6.697357
-20.076263
-26.526093
-38.56732
-10.468689
-47.430573
-31.593506
-52.96176
-70.159
-67.32251
-72.144226
-75.0426
-61.710724
-58.54492
-35.981995
16.70346
-59.197052
-33.335358
-38.9104
-43.903595
-26.139374
-50.832153
-36.90796
0.014953613
-36.738007
-35.44336
-36.532257
-48.031372
-35.21454
-32.134277
-35.65799
-29.79422
-14.4939575
1.0340881
11.463287
5.070923
6.2459717
-24.33142
-39.65341
-47.632935
-39.929077
-40.47757
-38.965454
-31.102753
-10.128815
0.5007324
4.2153625
-6.3178406
-12.4105835
-8.3090515
-13.589142
-10.548462
-32.899536
-32.16913
-38.276215
-41.129578
-44.405884
-39.48349
-50.52646
-40.735626
-54.201843
-41.91211
-43.98697
-30.795563
-11.721008
-25.2471
-5.1621094
21.995087
-1.8453064
-21.212769
-39.525757
-33.199493
-43.47638
-46.940216
-58.391357
-49.56433
-43.84958
-41.062286
-31.35318
-19.593933
3.7927856
-13.999298
-30.54541
-28.805237
-3.0410461
-15.589783
-29.034851
-15.930634
-35.440094
-13.569672
-19.316711
-25.857635
-20.355255
-20.820312
-54.0856
-47.79654
-49.082886
-38.416656
-26.960785
-22.849426
-14.666016
-4.6488953
-11.387207
-14.170258
-7.09848
-20.777649
-28.275452
-31.218872
-31.135345
-6.9711
-37.115845
-35.647156
-29.277405
-27.492615
-21.147186
-22.422455
-20.538818
-31.99588
-37.765045
-19.146515
-12.08548
-34.970734
-32.83072
-27.334076
-25.339417
-1.5102844
-18.46994
-25.552246
-35.229828
-18.402496
-29.026093
-34.43036
-36.369934
-32.277283
-30.930145
-5.065674
-19.228271
-5.8819885
-9.837555
-30.254272
-33.269165
-26.681396
-44.298065
-55.31201
-59.291473
-48.150635
-50.862457
-59.188934
-47.396576
-33.149902
-50.942474
-43.683167
-29.403992
-15.12735
-21.520203
-13.751801
-36.367554
-49.467743
-47.807007
-51.467743
-61.106934
-70.07294
-67.3284
-59.989746
-59.087494
-50.002502
-50.03232
-25.221863
-13.819916
-20.467499
-8.669373
-0.39691162
-6.575531
-10.427704
-11.073029
-23.413177
-29.23761
-30.941833
-35.30887
-50.512756
-46.46393
-23.276764
-47.412537
-55.796936
-40.658752
-49.301056
-48.246338
-29.903198
-47.68686
-44.181488
-33.401184
-23.271912
-47.00403
-56.351593
-47.626892
-48.34787
-50.540802
-35.25647
-35.720276
-23.140137
-0.4187622
-7.2355957
-5.4373474
-13.0043335
-20.449066
-38.004242
-44.239258
-56.536133
-53.73703
-53.575806
-45.480408
-32.17636
-19.83957
2.5622253
-25.45523
-24.967651
-18.843842
-26.640594
-27.083252
-39.667603
-36.49579
-49.50937
-18.544556
-19.223236
-22.842651
-19.99582
-3.1710815
12.006805
7.1015015
4.1758423
4.694031
-7.6668396
-15.223419
-20.95752
-24.83966
-16.675446
-32.250793
-25.572113
-23.688171
-20.791595
-21.143005
-8.11618
-9.652954
-17.664276
-18.503174
-26.42334
-23.278015
-20.625977
-38.918427
-45.934174
-58.80963
-47.894287
-61.24176
-68.08234
-62.43274
-49.48059
-37.573914
-15.287994
-16.716522
5.273834
20.424713
-4.0557556
8.34436
-15.318054
-22.278687
-34.310364
-36.60504
-41.970856
-42.80768
-39.88098
-19.97995
-24.932495
-29.846283
-37.037537
-33.736084
-22.631622
-24.585358
-34.558167
-9.24176
-26.314148
-27.897583
-23.713043
-58.057312
-49.834045
-73.5549
-57.333405
-66.847015
-39.437653
-37.434387
-21.50119
-26.618134
-33.707764
-22.496155
-45.95294
-56.592224
-60.100555
-68.9245
-65.94006
-69.43707
-58.607544
-43.07599
-35.5159
-25.612854
-16.219757
-12.828766
-14.63385
-17.202423
-24.747375
-35.236176
-38.569183
-41.657898
-38.527405
-41.440643
-35.29077
-32.489197
-31.711365
-26.395386
-31.236725
-33.102844
-17.537323
-32.844208
-29.103851
-44.39087
-35.558105
-43.478027
-42.261658
-47.333405
-61.702515
-49.319336
-53.09433
-57.877655
-52.769714
-54.9516
-35.180786
-43.012848
-36.666107
-47.122253
-30.761627
-28.341125
-39.96762
-28.695679
-38.38333
-49.850006
-42.691772
-43.028015
-37.254395
-41.330963
-31.631836
-49.10855
-41.326935
-34.676025
-48.485962
-6.0927734
-36.363647
-37.32782
-45.31244
-29.894379
-48.691833
-65.13049
-54.08368
-35.35742
-46.286835
-49.300323
-41.09558
-48.259216
-30.299164
-19.323578
-37.981903
-41.827393
-30.914093
-38.178284
-35.78958
-36.511017
-54.690125
-56.651215
-56.714355
-67.673035
-69.26407
-55.339752
-45.38321
-53.46698
-32.674957
-42.58136
-43.118805
-32.753204
-11.33844
-34.191864
-29.5336
-26.867432
-33.062256
-36.932404
-24.713531
-53.794006
-67.25745
-62.294617
-67.54199
-68.85727
-64.37268
-77.57068
-57.33252
-53.883667
-50.582703
-38.839203
-31.214813
-18.021606
-15.267426
-10.557098
-28.081482
-38.987885
-47.06848
-64.365845
-75.293274
-69.06799
-60.45166
-45.78299
-56.25403
-46.095184
-31.60962
-31.030396
-21.187927
-19.521973
-22.568054
-32.324646
-36.622284
-39.263733
-46.09146
-48.631012
-44.722412
-42.719177
-25.191803
-40.961212
-28.18924
-29.335388
-18.550812
-20.57425
-28.637451
-42.40799
-41.42865
-53.19754
-38.151978
-33.59439
-48.59381
-24.641846
-42.44388
-41.111877
-58.56595
-55.05893
-58.199646
-55.52231
-56.906647
-57.69403
-39.572693
-29.326874
-33.971558
-12.257599
-18.318542
-38.365295
-34.789795
-40.87204
-37.02246
-42.16275
-50.17743
-40.399963
-48.542725
-44.962738
-47.709595
-56.797974
-51.556915
-41.45175
-53.734467
-38.649628
-38.07898
-40.229065
-35.983734
-34.048492
-48.91339
-47.30783
-45.40274
-46.014038
-56.071106
-58.811523
-54.950348
-52.145172
-43.529205
-42.996674
-59.84201
-58.948242
-45.67511
-59.01117
-71.446014
-61.07022
-37.26483
-52.598724
-42.879913
-37.873108
-33.8898
-23.700195
-12.799805
-12.862976
-30.667725
-43.020966
-44.726196
-61.310577
-62.38022
-53.74054
-53.39276
-57.901947
-51.011017
-55.744537
-59.068848
-48.496857
-53.734253
-23.025238
-48.302155
-49.153168
-56.39572
-35.265625
-45.21173
-48.093597
-62.174103
-65.9556
-57.753418
-53.983612
-54.234344
-36.96414
-45.183624
-21.004395
-25.033325
-23.198486
-39.505768
-29.332428
-33.18643
-43.645386
-35.826996
-49.900024
-42.574738
-49.40854
-36.16864
-48.460297
-40.680786
-18.525238
-6.722473
-30.654327
-27.025787
-57.196747
-49.883392
-51.26364
-61.180664
-64.30536
-62.126923
-59.1485
-56.133026
-56.529083
-21.63153
-33.431274
-30.578705
-35.307922
-49.812622
-39.340973
-41.972534
-60.908936
-53.48648
-60.01718
-39.012726
-28.019562
-43.85428
-35.414062
-49.754333
-27.067078
-53.195374
-55.279236
-44.751984
-61.459717
-61.781097
-55.70764
-44.399384
-50.854706
-45.235413
-28.295532
-28.272675
-28.332214
-14.500793
-9.533936
-21.964233
1.0860596
-13.888977
-29.248688
-30.974213
-45.57663
-41.588013
-57.42462
-50.001587
-48.34851
-54.413483
-39.77838
-44.259705
-41.272675
-47.623505
-55.846954
-37.79132
-44.350555
-32.87509
-27.525787
-18.583374
-11.027832
-10.04599
-50.868866
-63.89258
-67.20441
-61.878174
-75.115204
-67.327576
-59.85382
-27.058289
-29.693054
-19.54599
-23.177216
-17.282562
-22.950256
-33.401123
-48.978546
-59.532715
-46.46466
-64.757416
-59.01056
-55.5997
-41.107452
-38.702423
-22.217224
-7.8418274
-7.9363403
-7.4358215
-19.869354
-37.263977
-56.15085
-57.45273
-55.81198
-55.984802
-50.703217
-45.37021
-42.417694
-34.724518
-44.26532
-44.5343
-48.578827
-38.382233
-46.041595
-39.067932
-47.326782
-42.64029
-44.851196
-36.96295
-53.25531
-55.977325
-54.85431
-54.950012
-60.976685
-49.75473
-33.81839
-26.83429
-5.9301147
-29.607697
-33.809753
-23.169647
-37.44345
-40.660034
-44.357788
-57.06723
-37.823883
-36.91559
-45.851196
-55.73175
-57.339203
-59.96997
-52.094086
-52.449768
-46.20645
-44.407898
-46.50934
-34.058746
-28.564972
-27.86966
-34.372986
-50.950684
-53.60376
-44.460327
-63.62079
-61.097412
-52.898438
-64.6918
-68.74475
-45.080994
-38.41693
-12.176483
-36.606903
-28.929565
-39.08264
-46.499084
-52.54712
-44.031067
-40.894135
-33.976074
-40.9588
-45.272064
-49.398834
-53.48883
-54.45587
-50.06659
-52.985718
-29.19925
-44.294434
-51.274017
-64.51529
-65.71774
-68.947205
-67.05655
-51.408264
-50.53537
-50.743073
-52.744843
-51.16098
-52.6662
-46.455444
-48.014862
-38.958893
-21.93335
-32.882904
-41.49106
-43.3107
-48.58368
-47.193726
-49.882294
-57.238586
-49.772736
-48.553833
-38.15515
-46.629425
-35.86075
-27.980042
-46.20282
-36.26877
-26.294891
-21.705658
-30.840424
-59.682465
-74.795654
-72.34396
-71.49017
-60.665985
-45.463074
-40.083893
-39.49005
-39.921814
-31.164215
-43.256714
-24.205078
-45.678253
-52.769928
-53.5542
-52.002655
-40.208496
-53.913513
-51.439728
-41.305664
-39.806824
-54.925476
-34.479156
-47.791718
-38.0502
-51.625458
-49.77896
-50.916016
-51.881744
-50.981842
-48.811096
-35.394867
-51.728516
-39.98999
-35.39514
-51.238007
-48.65448
-55.72061
-55.566376
-47.66278
-43.959442
-38.499054
-52.38098
-34.436768
-35.890778
-47.717834
-36.6828
-49.52539
-53.825287
-62.689972
-28.8974
-62.868683
-54.008392
-44.32617
-52.58191
-58.2789
-45.319946
-34.86322
-33.492676
-43.9606
-42.295807
-54.04477
-49.79782
-63.544678
-74.889404
-73.953
-59.86438
-72.332306
-44.649017
-47.115173
-42.731384
-46.067352
-39.46692
-15.154053
-29.932007
-40.634033
-45.840637
-41.82187
-49.660034
-53.10315
-51.179657
-56.856506
-54.60074
-50.04895
-46.49933
-53.397064
-36.65222
-50.875885
-50.98639
-44.831818
-45.18228
-48.62256
-53.034912
-47.21042
-48.883087
-57.818115
-52.442352
-49.968536
-48.013916
-29.340057
-42.923798
-35.118683
-33.759064
-29.027649
-41.734985
-60.74115
-59.689087
-63.107483
-60.908844
-53.554993
-49.139404
-52.658264
-45.022247
-39.29602
-31.941772
-28.82666
-31.088104
-36.38156
-52.01648
-45.19696
-49.014465
-57.9086
-60.840424
-66.14667
-30.883148
-43.10324
-36.154114
-33.511383
-49.72003
-43.469055
-51.15573
-42.804962
-55.09247
-51.351166
-62.080017
-61.462494
-57.36798
-54.58484
-50.88742
-49.569336
-32.617798
-39.992462
-55.150055
-48.879364
-48.62213
-40.810608
-51.115143
-57.74518
-48.418854
-48.1604
-53.46289
-42.29718
-29.422546
-34.50113
-38.131195
-26.69571
-35.748627
-47.62845
-56.670685
-50.392822
-52.750153
-59.133392
-52.376007
-62.64096
-53.98996
-62.07495
-56.346405
-55.298218
-45.57614
-53.109253
-43.821625
-46.704926
-38.30298
-26.831879
-40.944244
-41.66263
-35.493256
-66.43747
-49.20941
-70.891785
-66.908295
-51.963287
-49.228577
-40.995728
-40.91974
-6.8310547
-36.01056
-28.547943
-34.233124
-34.707947
-58.71106
-50.808746
-49.60147
-47.503662
-42.2294
-45.649048
-37.360107
-35.27408
-49.467804
-53.338135
-43.115204
-37.63748
-64.75491
-48.315155
-52.337677
-60.457886
-65.43005
-37.611633
-57.6008
-64.29535
-44.23871
-51.25473
-57.65152
-43.908875
-67.535095
-63.520447
-54.362396
-47.66748
-52.889862
-48.837708
-46.062866
-49.932922
-47.354736
-48.623627
-22.535736
-38.98593
-50.91678
-37.030853
-38.217255
-62.22003
-61.41098
-63.31244
-42.14261
-44.7818
-49.735535
-38.90854
-6.288391
-40.338593
-40.72415
-45.22986
-32.815613
-43.3761
-60.488647
-56.69159
-43.08493
-48.420776
-52.249817
-49.266724
-54.252472
-39.90634
-41.943573
-40.76657
-34.38501
-38.821594
-40.630188
-43.093353
-42.486084
-38.58072
-54.89029
-54.495422
-60.175476
-61.382233
-63.81549
-66.914215
-55.21344
-44.679077
-47.20157
-39.02478
-22.641785
-25.030518
-42.595
-53.944824
-60.874146
-60.930634
-59.504944
-38.10962
-44.650208
-51.517365
-51.16992
-51.419067
-55.94989
-42.29773
-45.43332
-44.173737
-47.230804
-27.913666
-44.06424
-52.371826
-50.142273
-50.613525
-44.564728
-43.289246
-36.427856
-54.137726
-64.572174
-57.959778
-62.041016
-41.33377
-40.36783
-43.965637
-33.346466
-32.326874
-28.333557
-40.030853
-39.770264
-53.932404
-56.796112
-58.898895
-65.34198
-62.96344
-52.732574
-35.832
-19.350525
-24.055908
-21.713226
-41.21814
-29.767212
-42.66751
-70.022705
-68.37198
-74.69806
-62.91638
-60.220215
-60.639587
-28.537964
-21.244843
-38.71643
-29.278046
-21.646301
-19.26709
-63.28769
-48.432648
-65.468414
-70.09036
-58.525818
-55.705933
-54.16864
-41.88394
-43.078033
-42.388702
-40.247223
-44.44574
-45.700317
-51.79605
-52.65976
-54.22409
-58.31534
-49.035645
-47.00769
-57.27896
-48.776886
-44.0542
-36.608887
-37.7287
-29.856873
-31.115082
-42.224243
-45.28064
-52.926086
-47.855835
-66.58722
-68.40088
-65.1814
-63.05612
-48.31958
-40.101593
-38.118134
-36.00348
-32.052795
-27.51944
-38.041107
-41.86725
-51.194458
-51.95166
-56.370087
-63.200287
-62.414917
-46.8295
-39.361115
-45.526093
-44.954956
-36.94751
-44.282196
-47.253387
-38.41977
-55.788086
-55.03714
-54.227264
-56.144897
-46.21878
-59.12216
-41.19211
-22.089905
-39.41333
-49.58548
-58.410675
-40.4317
-57.221985
-50.756348
-52.227783
-61.952637
-37.972534
-43.854675
-47.06485
-50.038086
-49.298035
-47.960907
-49.858826
-42.830933
-46.614258
-48.255615
-45.820892
-51.066437
-40.53488
-37.412903
-47.588226
-43.760834
-41.500122
-38.855774
-38.54413
-50.188354
-54.84784
-55.202515
-45.481323
-32.995575
-35.70758
-41.812317
-38.683105
-43.432434
-43.21823
-36.951965
-49.153656
-50.362762
-53.72827
-54.849396
-39.808807
-60.100708
-56.302765
-50.738007
-43.757416
-42.747192
-56.70862
-56.152832
-61.24649
-61.388733
-65.59662
-57.289856
-57.02478
-56.42212
-55.591034
-38.003387
-39.05783
-49.927795
-46.147034
-42.25113
-54.0625
-49.02466
-40.05121
-44.60547
-29.375824
-42.618713
-36.33319
-38.10083
-27.928772
-48.90982
-56.32376
-55.27884
-52.547333
-53.8118
-45.816223
-36.777374
-51.18988
-27.777344
-47.233276
-47.606415
-51.616516
-50.825104
-61.286224
-61.265472
-54.841583
-46.933716
-58.455048
-52.71338
-57.485504
-42.206787
-46.68396
-48.451813
-41.785126
-50.742462
-31.56842
-46.343903
-49.663086
-46.97998
-45.895325
-47.911926
-50.799133
-51.630737
-52.42917
-52.403473
-46.18622
-47.20874
-58.301483
-53.038574
-41.626312
-56.518402
-51.559082
-52.778015
-42.408997
-54.60443
-42.603424
-44.48694
-39.583862
-52.591125
-39.105072
-50.450226
-49.793854
-53.975708
-50.191315
-55.41919
-59.761322
-51.045837
-41.023285
-28.289215
-41.479736
-33.058167
-38.16266
-64.76993
-67.93277
-75.33765
-61.589508
-58.77649
-50.592224
-36.76233
-38.877777
-41.206635
-44.16461
-39.312256
-45.69812
-41.91919
-64.54938
-53.63846
-34.923218
-44.603058
-57.311157
-61.14273
-54.18579
-44.862823
-33.18402
-27.668823
-41.193848
-47.308136
-48.28839
-43.595886
-45.599915
-44.514313
-57.987213
-56.074615
-46.326904
-50.279724
-46.281433
-38.084045
-34.49051
-37.87256
-35.570496
-58.60562
-56.599487
-49.475983
-61.84967
-57.674194
-56.40088
-48.003815
-53.738373
-54.80655
-46.804016
-49.466034
-44.98404
-62.440826
-41.195312
-52.052612
-49.778595
-44.920654
-59.099304
-49.026794
-47.4877
-56.456116
-44.420532
-50.875
-45.658813
-38.839966
-59.178467
-47.32022
-55.090088
-29.808655
-40.349365
-27.35791
-40.240265
-38.96466
-42.27188
-48.773987
-47.69104
-41.704956
-54.46811
-48.09317
-54.4682
-52.447327
-47.572083
-41.796295
-40.598206
-40.789337
-54.296356
-51.53305
-54.36972
-53.23352
-44.523773
-39.111694
-60.569427
-46.862152
-37.15674
-42.612732
-46.033295
-46.80771
-63.309387
-57.047028
-46.3537
-51.724823
-52.223816
-53.743958
-35.142517
-40.437317
-26.458557
-48.196564
-51.439056
-60.36667
-71.390564
-62.75287
-59.626312
-56.793427
-36.401215
-39.12668
-27.16388
-25.928589
-15.43042
-44.682373
-38.221527
-47.701904
-60.26776
-62.860382
-65.97299
-66.68924
-57.807617
-50.658356
-41.631683
-47.143555
-32.99286
-31.85498
-50.361206
-48.751343
-42.383514
-70.591675
-55.05475
-51.421783
-46.656677
-41.4859
-37.035217
-53.438446
-45.864563
-41.533203
-35.574158
-24.286774
-40.32489
-47.042084
-61.428284
-44.591736
-60.193787
-50.415527
-55.32727
-39.943176
-46.564026
-39.917236
-48.722076
-25.403442
-40.51886
-45.451477
-60.801147
-53.610107
-54.830658
-41.10727
-42.555115
-46.47357
-52.39264
-47.229767
-43.66214
-35.367065
-42.23419
-36.766327
-43.030518
-61.178192
-45.161896
-40.231018
-40.761505
-48.853577
-52.390564
-25.239105
-50.751617
-42.688477
-40.481018
-31.0867
-52.231354
-54.21936
-49.476196
-54.220245
-55.853516
-64.6702
-70.68793
-66.01465
-54.5795
-44.958008
-39.492096
-40.446472
-16.59787
-37.986725
-26.51764
-59.410034
-72.68503
-57.25589
-52.0625
-55.950012
-39.785217
-30.195892
-25.680847
-35.115936
-43.95642
-37.817413
-52.761993
-54.485596
-55.951782
-68.891266
-56.889557
-57.395477
-29.952728
-39.23877
-43.306305
-28.510193
-36.44879
-54.615784
-62.0054
-57.53293
-49.974213
-43.382874
-14.172607
-38.383057
-40.0083
-37.976257
-41.53076
-64.64389
-65.07239
-48.19345
-65.94534
-53.86795
-48.36487
-31.206207
-45.391754
-46.779602
-52.293823
-49.68103
-39.027985
-37.68518
-55.115845
-61.860413
-50.85977
-57.99652
-52.680054
-49.092163
-54.31311
-39.58551
-32.85605
-29.859161
-33.44348
-50.22046
-47.79837
-58.077698
-58.809357
-71.563995
-55.5166
-32.461243
-45.520172
-34.400116
-36.390198
-44.245544
-53.177612
-57.704163
-51.21643
-40.742004
-41.325806
-28.944275
-43.667084
-20.70227
-31.550293
-43.916504
-55.217407
-57.648132
-50.309875
-46.28253
-69.86392
-58.80359
-38.41559
-50.65567
-34.13684
-30.32608
-49.083557
-53.66681
-47.755035
-55.829254
-59.27777
-59.29828
-49.183044
-43.0979
-24.844604
-44.03534
-36.176544
-46.43466
-51.779938
-56.9899
-50.485046
-55.590546
-52.325806
-62.245697
-44.95398
-37.25357
-42.93802
-19.929413
-29.387543
-43.3963
-55.98938
-55.914795
-61.474792
-69.02991
-62.315186
-57.0195
-42.44409
-42.0589
-41.99182
-32.40985
-47.157562
-56.50174
-57.85211
-56.960968
-60.68271
-42.03601
-42.911987
-51.857483
-37.40515
-46.924927
-33.484314
-41.551758
-38.891907
-57.48831
-51.23535
-50.882965
-43.21881
-33.8515
-38.71997
-48.070038
-35.464325
-43.54431
-40.54721
-53.71521
-56.348297
-59.240906
-56.712097
-61.670166
-56.852234
-51.42746
-40.314087
-62.064606
-48.91568
-67.81891
-67.49014
-61.331665
-58.249786
-39.529022
-44.994965
-41.46219
-13.959625
-42.24234
-48.770874
-44.854736
-39.76819
-44.882446
-52.210052
-61.42746
-56.27762
-52.6734
-38.08664
-33.884094
-36.17865
-55.299347
-54.30197
-48.597717
-66.69028
-59.618317
-43.54767
-51.55191
-43.396973
-37.2706
-21.988373
-33.704346
-28.231598
-27.052856
-54.4718
-60.991394
-72.168304
-70.35611
-62.49341
-35.016754
-54.279083
-39.934113
-39.058563
-36.990234
-43.70804
-46.129578
-50.1709
-48.522583
-57.52182
-60.064423
-37.419006
-44.66205
-44.006744
-43.29181
-52.80258
-51.629395
-64.588135
-66.6185
-53.936676
-40.24579
-58.802917
-48.10495
-41.674103
-43.313446
-26.221954
-31.067596
-29.347382
-42.972137
-47.660126
-48.48111
-58.481934
-49.129486
-43.001953
-35.719604
-37.918213
-51.676544
-38.78064
-62.21826
-57.85388
-53.13794
-53.242096
-51.687317
-58.28946
-48.503967
-39.490814
-26.500397
-22.730103
-49.81317
-51.90512
-63.318634
-66.91647
-58.60196
-53.050232
-29.364624
-34.670868
-39.29944
-44.79535
-35.909424
-58.088257
-55.259613
-54.746765
-56.874725
-48.21466
-40.234436
-16.905792
-29.970947
-37.1781
-60.334778
-58.683655
-76.695435
-56.665527
-51.68399
-48.02597
-26.931427
-41.05484
-23.345062
-27.112152
-55.03824
-58.47888
-62.636932
-60.791626
-56.845062
-47.680237
-50.02603
-42.003235
-29.116882
-39.368347
-26.830902
-38.87848
-36.158936
-61.77768
-58.16107
-62.11972
-61.665466
-33.35544
-50.087036
-22.210236
-35.717407
-34.943726
-39.921173
-52.427277
-60.428864
-69.59668
-60.028107
-62.12329
-44.477386
-25.011688
-11.269257
-4.564148
-33.09311
-41.226196
-41.506226
-52.9122
-59.002655
-38.58014
-23.012024
-19.781494
-4.869995
-16.605286
-30.058777
-32.591766
-48.432434
-35.79492
-51.309235
-62.611847
-50.9133
-31.900482
-34.0531
-9.421967
-34.578003
-44.714844
-67.02408
-58.480682
-49.49991
-52.189667
-29.004303
-26.559875
-36.80719
-22.790222
-50.64441
-48.41815
-55.5813
-60.525574
-68.765686
-67.463196
-54.411163
-48.60843
-2.0202942
-65.99417
-28.681366
-46.884888
-70.47922
-29.344666
-59.810333
-63.20764
-57.60135
-53.297363
-50.199738
-36.854553
-33.34381
-33.774475
-33.291656
-38.29532
-51.044983
-59.70282
-59.51004
-53.070557
-43.894257
-59.779114
-38.75168
-33.50122
-12.558502
-31.783997
-26.177094
-41.53711
-51.6055
-69.716064
-60.672333
-73.45151
-68.44617
-44.75708
-20.235657
-24.519836
-38.47638
-46.75699
-47.894745
-44.53012
-63.80594
-63.084473
-69.37744
-61.482666
-44.766693
-41.710327
-18.393494
-40.1557
-38.965942
-32.099426
-52.293213
-62.547577
-58.752686
-53.910645
-68.69888
-63.941345
-64.16037
-48.931793
-52.889465
-42.304626
-21.920502
-41.555206
-49.21048
-41.776733
-53.998566
-42.598755
-47.89908
-58.9552
-55.37915
-42.601257
-41.6131
-25.50888
-25.759949
-67.86304
-55.13452
-65.052216
-66.86191
-71.474365
-55.93985
-49.48291
-47.99945
-36.78076
-49.41629
-52.607483
-46.374725
-55.05313
-58.120544
-57.663696
-42.501648
-53.480347
-36.819794
-23.506042
-31.088531
-20.396667
-40.521973
-44.730804
-52.40457
-64.8215
-62.08972
-47.006714
-46.533844
-40.57422
-49.04669
-53.416595
-41.626312
-53.00238
-52.865784
-44.624207
-48.1203
-59.424988
-40.47644
-59.07657
-39.45587
-54.266327
-54.00171
-45.85379
-42.352783
-44.251984
-34.781128
-38.638214
-39.65518
-56.53952
-53.09546
-55.586853
-40.81598
-59.552826
-50.019287
-58.94055
-44.3161
-31.819397
-50.2612
-60.802734
-43.079712
-43.099945
-47.62091
-40.36911
-38.000183
-45.463013
-47.795776
-40.621155
-57.76352
-62.169434
-65.73248
-36.39444
-54.967285
-61.910126
-37.915802
-37.066223
-52.04251
-42.937744
-39.500977
-44.634583
-52.02234
-49.580933
-51.801178
-56.87921
-62.564392
-55.104706
-41.841003
-51.793976
-38.341125
-44.578094
-55.3649
-47.268127
-42.761566
-36.487427
-49.37018
-47.524017
-50.119293
-56.41626
-41.63379
-60.63614
-48.52545
-55.04776
-43.341125
-43.786224
-63.35089
-55.73355
-40.167206
-52.356903
-49.039337
-50.414215
-42.962616
-52.432495
-42.37433
-41.5943
-46.178833
-44.45352
-32.14859
-51.94452
-58.556915
-59.714447
-50.37564
-54.288116
-53.139587
-44.065674
-54.231445
-48.23346
-40.041656
-56.882996
-51.08957
-60.780884
-35.513702
-40.972412
-33.557007
-32.320618
-33.055115
-14.916626
-66.34387
-57.79593
-68.176025
-60.87738
-20.692535
-49.76758
-51.0506
-55.83307
-39.340515
-49.18268
-47.187927
-53.177612
-49.19757
-58.631714
-45.772125
-59.237335
-58.339844
-54.922485
-55.82007
-55.688477
-38.845367
-26.051483
-43.936615
-36.006195
-51.360718
-52.69879
-55.190094
-37.526184
-40.83551
-35.96768
-42.824066
-49.15982
-51.73529
-42.762726
-30.401459
-36.421753
-45.008087
-48.41696
-48.98105
-39.335175
-54.967102
-68.16913
-61.9722
-49.96106
-46.19104
-37.883423
-42.09665
-17.8219
-50.44168
-61.85974
-48.844482
-57.43799
-61.448975
-56.59424
-57.91873
-45.073578
-33.402893
-42.776825
-40.220123
-41.148224
-60.049835
-67.55054
-56.187195
-53.592163
-57.94748
-38.38034
-10.346619
-18.550354
-8.7725525
-31.127686
-35.9599
-65.81476
-62.430084
-75.92706
-47.253418
-26.229858
-22.995483
-9.7966
-11.430389
-35.601013
-21.960907
-51.433258
-74.21005
-85.19711
-86.40396
-68.33191
-66.11267
-29.196533
-17.966919
-7.240692
-25.01233
-26.485596
-49.812347
-67.287506
-84.887115
-69.10593
-73.12509
-68.16046
-47.831482
-32.536957
-31.423248
-40.35379
-50.166687
-50.804962
-59.678345
-67.502106
-70.75635
-68.36862
-59.108
-42.17868
-28.72934
-26.085968
-24.808716
-24.86325
-22.568054
-48.510895
-64.432495
-68.564606
-65.89331
-56.940125
-51.615234
-35.656525
-29.031494
-30.077942
-40.802917
-39.68094
-46.53888
-42.80362
-54.176575
-64.89926
-66.407166
-58.174988
-59.883972
-50.772003
-51.454163
-44.572784
-35.14624
-40.12741
-33.830414
-51.32144
-50.279694
-39.339966
-51.13504
-48.710297
-47.322845
-50.901703
-49.458313
-48.749115
-48.873444
-54.716217
-58.411896
-44.309418
-40.681458
-41.67108
-51.901733
-38.114502
-54.414642
-56.010986
-55.072754
-53.87497
-55.423157
-43.868927
-52.760864
-48.542206
-55.95282
-56.9646
-38.70285
-51.615845
-40.63333
-54.01999
-59.166138
-56.802277
-32.834717
-57.448883
-42.281647
-38.394775
-50.870667
-48.02063
-58.945007
-45.52945
-53.049683
-51.397003
-42.990295
-44.910828
-33.250183
-29.292572
-37.273407
-42.532562
-58.5401
-59.558563
-56.68329
-42.656982
-54.08197
-45.57727
-43.397125
-41.18152
-48.661438
-45.70404
-46.963257
-40.625
-45.610596
-50.230377
-62.65399
-50.48398
-54.96881
-27.502258
-31.404755
-37.74234
-48.509735
-58.78607
-56.638275
-45.056488
-29.039764
-12.727844
-35.591034
-45.417114
-49.10562
-18.58786
-28.035034
-21.029053
-46.514862
-31.619843
-23.843842
-31.883636
-29.882416
-28.14804
-36.499207
-24.952515
-17.881409
-25.261444
-33.165894
-23.11673
-44.360596
-36.58957
-52.356537
-46.720398
-60.901123
-36.858612
-51.018402
-50.340973
-37.474823
-76.91568
-52.493713
-59.492523
-57.7735
-31.153015
-60.344177
-40.52957
-50.149963
-63.258118
-56.92563
-66.574554
-56.92032
-55.441925
-31.471466
-44.7688
-33.655823
-43.746765
-31.22583
-34.630035
-44.74402
-55.486816
-49.072693
-40.399536
-38.84018
-42.24762
-41.222656
-39.282593
-39.04071
-46.389557
-44.383972
-54.665283
-61.39807
-69.16934
-49.013428
-63.482666
-41.378113
-42.080902
-41.60196
-34.69684
-41.19742
-31.417542
-53.078583
-47.551086
-83.91968
-78.559235
-57.657867
-49.81256
-14.13678
-34.269867
-37.14737
-47.52307
-49.574463
-52.423676
-44.220184
-34.58853
-38.6131
-30.153992
-22.898712
-32.24289
-42.230713
-33.241028
-51.851746
-51.67752
-57.90634
-67.468506
-59.204468
-48.600983
-21.128937
-34.299286
-43.20465
-50.658386
-72.79956
-77.94681
-89.879395
-76.18881
-54.378418
-44.282166
-35.059906
0.39370728
-5.836792
-11.303619
-13.944824
-50.848175
-56.303833
-69.72803
-67.34787
-55.315796
-48.332977
-47.847992
-37.735077
-31.141449
-40.174103
-48.380066
-52.808716
-52.663116
-47.056274
-58.290466
-18.93042
-45.153046
-44.963623
-55.565063
-65.89697
-47.64209
-53.105835
-48.75818
-34.299133
-44.92926
-55.777557
-51.05371
-60.431305
-56.621613
-58.75537
-44.551147
-31.555267
-39.897034
-39.63504
-51.19452
-36.60492
-51.92813
-40.945953
-20.222595
-36.884857
-30.213745
-50.75836
-38.281097
-48.24005
-36.159943
-20.809265
-39.489746
-43.48587
-26.289215
-53.470276
-64.07611
-59.707214
-48.486603
-62.56839
-72.37079
-40.31009
-55.697784
-36.492798
-47.142914
-55.73871
-48.263885
-58.03763
-58.573425
-69.5116
-38.84375
-39.029938
-35.276245
-38.784912
-9.495941
-46.011993
-47.209625
-66.14337
-50.19464
-40.66086
-54.219604
-53.670258
-54.961792
-55.56848
-49.899536
-47.192627
-46.190857
-48.9144
-50.449158
-42.52063
-34.94211
-37.54944
-50.04184
-43.05017
-55.32257
-52.993896
-51.539368
-25.8909
-45.295837
-37.236694
-52.962006
-35.101776
-53.44275
-51.166504
-61.481354
-47.51883
-40.918884
-13.701294
-22.50058
-43.695984
-57.105072
-71.125916
-74.25522
-54.17108
-53.019073
-31.98404
-26.890625
-22.538635
-48.04599
-63.183105
-50.36261
-51.83499
-58.90335
-45.629395
-20.110046
-18.033203
-28.710663
-46.49298
-60.429565
-51.378845
-48.94574
-59.18161
-63.129883
-59.46689
-58.812897
-50.80194
-49.779266
-15.244324
-52.66504
-53.220123
-45.9805
-55.564026
-45.44516
-46.890686
-48.459778
-44.190674
-29.582428
-31.90979
-50.064972
-61.674896
-63.840546
-61.582397
-48.02954
-42.48517
-41.739563
-29.32962
-19.033386
-30.727722
-53.570465
-71.91571
-69.54965
-57.98523
-55.90683
-35.627594
-43.91165
-48.88382
-44.98474
-41.277832
-40.291534
-52.417297
-48.482758
-53.451508
-53.02658
-47.260895
-48.58719
-42.82965
-33.52475
-45.304596
-32.39804
-47.14557
-49.34915
-47.15384
-51.043243
-49.32837
-49.942444
-43.430756
-45.821686
-55.966278
-54.252716
-65.33536
-72.18515
-59.91461
-51.752655
-53.532806
-50.625854
-48.48703
-40.37195
-41.67047
-45.150787
-48.977875
-45.029846
-55.413635
-55.209595
-57.550354
-55.230835
-52.511017
-45.664032
-28.768188
-35.331573
-40.332764
-52.670654
-50.517975
-51.191956
-45.74106
-50.155334
-50.951874
-61.41327
-43.25659
-51.826233
-36.083923
-42.906097
-50.690063
-42.955414
-53.105286
-51.231384
-55.161163
-51.146667
-55.82669
-42.875183
-51.11856
-47.310486
-47.690155
-60.869293
-57.491943
-53.569122
-43.980743
-52.678436
-41.3508
-48.172455
-40.46176
-46.67154
-35.078796
-42.854004
-52.82428
-58.540894
-52.378876
-48.653748
-50.80725
-46.839203
-34.94232
-49.93033
-43.066986
-54.577637
-47.00653
-55.056
-56.293335
-61.801697
-51.19336
-38.162537
-64.71118
-50.735962
-60.47751
-50.910767
-53.709747
-41.51886
-38.567383
-45.721466
-43.021576
-55.767426
-47.095856
-40.007507
-47.728973
-49.235992
-44.88733
-37.792084
-48.5968
-45.704315
-50.17801
-33.426453
-39.70517
-42.76886
-55.7955
-57.323547
-58.9458
-57.844788
-54.579407
-37.739594
-51.464813
-49.935852
-53.867157
-62.23233
-64.80832
-56.630646
-55.834473
-42.019928
-26.83368
-34.26117
-40.00833
-44.89862
-70.239655
-65.0701
-55.26587
-48.69336
-33.30548
-43.919373
-38.76544
-36.21472
-47.56903
-58.66397
-50.250183
-65.19275
-52.01172
-47.80127
-45.756897
-32.212402
-42.225037
-51.36444
-53.4263
-48.408997
-42.5791
-47.274963
-58.269897
-58.295776
-52.342926
-51.14511
-47.303192
-52.531586
-52.447388
-48.8461
-46.91809
-47.47998
-51.087494
-49.453796
-48.56665
-34.163757
-51.365814
-57.489014
-48.393005
-46.28546
-38.33969
-47.291107
-47.776
-45.714325
-55.596375
-58.42209
-53.53482
-58.856262
-49.083344
-52.53073
-51.94983
-50.346283
-49.60727
-43.17801
-48.095276
-48.841583
-48.407196
-43.619446
-31.582825
-40.475037
-36.798157
-44.087036
-42.608032
-56.22235
-54.55716
-60.41748
-60.084564
-62.144196
-60.973755
-53.595337
-49.928192
-48.883606
-29.968079
-49.953064
-49.08087
-48.039093
-48.592957
-48.300446
-43.937042
-34.98358
-44.26175
-52.593292
-51.080444
-61.37607
-64.0007
-46.231354
-52.7742
-48.26892
-45.32315
-43.181427
-40.510193
-52.40979
-50.92169
-49.061523
-52.72516
-52.25418
-34.47931
-37.18457
-44.45752
-53.657867
-48.37613
-51.94928
-58.188232
-53.37082
-56.195038
-48.47409
-55.27057
-53.45392
-49.292206
-38.04709
-43.25363
-38.66913
-50.56906
-46.213898
-50.92218
-52.88684
-48.2807
-38.670166
-56.697113
-65.88309
-59.773468
-46.555298
-46.79251
-35.485046
-40.839233
-51.629272
-51.704712
-54.62668
-60.317444
-53.933258
-48.228516
-47.89032
-48.62268
-33.381165
-53.468384
-57.3815
-59.11841
-49.202698
-51.014404
-47.758118
-31.90036
-33.60501
-42.766205
-44.067932
-56.14328
-53.012512
-63.800568
-54.332367
-48.74347
-38.46173
-44.093872
-35.884277
-53.601288
-46.451935
-58.71237
-46.355865
-61.94162
-48.592804
-46.903473
-49.359497
-45.537994
-47.459564
-46.648468
-47.5318
-53.261017
-44.507935
-46.012817
-51.254883
-52.36035
-42.43341
-45.166443
-45.487396
-64.07684
-58.334015
-51.760284
-41.679047
-47.96704
-45.361664
-45.450684
-45.38089
-47.507935
-64.18695
-53.357117
-64.35239
-58.134155
-47.548492
-36.61377
-47.53607
-54.899323
-45.027954
-54.973022
-53.186188
-58.233154
-45.01297
-46.636475
-47.555054
-37.61731
-28.630249
-39.431763
-43.545044
-40.501434
-41.43512
-53.658142
-45.461426
-55.331696
-47.1633
-43.965942
-50.415802
-50.83499
-55.651886
-43.75113
-51.64868
-63.107483
-54.579834
-53.18274
-55.460754
-47.075714
-57.07248
-54.98221
-58.8414
-45.705353
-50.414185
-58.533325
-52.72766
-48.15741
-47.367554
-45.204712
-43.3179
-53.407227
-61.37506
-46.7229
-25.81726
-27.70343
-37.10437
-42.22101
-42.20706
-62.54944
-67.43164
-55.258392
-39.56076
-34.711
-36.163727
-53.847168
-58.697052
-51.008423
-57.845642
-58.494415
-34.08255
-54.33139
-43.55136
-47.875183
-40.27298
-51.568512
-46.31317
-48.330627
-42.911285
-68.49545
-58.555176
-41.67328
-41.93878
-29.061035
-52.05237
-60.63144
-62.477875
-65.326935
-67.1456
-62.71765
-47.00113
-35.59909
-27.623322
-28.884521
-36.10788
-57.951385
-53.98297
-59.244293
-55.014496
-50.565277
-33.650818
-10.147156
-41.302002
-48.82431
-60.350494
-57.281128
-61.956757
-60.43344
-52.03659
-41.220245
-26.403778
-30.543304
-42.11856
-52.743744
-72.039276
-63.966064
-53.170197
-34.789917
-48.899994
-42.1344
-43.143555
-54.384888
-59.729736
-37.670685
-54.571747
-44.427185
-43.0459
-39.786133
-22.64569
-33.110962
-38.064514
-48.086334
-54.098236
-52.94229
-60.47989
-61.28311
-53.26477
-52.594696
-43.062775
-48.099213
-39.648743
-52.16748
-52.952515
-55.325775
-62.29245
-53.27423
-43.46924
-46.282166
-36.2894
-43.705597
-36.598755
-60.54242
-63.35785
-63.92389
-43.95526
-49.044586
-42.516235
-30.276459
-41.90979
-53.06729
-49.529907
-50.983704
-52.595
-56.130676
-40.26169
-45.70703
-55.389893
-44.391235
-56.55356
-55.86151
-43.917816
-44.286957
-37.13507
-41.78772
-51.93506
-55.43103
-48.985046
-55.425293
-43.454895
-39.66931
-32.51483
-48.807007
-55.39148
-63.26657
-42.229187
-55.901978
-51.95096
-55.93454
-49.310364
-49.81195
-49.49997
-47.786377
-52.83191
-51.775024
-55.458557
-61.18817
-37.229553
-48.345673
-40.29895
-28.641083
-47.315002
-62.216187
-57.29776
-48.141052
-26.117004
-47.116486
-48.444244
-53.377625
-52.355835
-58.791565
-41.77948
-45.842285
-44.6261
-46.625977
-45.114563
-54.293427
-48.72711
-47.652466
-51.656494
-41.45755
-33.345123
-35.088654
-43.58969
-35.461273
-54.988068
-63.898376
-70.493866
-43.419464
-54.321136
-44.822662
-44.42627
-39.04019
-45.39215
-46.596283
-61.871643
-42.125183
-50.754883
-47.416992
-35.27597
-57.021057
-54.17331
-46.53354
-50.604584
-53.682465
-38.35257
-45.812866
-62.045868
-52.089355
-56.71408
-54.226685
-60.13379
-48.887543
-26.93219
-53.783722
-44.60565
-59.079926
-58.18445
-55.136047
-50.934143
-49.72412
-46.023346
-49.438416
-48.046204
-44.43399
-43.984253
-49.08615
-42.965393
-42.957672
-56.179718
-46.465363
-55.478485
-59.246704
-48.46518
-54.336426
-44.028748
-43.15381
-25.6969
-46.75775
-44.57672
-45.03946
-49.978424
-52.551758
-51.965393
-57.78543
-50.517
-49.461243
-60.48053
-56.3226
-55.620758
-53.761475
-53.56894
-40.778503
-40.739685
-48.750885
-55.722534
-47.87195
-47.03656
-45.217712
-51.579956
-44.542328
-47.94745
-49.68097
-46.400635
-40.754395
-48.283936
-30.766052
-50.321014
-56.1875
-51.188812
-54.64038
-49.657257
-37.592896
-38.73398
-31.460632
-43.412872
-42.359253
-60.742493
-66.90326
-63.018738
-52.83542
-34.404938
-41.926453
-37.122345
-41.333435
-47.193848
-44.243896
-47.837585
-55.800262
-54.098083
-50.163544
-49.935944
-54.326904
-43.968292
-31.648468
-45.471558
-59.50067
-50.18399
-56.975067
-45.88684
-51.15558
-56.967346
-60.09735
-56.540833
-52.39154
-48.20227
-36.72574
-42.629456
-52.766968
-52.931335
-52.30838
-51.22693
-47.301575
-45.463806
-38.88199
-36.16342
-48.668
-52.39026
-48.26953
-51.92627
-44.45706
-54.40091
-33.11389
-50.0567
-46.52643
-56.50302
-60.22409
-57.26645
-58.458466
-57.325256
-48.868896
-52.668762
-35.32831
-38.533722
-51.576965
-39.76761
-47.981506
-58.455505
-55.37558
-46.242523
-39.365753
-48.762207
-42.75772
-56.76956
-61.220703
-49.422455
-39.33072
-41.185333
-29.443024
-62.19983
-57.777527
-58.64099
-52.37375
-44.7865
-56.765503
-50.09268
-35.5506
-46.68756
-52.36026
-58.4758
-48.460083
-40.430206
-37.4505
-48.513824
-62.454407
-56.65811
-48.59482
-47.431
-43.198395
-38.360535
-30.962372
-43.501434
-52.365143
-56.565918
-51.767883
-52.84433
-51.216278
-49.92871
-48.95224
-44.806976
-50.404236
-50.33249
-44.255676
-47.067444
-46.704865
-54.77823
-49.46985
-59.088745
-55.307404
-40.14862
-45.81546
-44.729675
-35.90161
-49.153595
-53.178986
-52.915405
-55.39505
-49.377075
-46.298462
-44.232697
-23.884613
-45.153717
-43.455475
-55.165283
-59.910065
-51.310974
-48.574127
-54.1904
-44.327667
-47.975037
-60.940857
-45.72168
-58.729065
-60.569946
-56.57831
-53.189972
-47.70041
-36.73889
-32.089386
-37.46292
-50.349426
-48.382294
-55.328796
-42.368164
-32.03055
-31.86612
-41.053772
-43.693542
-58.877747
-52.815674
-59.03003
-59.20764
-54.951477
-51.48294
-59.221466
-55.285583
-57.15381
-51.306183
-49.151093
-46.170135
-49.170044
-48.32547
-55.071106
-51.92041
-44.441833
-39.61432
-41.912994
-31.508514
-40.095
-39.5354
-43.182068
-50.49649
-59.749023
-58.318817
-55.154144
-40.045746
-20.192078
-32.71646
-47.99225
-68.985504
-76.11368
-59.70337
-47.881165
-45.39435
-37.33972
-32.80951
-30.476654
-58.60965
-67.24112
-74.219666
-51.046173
-41.990967
-45.896973
-36.894165
-53.803436
-62.477356
-61.661865
-53.390533
-56.351166
-35.233795
-31.813507
-26.877747
-42.863373
-44.89032
-65.53082
-59.649292
-63.214172
-47.153717
-44.243103
-33.81418
-42.01474
-27.847198
-59.004974
-68.949005
-63.394775
-49.877533
-38.56775
-31.80304
-48.484528
-57.274902
-55.29364
-57.267975
-47.832703
-40.643585
-32.20575
-39.0419
-39.352753
-53.80194
-52.39554
-57.579926
-46.50647
-47.009796
-46.219482
-45.46591
-43.078644
-55.249695
-55.349823
-60.215515
-57.241425
-50.786194
-53.286865
-50.771362
-54.903168
-41.690857
-42.165497
-45.980408
-64.50464
-59.90277
-61.450867
-39.107727
-34.562225
-38.22003
-33.09256
-38.51346
-62.998108
-67.76395
-56.658783
-36.607635
-37.483246
-23.851257
-38.45746
-50.194702
-61.4718
-72.177826
-47.28708
-51.70764
-40.954468
-26.890015
-43.871063
-36.62686
-74.73459
-60.959045
-69.67529
-41.4523
-38.57428
-39.766357
-41.298096
-60.71228
-67.148834
-64.59775
-51.631805
-34.965607
-28.938904
-36.85318
-51.131073
-53.55359
-47.922607
-62.47888
-41.46228
-51.520782
-48.354218
-51.70099
-55.748627
-55.137543
-44.674347
-49.85681
-42.47461
-36.730743
-41.63504
-50.905823
-52.91159
-54.95758
-56.152985
-49.23709
-44.112885
-45.0065
-40.319977
-46.518463
-47.081696
-57.381714
-62.681335
-49.80316
-65.73599
-54.19107
-38.877808
-40.436462
-52.24814
-53.339233
-64.303345
-48.810883
-41.03235
-43.06189
-41.33847
-51.391968
-50.821136
-53.122925
-42.767822
-54.85785
-45.06024
-47.08893
-52.288116
-50.23401
-58.928528
-57.06009
-50.717285
-43.364563
-55.528076
-46.39203
-39.16742
-40.21927
-32.52408
-50.380615
-57.749634
-55.81009
-60.235962
-46.40457
-52.328583
-46.468933
-50.942932
-57.29315
-51.113037
-47.771973
-38.51413
-52.98282
-51.246063
-52.722137
-46.033752
-58.240295
-37.582153
-45.843353
-42.12384
-47.94867
-44.64554
-39.88791
-48.891113
-57.128174
-55.24997
-61.84497
-56.510345
-56.342133
-48.361633
-43.48468
-38.075653
-49.25238
-50.424957
-48.396637
-65.017334
-50.955383
-48.59851
-31.375946
-52.256134
-56.026276
-57.655945
-56.65619
-44.79608
-46.672516
-47.072327
-39.08722
-44.05533
-57.22531
-41.367554
-46.341187
-41.840668
-54.15988
-42.32782
-51.427032
-41.337585
-42.34378
-47.624023
-51.771393
-55.151764
-53.94098
-57.67813
-56.37216
-41.18228
-42.688812
-49.3338
-64.67401
-65.79053
-56.621826
-48.367065
-26.770935
-40.934875
-49.967163
-54.03192
-65.8761
-54.163605
-53.68976
-42.20697
-33.140198
-24.443817
-43.877777
-56.124237
-63.451202
-58.94586
-47.43091
-52.62274
-42.824005
-39.305756
-47.787598
-56.63907
-47.681152
-61.16086
-54.233185
-48.069397
-51.146484
-49.329163
-44.830902
-42.399292
-46.68045
-49.48587
-43.390533
-47.117767
-51.83661
-51.90451
-53.979156
-51.41205
-49.613556
-38.332367
-44.13498
-43.901825
-47.619934
-65.0784
-58.11151
-45.35254
-43.810852
-42.173737
-42.64444
-56.301178
-47.562256
-68.44174
-66.06558
-53.80188
-44.139587
-43.9989
-37.629303
-53.342102
-47.65323
-50.165802
-45.31308
-44.758453
-43.17334
-51.086487
-49.66263
-47.448578
-54.457153
-49.33966
-51.12494
-46.402954
-39.827087
-41.06613
-40.784058
-51.072388
-55.58258
-53.493805
-65.14191
-48.615753
-38.911682
-49.034058
-49.169434
-59.093903
-58.68921
-53.241425
-49.82431
-48.303894
-49.932007
-54.40164
-50.877655
-43.33249
-57.63745
-64.871826
-51.2612
-41.365784
-35.907654
-47.09961
-54.751373
-55.58722
-43.78772
-37.473328
-46.907562
-45.04303
-57.542786
-51.230774
-54.56369
-47.512177
-30.995026
-39.263367
-28.0242
-41.038727
-65.73413
-51.610657
-57.549896
-49.54294
-47.910706
-44.634186
-50.961884
-61.77072
-60.662354
-63.15735
-52.12738
-44.410706
-41.651184
-44.207214
-50.19232
-50.00476
-54.406128
-62.194153
-51.499786
-42.57837
-29.566528
-23.018555
-49.527435
-54.937897
-54.415375
-52.645325
-51.877563
-47.761566
-41.409546
-45.778564
-54.85373
-56.917786
-58.873016
-47.642944
-43.46347
-41.306
-42.597473
-46.088806
-40.036102
-48.7554
-52.862457
-59.366882
-59.058655
-49.980835
-35.590454
-42.63086
-52.430023
-55.858826
-56.396484
-52.887207
-34.85031
-42.7106
-50.14987
-60.37082
-61.721558
-61.80121
-33.433746
-32.863495
-42.283234
-42.013306
-64.845
-63.6156
-58.84308
-39.15262
-17.749664
-44.294495
-46.173767
-63.632874
-60.445374
-55.736755
-57.559204
-53.88336
-54.164307
-51.260498
-54.703247
-28.581268
-50.917603
-60.567596
-55.842834
-34.271606
-23.377563
-38.062805
-25.542725
-60.509033
-69.12537
-53.99994
-49.092316
-41.663666
-20.763306
-24.601654
-43.485718
-52.734528
-67.02374
-64.42111
-59.74539
-47.641388
-34.337555
-44.735962
-54.805756
-68.658844
-59.82657
-62.400818
-41.89032
-34.79663
-37.741516
-44.94998
-64.94681
-67.16431
-69.37988
-47.908813
-24.792084
-24.83554
-42.138855
-51.024567
-52.92404
-26.540985
-21.72937
-11.085785
-23.309814
-42.442017
-34.405975
-27.0289
-30.292328
-34.513153
-33.27719
-62.183044
-63.06726
-63.39984
-40.08841
-48.794342
-50.476044
-55.56082
-86.99133
-78.62369
-50.16266
-54.41162
-21.193878
-13.020935
-27.335266
-65.69235
-61.05716
-84.40378
-61.44919
-17.341736
-4.640167
-20.132538
-42.312836
-58.654236
-64.221375
-42.352264
-43.192932
-1.0293274
-20.080048
-37.81775
-50.98004
-53.055817
-43.985077
-48.71161
-45.50009
-50.39621
-18.873138
-17.01419
-41.194977
-59.724365
-75.04239
-41.008484
4.307312
11.401855
-1.7227783
-46.933228
-67.220825
-62.814514
-37.915253
-29.388123
1.0711975
-9.085571
-34.36325
-41.271454
-26.368195
-9.338623
3.1293335
38.89731
20.685547
-31.838898
-79.72107
-73.31683
-54.862488
-30.192871
17.61319
2.30188
-32.802826
-53.60858
-71.91467
-66.57294
-9.912811
-6.7327576
10.194824
-40.268127
-81.36197
-130.956
-102.318634
-65.33502
-10.863068
4.6550293
10.314392
-62.474915
-90.53876
-67.62973
-26.80655
-16.841644
17.146576
-8.856628
-29.214905
-46.415527
-40.01068
-10.841278
13.2872925
-15.870392
-21.958832
-49.28055
-41.73999
-69.896515
-39.430878
-33.337646
-37.42404
-64.68881
-75.83948
-57.2695
-55.61206
-31.329193
1.5107422
-29.98758
-33.25348
-47.57309
-34.154633
-25.810028
-36.697144
-23.383606
-21.376373
-46.377502
-76.94211
-77.98038
-61.316254
-22.869568
-2.4783936
-36.57834
-53.376465
-82.94809
-90.38855
-62.679108
-31.150726
-3.4214478
-10.435486
-33.939972
-67.6239
-76.60614
-53.108795
-29.988007
3.8499146
0.9055176
-23.656616
-48.798157
-52.880768
-59.627716
-40.007294
-32.32086
-32.87744
-20.976837
-61.84729
-58.145172
-40.85019
-22.43274
-7.603821
-6.8000183
-22.239166
-50.98752
-71.933044
-67.51724
-53.690857
-47.315247
-51.34381
-53.07956
-44.167328
-52.38446
-5.8318787
32.352264
-84.67969
-94.188446
-68.52457
-19.119202
8.392944
6.9118958
-24.374146
-59.566895
-71.69888
-60.039673
-30.99768
-9.527527
-8.607544
-23.664581
-66.33673
-91.89053
-78.011536
-58.61682
-53.924957
-47.807587
-64.09155
-55.9805
-47.729187
-11.953186
-7.810547
-28.81482
-49.545563
-58.448395
-34.202087
-1.3688049
16.42392
7.1073303
-14.761536
-29.589386
-39.88089
-27.542023
-16.116364
13.643188
-10.889587
-37.079376
-44.59201
-53.629944
-32.088654
-27.052124
-29.158539
-27.213165
-45.74829
-38.6687
-49.067017
-38.7901
-63.283203
-13.716431
-20.949646
-35.30728
-7.954895
-27.952637
-28.67978
-53.09848
-53.639587
-45.55893
-19.319702
-36.3013
-40.888367
-24.30783
-42.70117
-59.418884
-93.41809
-67.661835
-13.821503
38.349213
2.2382202
-33.185516
-47.05893
-34.37561
-4.85083
30.608978
41.88562
36.347168
15.959198
-18.516785
-30.439697
-22.81012
-4.772461
22.615204
28.077087
27.873718
7.972229
-11.822968
-17.924713
-15.722107
-0.017303467
14.777466
16.272888
16.508514
2.5455627
0.29122925
-9.51651
-12.510712
-1.6993103
12.099304
14.212311
9.975555
-1.3696289
-5.0417175
-5.349579
-4.0603943
0.9529114
6.851074
7.767975
3.3625488
3.4828491
-2.2878418
-5.6051636
-4.897064
4.3935547
5.354187
5.4614563
9.638611
1.439148
-4.465851
-2.5104065
-3.2595215
1.0499268
2.8648682
6.588043
5.2380676
-0.058746338
-0.56881714
-2.780487
-3.3041992
0.20227051
-0.049865723
6.257416
7.7237244
1.5220032
-4.376129
-5.9837036
-0.40963745
0.5039673
5.491699
5.2358704
2.5462952
0.2217102
-2.5645752
-2.402771
1.9105225
4.388611
3.9386902
-0.59002686
-0.8829956
-2.105957
4.175537
1.583435
5.9538574
1.4580078
-3.4500122
-8.084961
3.4558716
5.9856567
11.508972
5.5975647
-12.163208
-12.68158
-4.9506226
8.302368
16.682465
2.3947144
-3.9874573
-6.6089478
-9.068359
0.7473755
8.795319
11.194763
1.4880981
-0.77630615
-4.3235474
-4.8906555
-0.75180054
1.902008
5.6586
7.31546
-3.0250244
-10.108673
-2.313202
6.465576
5.1183777
7.4272766
-2.0523682
-10.429779
-5.0568237
3.1338806
2.8461914
13.791901
-0.81469727
-1.3735046
-9.387909
-3.4101257
3.7433167
3.6090088
11.514923
-10.226044
-12.821289
-2.1810608
31.392212
-12.693207
-17.709167
-14.243927
3.0368042
13.151489
17.910706
-18.328522
-20.27295
-2.1070862
8.5546875
22.26474
2.8268433
-12.235291
-29.360565
-8.323669
28.475159
16.651611
-7.0195312
-4.386627
-5.677246
-16.601318
2.367981
25.35321
0.4194336
-6.0629272
-17.538483
-13.5355835
49.04419
-3.668213
-34.782745
-33.623535
-8.55542
17.729858
58.215485
7.6592712
-27.81424
-40.1875
-36.094666
11.733276
27.281982
43.605957
-8.4375
-29.092896
-35.64615
-12.472137
10.59137
25.983032
23.301575
11.935791
-13.33371
-26.793152
-17.6586
-3.3522034
9.752655
18.359833
17.324066
2.58609
-27.24591
-19.429413
-8.787048
21.594788
18.932617
-14.402039
-15.270203
-10.977173
2.3721313
8.18866
16.188324
-9.993134
-37.547943
-8.315155
-9.282959
9.719666
-1.0072021
5.3615417
-16.89505
-3.1712036
-26.435455
20.329437
-9.782623
-28.257568
-18.941284
-11.0312195
63.20694
-22.901184
-94.58038
-12.914825
41.949554
71.29108
-20.302856
-60.173126
-73.44818
-6.4108276
36.31006
73.63757
13.476959
-16.404938
-53.259644
-56.839752
-9.2022705
35.3407
40.82495
34.757904
-15.256012
-45.37744
-51.83612
-13.5159
33.708466
34.489655
27.015015
-8.432037
-35.087646
-23.774628
-17.654938
31.752167
16.449677
4.321747
4.783203
-15.431549
-16.187164
-7.3947754
-9.135712
1.704956
13.869507
13.864288
8.667969
-39.365753
-25.197601
-3.5735168
50.40155
-3.234497
-14.444824
-37.339996
-5.238556
-2.414215
30.636383
0.44317627
-18.91275
-32.306366
-0.74346924
14.282196
-9.028687
12.050049
-29.346924
-25.57138
11.450928
11.182434
-26.094757
-5.711426
-14.818115
13.507446
-9.594421
-7.5177307
-27.348328
32.65451
-16.406036
-68.50174
-32.891693
18.904694
35.65158
21.49002
-10.807159
-79.82773
-51.14615
-34.875977
60.932648
48.75598
19.21936
-82.605865
-78.81995
-41.86264
35.61856
36.270325
28.595093
25.574524
-23.160522
-28.810669
-49.18805
-31.764801
-9.119568
31.29715
33.20117
8.266632
-22.683167
-21.488922
-41.68744
18.694366
-58.671326
-2.0967102
44.80179
66.32242
-76.490845
-140.91019
-67.8822
39.67105
104.03381
85.35568
46.645264
-53.428467
-108.907684
-99.616394
18.535889
106.42459
50.235138
7.352356
-44.666138
-70.83356
-14.861023
31.704834
19.53064
35.95819
-12.399994
-1.8462524
8.757202
-22.776215
-4.0927124
31.638092
44.56482
44.66397
5.618744
-18.456207
-33.88031
-23.436798
4.213379
34.40674
34.33896
-17.680481
-32.775177
-7.399994
90.47305
-61.489197
26.164276
2.1409302
-25.350128
-7.008362
13.22644
98.03598
9.756531
-61.01776
-26.6026
-20.94577
31.849579
86.43088
19.609924
-0.8048706
1.1859741
-41.702515
35.878174
-22.964996
25.027527
5.188019
5.3277893
2.3524475
-7.447296
17.233582
0.79473877
-16.220764
-11.231232
-3.979828
-18.095215
-32.222504
19.173096
27.486755
-9.119141
-43.87793
-48.53946
-12.320679
19.159424
4.9937744
-38.884064
25.184082
-17.216797
-16.112946
-27.3266
-5.8894043
46.822968
-14.830994
-37.488007
-3.6347656
2.226471
1.570343
4.1338806
-20.803375
-12.837433
9.284821
12.087463
-37.17325
-4.5255737
23.291748
-45.131256
-26.295502
-12.899292
35.547974
43.27722
-12.982025
-49.694855
-6.916809
-7.921692
-7.917572
28.965118
2.7511597
-3.952301
-25.059387
-57.222107
18.944763
-2.917328
23.687714
11.447876
5.6351013
-36.49185
-17.679962
7.349457
-32.56491
-15.471436
-8.534485
25.29602
-1.7105103
-11.068939
-47.269012
-28.710785
39.071808
18.343445
25.780365
-26.15567
-57.07617
-3.1355896
8.58371
6.614685
-0.9244385
-7.82312
16.715973
-23.815796
-16.40976
28.801514
-16.571869
25.447876
-48.322327
-47.863586
-8.1145935
26.561249
6.429718
-27.225616
-30.978271
-41.098755
-4.8668823
-11.021027
-22.001099
-34.661957
105.0058
-74.02396
-97.96637
-83.140015
-16.961304
25.72818
19.353882
-55.652435
-80.81094
-84.14215
-44.730255
-16.389984
18.916107
3.7283325
-35.0101
-72.661316
-75.69299
-55.29178
-49.764526
12.160614
17.102264
-57.42572
-89.50812
-69.829865
-30.85205
-44.81424
-20.932434
-37.059326
-42.854004
-72.516754
-62.367798
-52.60446
-36.135834
-40.000153
-79.60669
-81.7236
-43.442688
-34.239258
-70.547424
-54.270294
-30.332245
-0.92181396
-35.59723
-45.986298
-78.9176
-73.83322
-36.05887
-25.4516
-18.287872
-14.888947
-57.760803
-47.269714
-43.19461
-33.582672
-26.858734
-62.490936
-69.43552
-69.99979
-69.49451
-8.838226
-27.945648
-58.374878
-64.95181
-74.78949
-57.352966
-44.373474
-20.939606
-29.636902
-34.444916
-41.317017
-65.18649
-71.82602
-51.825134
-41.90628
-33.35681
-43.54706
-50.92456
-55.131134
-64.49298
-83.76178
-59.793365
-54.452667
-10.387939
-48.827972
-52.564606
-54.113953
-64.82895
-45.018036
-33.558594
-41.393433
-40.070557
-16.883942
-4.8883667
-22.65802
-57.90457
-76.16647
-67.97113
-41.77246
-35.15863
-51.59375
-32.15558
-42.467377
-80.800354
-45.21936
-46.740845
-39.66107
-51.335083
-33.154266
-26.30957
-27.590332
-63.03833
-38.97577
-37.791473
-68.94418
-28.907959
-40.990814
-50.65216
-55.784546
-63.648468
-54.577545
-25.99054
-21.323761
-58.384552
-78.034424
-62.42395
-62.681458
-24.428772
-26.17572
-56.56024
-70.09906
-59.164795
-56.474
-52.514954
-32.873474
-50.30667
-48.887024
-51.82242
-43.27585
-55.881226
-29.156128
-25.413605
-11.343414
-56.970398
-72.45264
-79.10321
-61.55435
-29.199493
-13.652039
-17.937347
-19.956879
-73.276886
-83.84662
-70.50546
-27.791779
-32.53009
-16.085388
-42.554962
-52.015717
-52.50351
-77.78836
-38.43393
3.1757202
-29.730194
-56.725586
-71.49524
-93.18713
-68.13217
-35.419037
-10.809845
-25.041687
-38.87033
-53.501648
-95.854645
-87.359406
-42.19812
-16.52951
-20.541412
-47.048004
-59.358887
-59.523376
-77.718445
-68.33627
-40.703156
3.9327393
-14.703766
-59.44699
-47.740234
-54.997406
-61.565094
-36.880615
-17.213043
-12.75824
-19.907013
-52.061523
-75.45401
-57.749268
-39.510498
-18.727325
-54.536682
-31.25119
-52.20294
-71.181274
-69.908905
-40.37607
-59.318176
-34.026245
-6.162262
-26.62091
-73.17349
-51.73581
-67.47427
-51.987488
-49.681488
-27.565552
-31.7081
-50.361115
-62.252502
-58.312347
-72.794495
-67.26248
-50.105957
-26.471954
-8.337494
-30.748474
-54.574127
-80.09161
-74.119965
-49.033752
-9.7664795
-11.587463
-20.163208
-33.34604
-67.94632
-49.313263
-62.815643
-27.990845
-15.803497
-29.999207
-34.7984
-45.21219
-80.68921
-86.05249
-56.883514
-10.655426
-2.6868591
-26.30664
-62.54889
-80.40399
-84.81143
-50.802246
-22.290833
5.522217
-22.259003
-27.434357
-62.985382
-53.809174
-90.082886
-58.370544
-29.512909
-6.8844604
-13.288757
-71.97684
-84.74335
-91.11856
-75.40729
-47.62439
13.108459
-21.946472
-27.362091
-87.95685
-73.21997
-69.19522
-27.185577
-42.93387
-22.740845
-49.71222
-77.60791
-60.892487
-66.35571
-45.23221
6.5137024
-17.181183
-54.829254
-85.799774
-62.849213
-61.83362
-28.177917
3.86969
-25.045197
-37.78778
-83.41809
-88.49487
-32.753784
-31.088593
-41.30133
-26.399109
-60.466614
-57.78711
-69.442566
-73.869446
-63.030396
-28.644806
1.2086487
-32.71826
-55.261658
-61.503357
-30.596436
-24.122894
-20.958374
-42.64978
-16.899445
-40.385315
-44.686768
-38.47751
-61.27841
-49.691376
-35.687225
-14.671875
-41.07547
-68.20062
-48.737366
-51.56375
-38.110718
-12.19397
-57.329742
-61.83893
-81.03714
-75.739624
-15.844391
-4.752838
-40.83252
-76.412476
-68.061005
-52.528107
-36.166016
-32.378723
-16.541199
-2.1912842
-25.339447
-56.858154
-44.58261
-59.284393
-27.950989
-20.893127
8.741028
-18.509888
-39.231323
-77.73059
-63.6734
-70.15369
-48.06073
-26.480713
-5.717285
-18.588959
-45.7666
-103.74588
-90.02545
-57.62729
2.6871643
-60.070587
-62.6351
-82.165924
-92.42383
-58.057404
-57.02533
-30.981598
-14.396057
-37.44986
-48.078674
-40.630127
-43.05957
-44.185577
-3.705597
-18.136871
-24.377808
-36.11557
-57.746887
-35.31967
-56.934204
-57.97464
-22.116089
-9.511902
2.4988403
-8.842804
-52.639404
-91.73419
-45.662964
-2.2784119
31.031128
-13.962372
-33.224
-65.03699
-74.96179
-62.547363
-58.042328
-26.27127
-17.4516
-36.451324
-58.237976
-71.242615
-48.885223
-51.350372
-48.405273
-56.395233
-53.19345
-11.192841
-45.059906
-49.89908
-59.243195
-38.599182
-25.39096
-66.508026
-74.67459
-33.83612
-11.056519
-20.262085
-54.31018
-85.660095
-62.960144
-25.297546
-10.584747
-27.318604
-42.270447
-71.458374
-86.83661
-95.12305
-52.201508
-13.436249
-2.0760193
-16.021515
-58.17682
-86.487366
-62.032196
-49.271698
-32.970795
-18.174927
-28.417572
-59.638885
-74.63995
-61.002686
-51.092194
-41.57599
-33.2381
-48.974915
-77.69705
-84.12189
-59.220703
-36.080902
-17.973022
-19.88388
-32.470795
-65.14807
-85.38324
-59.16449
-37.085144
0.58843994
-9.50592
-20.580322
-24.60025
-26.24054
-66.174774
-72.90903
-63.33435
-21.190033
12.7074585
-13.883362
-40.746826
-67.30713
-107.0296
-75.09036
-31.473389
-4.2023926
4.399048
-16.792145
-60.383575
-76.95187
-52.164886
-11.234711
15.423157
0.577301
-30.312103
-67.000854
-85.8186
-61.00775
-7.154175
-4.23291
-20.222717
-51.054474
-61.303375
-55.841278
-56.689453
-43.570953
-3.17865
-11.529602
-29.737396
-68.739655
-77.69205
-86.44891
-39.23462
-68.71643
-21.262207
-46.95215
-45.678772
-17.472015
-60.24994
-54.29297
-90.821655
-62.851013
-53.681396
-8.60434
-23.19867
-55.51651
-73.80347
-73.9202
-66.19318
-53.71573
22.650177
-32.33914
-21.962372
-78.103
-85.861206
-60.84488
-24.962952
-25.52948
-4.9581604
-51.01599
-60.689117
-40.541595
-39.876007
-49.88916
-21.90094
-37.926575
-32.805267
-50.446014
-38.836273
-45.90216
-20.073914
-39.703278
-49.027832
-75.21918
-49.28824
-68.80347
-40.039642
-20.854095
-45.900543
-63.361145
-66.479034
-68.51303
-49.48755
-28.553589
-24.251068
-22.241089
-38.55551
-54.315216
-69.474365
-65.59192
-38.66385
-54.90033
-57.870422
-41.902435
-47.572784
-36.802185
-23.858307
-49.055084
-59.907104
-67.64487
-60.974396
-64.802124
-34.4429
-33.581116
-37.780975
-21.029602
-40.914978
-55.178406
-72.95465
-56.73517
-30.388824
-15.734741
-42.600952
-78.67798
-66.81201
-72.93741
-49.096497
-36.696136
-27.571991
-47.639862
-50.559204
-68.000946
-70.965515
-52.00473
-30.003235
-22.38858
-46.30533
-48.248108
-76.34778
-67.157135
-55.728577
-22.60791
-20.814667
-19.44931
-54.76602
-76.53989
-72.62488
-67.04614
-29.3844
-25.015625
-31.754791
-33.831177
-58.129974
-65.40332
-68.49051
-53.48166
-46.433136
-42.709167
-54.52179
-43.0235
-44.99768
-68.268616
-60.04593
-49.01236
-40.542725
-35.262573
-31.807648
-29.758026
-57.04422
-53.98459
-49.152405
-52.55835
-13.333099
-21.655945
-41.545746
-30.724426
-57.23047
-56.544403
-58.05432
-52.63797
-41.470306
-40.657837
-61.454193
-46.451294
-30.164307
-50.79486
-81.78018
-69.05942
-57.838623
-26.700256
-48.623108
-26.863342
-84.12323
-74.01819
-24.97992
-19.342316
-34.29251
-36.489227
-70.418976
-78.99432
-63.065765
-48.192474
-14.535736
-9.172791
-18.623566
-74.32864
-61.658386
-69.77414
-59.16739
-24.154419
-15.748871
-44.810303
-66.286224
-85.14975
-76.94803
-36.96576
-24.500671
-21.451508
-43.85617
-57.268677
-70.62424
-56.649292
-34.39795
-11.448425
-40.981415
-40.176086
-67.80554
-61.977478
-65.59125
-38.39035
-34.17752
-43.71237
-53.710968
-62.185425
-50.78174
-54.1709
-25.187317
-35.318542
-41.111115
-45.80475
-61.788757
-65.71759
-57.999176
-56.33011
-51.993774
-38.22055
-8.809906
-13.917664
-55.142914
-74.381165
-72.75214
-63.29828
-45.596375
-31.299805
-32.117737
-42.43625
-40.979614
-67.25406
-56.861145
-56.06366
-27.46112
-21.484833
-24.658142
-53.874146
-52.74591
-42.42099
-33.366943
-25.947388
-17.995758
-35.925354
-29.496338
-48.533875
-80.69501
-77.9971
-59.522827
-51.79239
-38.207336
-39.140686
-26.412567
-60.41864
-58.21579
-88.28433
-57.776337
-44.24301
-32.288666
-43.24591
-52.26889
-68.80853
-82.32309
-71.67615
-17.928009
-37.475464
-43.993378
-43.410706
-50.102203
-55.17566
-32.50406
-25.150024
-43.886047
-42.710052
-43.12274
-70.27661
-74.61981
-51.346436
-40.664062
-26.578796
-33.385834
-55.77002
-71.243286
-74.36493
-60.761536
-38.748108
-29.317535
-23.632812
-43.191315
-76.91675
-56.324677
-70.559204
-22.09549
-31.791779
-38.513214
-34.86319
-30.374298
-57.642334
-52.001343
-49.903168
-32.05368
-47.113007
-62.81363
-45.354492
-65.84839
-66.2818
-54.289734
-44.147858
-38.26947
-50.29477
-69.033905
-63.671753
-60.425964
-40.959564
-24.420166
-8.44928
-41.38501
-51.32831
-50.15753
-68.27518
-43.79486
-24.76117
6.467285
-38.260223
-70.79587
-65.81006
-34.065887
-28.64209
-38.195282
-66.034
-73.22131
-61.125336
-40.48871
-27.847534
-23.683472
-32.132202
-75.17459
-90.476135
-99.63913
-41.12506
-27.758484
-3.1712341
-43.34729
-74.75165
-75.33902
-70.415955
-39.48828
-25.335968
-23.037292
-35.757874
-61.02072
-62.445892
-74.964294
-47.75125
-31.888794
-17.583893
-31.648956
-58.427917
-71.110016
-54.755005
-31.09137
-34.30551
-20.187164
-30.802155
-74.28894
-67.08002
-77.53888
-52.960632
-29.05072
-33.431274
-43.22943
-73.28598
-70.53317
-72.26123
-48.663055
-33.695374
-15.60672
-51.31378
-43.959625
-61.37732
-69.21533
-61.718384
-13.306732
-14.944702
-54.629944
-47.625244
-33.41205
-59.826996
-45.86737
-48.17035
-54.233246
-46.697693
-30.883667
-42.993103
-69.02609
-54.420868
-51.709778
-20.55426
-30.007538
-66.77826
-72.59616
-54.021057
-44.01111
-41.18643
-41.585754
-57.71396
-44.299103
-50.696472
-58.920776
-57.0802
-47.97528
-44.7081
-55.77057
-48.188293
-33.443512
-48.27841
-55.03717
-63.69815
-62.36032
-62.540833
-44.183594
-28.817993
-42.187866
-43.479736
-59.872314
-51.015686
-24.786987
-38.175323
-40.836975
-48.77533
-54.408417
-37.35907
-66.391846
-70.07065
-59.484924
-41.035583
-24.548157
-44.803345
-61.818665
-74.227356
-55.427673
-33.128784
-34.431366
-52.08795
-55.61328
-54.45224
-40.448914
-52.853638
-49.275696
-47.272766
-54.093964
-32.117035
-41.532806
-53.774567
-52.824585
-51.423462
-51.453278
-45.97406
-47.391174
-50.350372
-44.37195
-46.907776
-41.25946
-60.455536
-63.77112
-50.988007
-53.342926
-37.103394
-39.466125
-59.89966
-54.991882
-51.48468
-52.36203
-37.732483
-39.614746
-42.654633
-46.284485
-53.324585
-56.424316
-66.621185
-47.65027
-35.798798
-38.70996
-37.3226
-57.473022
-63.980865
-53.03308
-46.034943
-44.770477
-54.814148
-52.696655
-54.03778
-51.761505
-49.326843
-47.703735
-40.731567
-37.392365
-48.62964
-54.217346
-49.547424
-45.800415
-42.980164
-39.674896
-47.17444
-54.572266
-68.33011
-50.322723
-40.58545
-44.72223
-33.67044
-43.175232
-58.069
-57.129852
-54.947662
-51.46869
-45.411438
-58.618896
-58.06964
-58.341278
-55.20218
-44.908997
-42.605194
-26.316864
-46.934204
-50.92154
-53.7164
-41.637177
-43.71399
-42.85144
-56.750427
-46.211823
-71.8186
-44.049744
-39.603455
-44.12439
-49.003235
-53.590485
-60.670166
-53.525757
-62.44397
-65.12875
-64.62018
-27.14978
-32.474762
-42.164734
-49.86212
-48.059998
-58.76349
-55.404144
-49.162476
-45.737244
-37.430176
-40.005005
-39.550537
-53.461548
-60.930115
-40.704956
-42.0849
-33.84149
-28.514404
-42.77539
-60.286133
-62.650146
-48.50482
-57.15918
-51.214447
-44.96225
-48.84839
-56.50363
-62.800293
-64.144135
-57.469543
-49.186462
-30.199036
-42.388245
-47.042725
-56.862793
-42.94409
-39.44818
-34.014923
-37.91571
-54.583954
-55.380066
-52.9339
-47.01715
-42.187164
-42.70804
-41.848206
-55.7157
-51.563873
-50.30017
-49.814514
-59.798523
-61.934143
-50.72403
-58.129883
-62.23932
-46.21582
-30.068085
-39.999054
-52.80542
-70.90039
-57.763336
-39.588684
-32.571106
-36.298798
-42.5968
-51.196472
-51.11328
-52.529327
-51.681793
-46.612244
-53.046265
-57.309296
-60.526154
-51.608063
-51.618713
-49.656372
-38.276855
-39.416656
-48.814423
-49.235504
-40.664856
-55.163086
-57.82553
-51.5289
-41.62851
-20.628296
-37.18979
-61.53775
-66.19269
-59.41687
-52.351288
-50.894287
-52.48645
-54.31192
-62.45233
-55.282104
-54.68274
-42.28607
-42.332306
-50.94513
-55.031372
-65.64252
-51.355408
-45.61566
-25.151855
-39.824463
-43.815857
-44.08902
-54.23407
-53.68875
-52.653076
-53.49872
-52.42456
-39.73047
-32.079834
-38.497986
-48.81967
-51.38669
-50.92108
-45.84662
-39.75528
-38.932373
-42.355988
-50.20346
-64.552
-69.61441
-51.655518
-50.14456
-39.136414
-41.795288
-47.29709
-69.18649
-56.96469
-58.65509
-51.889557
-39.22638
-25.53363
-46.686493
-61.500244
-68.29639
-59.142456
-40.672516
-34.13806
-30.25409
-56.96527
-48.14731
-47.210297
-54.56604
-51.4917
-36.76837
-33.131226
-51.08008
-63.42569
-61.0636
-44.346985
-42.912994
-36.05951
-42.38974
-48.707245
-53.964172
-53.34442
-53.589935
-42.440582
-50.074585
-69.85263
-52.225006
-41.13086
-29.138458
-38.647736
-50.880737
-56.640564
-53.44348
-60.950806
-42.377563
-26.115051
-34.506317
-44.098694
-70.37561
-76.94217
-49.401123
-27.516357
-8.48407
-32.33612
-61.92993
-73.335175
-66.82001
-38.631775
-27.101044
-36.441772
-57.50049
-69.7478
-67.58249
-43.35724
-30.186829
-36.941986
-49.53125
-61.985596
-49.42325
-54.79126
-50.392548
-55.891205
-49.770966
-43.457703
-44.195038
-52.625824
-45.2955
-42.141113
-53.77112
-36.61905
-60.293243
-53.545685
-58.537567
-52.974426
-34.305176
-47.95981
-47.199524
-57.072998
-60.92392
-53.881897
-53.11676
-51.575867
-44.450104
-48.34491
-51.77826
-47.00171
-49.92102
-45.318817
-54.019592
-49.46454
-49.244446
-38.28134
-39.312958
-40.77594
-56.950195
-62.090088
-55.441772
-46.659485
-28.71405
-50.68756
-62.983765
-65.91443
-52.268036
-33.94928
-47.348938
-53.22763
-48.37726
-38.29886
-48.72052
-49.08365
-54.03134
-36.547638
-31.909454
-44.835083
-46.542908
-58.20224
-57.9245
-39.4321
-49.086914
-39.917236
-60.06714
-55.65143
-68.0643
-51.665497
-52.993103
-49.513977
-34.773132
-39.65985
-51.31253
-68.545074
-51.852783
-36.802155
-36.428406
-32.65576
-46.19043
-57.737823
-65.41235
-61.646942
-45.295685
-35.750122
-39.034973
-46.46927
-62.009003
-60.81842
-33.10901
-26.622986
-52.67334
-59.28247
-52.621094
-50.635498
-42.14081
-43.812103
-47.70758
-58.02011
-61.209045
-61.774963
-43.977295
-53.45688
-52.50067
-47.86902
-51.949768
-48.302124
-47.73706
-35.64685
-27.359741
-45.363037
-61.975464
-62.84845
-62.61798
-21.208038
-27.046417
-46.477448
-62.78766
-78.39639
-57.42163
-37.69226
-36.805084
-32.80426
-72.089355
-78.7345
-64.18787
-40.23456
-7.8873596
-44.318756
-52.475006
-64.779236
-54.682922
-41.803833
-25.683716
-48.61194
-51.76007
-66.25806
-60.40207
-48.62503
-32.022827
-41.347717
-57.401672
-66.56647
-48.6131
-53.76712
-52.15686
-43.1243
-52.488403
-43.383392
-44.47406
-35.387634
-56.067688
-46.837677
-55.544373
-51.61615
-47.82318
-39.78595
-42.75052
-57.838257
-62.190643
-55.26172
-39.320587
-28.839966
-36.716766
-54.566864
-56.986267
-53.60498
-50.456604
-43.4765
-50.267456
-54.999207
-53.997223
-44.127747
-41.08072
-38.96692
-40.823517
-53.802826
-61.09082
-53.79373
-49.74768
-50.45929
-47.2218
-47.85312
-54.35919
-52.659576
-43.90851
-52.479706
-53.734528
-51.40143
-43.33539
-44.19211
-43.18933
-43.881195
-45.099976
-53.556458
-50.155823
-52.105774
-54.304504
-42.046387
-45.12317
-60.0979
-53.413727
-66.52316
-58.75763
-56.09079
-48.92816
-43.354828
-60.502167
-56.819885
-44.773926
-46.040253
-40.037598
-51.317627
-50.377075
-53.217224
-45.026825
-41.045013
-41.180664
-47.35446
-40.219574
-40.32794
-49.04248
-50.30493
-51.145966
