14504.716
19127.752
14489.326
10035.042
8153.252
7034.4326
6115.725
5512.6533
4982.2275
4473.1494
4060.6382
3774.7422
3446.3271
3211.8728
2987.7708
2785.6345
2644.0984
2464.8804
2295.0547
2116.0378
1945.7722
1853.7163
1699.6606
1626.0355
1467.5533
1346.0858
1255.8868
1158.7426
1072.073
953.5814
906.24927
803.68945
720.93335
672.93225
641.81226
549.4951
501.1742
477.15167
388.59552
355.39673
297.29034
258.2951
206.03885
203.35995
173.1055
149.17621
85.10602
56.55713
85.82971
35.24475
-7.659546
-19.502075
0.080200195
-20.91455
-54.19055
-47.635742
-47.783875
-109.86145
-87.81232
-82.26944
-78.07733
-96.39984
-104.54968
-124.170746
-156.03699
-113.668915
-100.390045
-149.87457
-86.11258
-141.35132
-120.99219
-138.96704
-124.5043
-152.57709
-129.84253
-116.72479
-128.05823
-94.59912
-110.48773
-110.56552
-87.7941
-98.47226
-78.99228
-52.589844
-50.667114
-84.27643
-79.51041
-40.49475
-20.92627
-55.158997
-67.07178
-47.580383
-16.31311
-36.353027
-44.819702
-21.04309
-31.334595
-44.269104
-61.720947
-38.85669
-15.716858
-40.457825
-12.317566
-20.942383
-11.115723
-35.33069
2.548584
-41.9115
-9.821777
-41.302002
-40.39496
-34.970947
-13.725098
-30.151306
-15.470215
6.41626
33.688293
-0.4901123
29.60559
2.1778564
-34.863525
6.8703003
-24.502808
37.241394
-7.7443237
-6.5720825
3.0610962
1.0125122
-10.1501465
-8.35791
20.761658
-8.217346
18.85315
-17.390015
9.015259
14.342407
-12.883484
4.6273193
-23.535278
0.7871094
-24.638306
-1.3006592
-32.57666
-19.779297
-19.430115
-40.390015
-9.584595
-8.561096
-45.102966
-16.295593
-2.6504517
-3.8894043
-31.330566
-11.184265
18.04309
-53.91638
-25.824158
9.829712
-25.12091
-12.533997
-16.254272
-8.197876
-12.867981
-16.340515
-11.4071045
-18.58081
-22.587769
-8.218384
-18.628723
-13.572876
-26.788818
-27.483093
-24.422302
4.822754
8.657288
0.63916016
-38.461792
6.803528
10.167847
-8.242126
-0.80181885
-2.2146606
-8.496033
-27.779419
-24.77948
-2.3613892
31.027832
-35.110474
-1.6182861
-4.637024
-31.33667
-3.0109863
-24.413818
-4.7634277
-2.2131958
12.430908
-13.314941
17.581482
-15.505066
-12.046875
13.9552
-18.995544
-27.152283
-22.234497
-7.95636
-6.2418213
-20.924805
-3.7774048
-30.105835
-8.542786
1.3644409
-35.202026
-32.39789
19.82666
2.7766724
-13.945801
-22.50299
-16.517456
-16.306152
-22.109497
-4.116211
-16.23462
-27.81958
-15.291748
19.11023
-36.685852
-23.073425
-20.951294
-11.6345215
-38.611267
-45.622253
-12.86145
-8.432861
-17.353088
15.328369
-27.657288
-17.963318
-31.280579
-34.965515
-10.65979
-9.253845
17.518433
-5.9735107
-30.742737
17.424133
1.6918945
-18.030823
-6.959961
-4.4763794
-35.32141
-31.4198
-5.5707397
-5.708557
-11.509766
9.618164
14.146973
-15.94751
-14.977661
-8.53833
15.19458
-1.3322754
-12.578491
-12.357483
-30.691711
-10.264282
-14.638062
-8.457825
-11.970642
5.656067
-12.032043
4.6881104
12.652954
-10.400574
-16.631592
21.061035
-25.169128
-26.786987
-6.421875
-25.381897
-10.0494995
-9.522217
-3.1866455
-18.60431
-34.281006
-30.423218
-3.749878
11.323181
-20.701782
9.473022
-29.518555
-12.497131
-29.84967
-14.685303
-22.861206
-6.984375
-3.4857178
7.741272
-12.471008
-11.007202
-16.341187
1.1373291
23.406006
-7.350586
4.833496
-26.617554
7.8394775
7.787964
-26.660767
16.435059
-13.775635
-14.484863
-0.2510376
-17.868652
-42.638794
-2.8687744
-35.49829
-19.968018
2.0697021
-31.42212
-16.343079
-5.937683
6.9138184
-14.116394
-10.848633
8.56958
-4.0875854
-16.207764
-24.557251
-9.18457
-26.071716
10.730896
3.729248
-20.139221
-18.039185
-14.879089
-4.802002
14.429077
8.25769
-13.971985
-9.553833
-28.546875
-16.953491
-25.452515
-4.067871
-0.883667
8.723572
-27.899902
-29.935791
1.3828125
-19.401367
-34.054504
-4.583191
-12.051086
-2.807129
-0.044555664
-26.254883
-10.327942
-12.151001
2.1399536
-2.8793945
-7.333374
3.8498535
-0.52197266
22.035095
-17.676086
-3.7056885
-34.840027
-30.840881
-14.431274
-15.170776
-0.028381348
4.421997
-13.768982
-8.907654
13.690369
-15.782532
-32.82025
-0.10870361
11.164856
-20.557861
20.531372
-3.277588
-20.691284
-10.692749
-21.002808
2.5822754
-24.320618
-8.994385
-11.04541
-32.56079
-14.610107
-1.9070435
-5.2402954
-19.341187
-0.5500488
-7.727356
0.45739746
-19.438354
-15.073975
-5.628601
-32.014893
-32.092896
-20.735596
-7.1710205
8.44519
13.6345215
-6.8668213
-18.632263
-6.1189575
-7.6800537
-1.0310059
-4.3239746
-9.056885
2.9596558
-3.9003296
-8.260132
-5.5979004
-19.86267
16.299683
18.160706
-15.737976
-3.4013672
-7.82666
-19.854248
-1.3024292
-8.510315
-9.457397
-8.961853
31.458984
-3.8989868
-26.200806
26.578552
1.4160156
-18.891113
-33.352417
-14.188477
-11.015503
9.2213745
-40.283142
-31.095886
-18.503662
-24.632812
-4.9122925
-0.8937378
-2.7808838
-18.556274
1.8287964
-23.066528
-27.930237
-21.90271
-27.249817
-16.776611
1.4121094
-11.29834
7.635437
-1.1676025
-29.375061
-3.6400146
-15.341187
6.840454
-8.01062
-1.4085693
-8.748962
-1.9555054
15.807251
10.683655
1.4927979
7.150818
3.19104
-6.192871
-2.6642456
-6.609375
3.3847046
-8.322937
-5.429016
-9.151672
-2.703064
4.760315
-6.385193
0.10797119
8.428955
-20.1568
8.042847
-18.74292
-5.302063
-8.169067
-6.6436157
-28.676758
-11.951965
-11.692627
-11.104919
24.270264
25.161377
-16.59607
-4.841797
-19.379822
-15.159668
-17.436401
16.487915
-19.653687
-6.6950073
-4.333008
-8.202881
-2.013855
-9.148865
-12.14624
-13.100037
-14.791199
-17.284851
24.18042
9.260986
-3.4122314
-15.555786
-14.304199
10.310547
3.7578735
-3.7720337
-1.3863525
-12.403015
-8.195251
-3.3656616
5.953308
14.853394
14.083435
-8.180725
-13.892029
-7.94281
-21.764587
-8.161865
-14.534363
8.006897
-29.384583
-3.1236572
4.68396
-17.472107
-5.5583496
-26.964905
-24.74768
-0.08984375
0.63812256
-8.342102
-18.693054
2.855713
-29.9693
-1.8130493
6.4279785
3.9455566
2.6760254
4.835388
-13.529724
-18.125427
3.1863403
-16.631348
-4.611511
9.3428955
-17.298584
-7.0637817
26.390747
24.818237
-19.471008
4.8328247
-6.2836304
7.5234985
-13.772705
3.4915771
-7.6875
12.734497
10.411316
-19.735535
-7.2263184
-7.066162
-4.4040527
16.378052
-8.17981
-12.164307
8.524658
0.28814697
1.1047974
9.402771
16.496582
-2.492981
-15.520508
15.97113
-11.013794
-0.6516113
-22.875671
5.1621704
-29.826477
-5.307373
-18.149475
-12.883484
-0.33312988
-32.794067
2.8725586
-23.23407
25.46399
13.644653
-27.518982
-17.916382
-7.3685303
14.089661
6.062134
-5.156494
2.0631104
-0.67822266
-18.867737
-21.895996
-0.34283447
0.65008545
0.0012207031
3.9554443
1.2512207
9.321533
-0.18145752
5.3725586
9.226929
-5.9315186
-7.5202637
3.6603394
-19.79248
21.25293
-5.6063843
2.2021484
-17.075012
-12.691772
8.736267
18.601074
-15.919373
2.81781
-7.926697
8.8703
19.084778
-23.693848
-4.899658
-4.397217
-20.575317
-0.42004395
26.260803
-10.129822
17.068665
10.550659
8.625305
6.231262
-2.6948853
8.730713
-2.6817627
13.093506
-3.50531
-1.1732788
2.6937866
-2.687622
-19.317627
-8.175415
-0.6105957
9.417419
-0.19152832
-12.109863
-14.215759
-9.279114
-13.21991
-13.98114
-10.566406
-17.813232
-8.548035
-3.0774536
18.998535
32.838318
22.29358
5.8792114
13.922974
8.366028
-18.525696
2.538025
8.169373
5.1254272
-2.1696777
5.744751
-18.868408
-1.7306519
-6.131531
6.1885986
-2.5596924
5.8931274
-9.428589
-11.0578
-7.012329
-11.416138
-1.1943359
-18.691711
-2.111084
-15.971619
0.7694092
-19.16449
19.071167
3.2767944
-0.27423096
8.5164795
-13.760132
-2.5776367
1.0435791
-9.828369
19.307861
-1.6546631
35.24005
5.157776
22.478088
-2.1270142
-9.849487
3.071106
-20.314087
-18.373108
-24.396667
-1.5931396
9.617554
-16.328308
8.459534
-6.0319214
-11.179321
31.289917
14.830505
23.948425
41.629883
10.565552
-7.4506836
9.391113
-20.494385
6.053589
0.2841797
-11.460144
-14.01062
-18.1109
6.473816
-16.86914
6.544922
5.6779785
-0.7891846
-1.2704468
-13.8573
5.8467407
2.5512695
-3.3798828
5.7558594
15.788696
16.004333
2.8116455
11.428284
32.48291
5.3790283
-5.971863
4.4352417
-0.8430176
-7.0560913
-12.2595825
-15.542297
4.083557
-10.5703125
24.836853
-11.718018
4.8949585
6.2958984
13.464111
26.817383
9.997803
4.0076904
12.965332
14.442444
14.541931
-9.477844
-26.697388
5.1063232
5.3304443
6.835205
-2.013916
8.0668335
-29.672302
-6.5213623
-5.033325
-13.516724
13.13269
1.6622314
-9.118164
23.093384
24.515198
14.446228
-28.531128
11.564453
9.047974
2.544983
10.621521
-12.312988
18.219177
4.67511
-8.861389
5.874634
-3.222412
1.59021
13.671509
1.3290405
15.202759
-19.92627
26.004395
-8.627747
13.567383
-10.015381
25.13794
2.911438
-12.02533
2.0664673
-0.35308838
1.6362305
5.9154663
25.015564
3.7139282
-10.798218
10.471069
-2.2965088
18.329224
16.631042
-8.05658
19.386047
22.654297
-4.4248047
0.30700684
6.84729
-6.525879
31.446045
24.386902
25.858398
27.72815
20.49646
29.964783
16.372192
8.784058
15.526428
-2.2545166
-23.355408
0.5083008
-7.6296387
4.277893
12.464478
-4.427185
1.142334
13.825928
-13.90094
7.9734497
-1.7775269
33.0188
17.978943
2.0543823
15.894897
9.110718
2.3095703
24.869202
19.064941
16.61322
5.886841
-9.167847
4.7142944
-2.22937
14.921204
15.287781
42.95691
-4.51062
25.821045
12.305298
-0.80670166
10.395386
23.278076
41.247986
-8.700256
-4.3618774
17.967651
18.448486
26.220764
-17.324219
-5.1957397
8.161255
-30.678528
2.914795
35.555786
2.7609253
13.04364
15.629517
-19.609436
23.324219
-16.775146
-25.915466
53.395752
-12.070801
25.357239
46.125183
34.15161
42.851196
23.707825
22.894165
3.8833618
-1.5340576
15.18512
-7.6523438
9.804504
21.194946
10.007263
-0.19335938
15.871216
11.050903
5.3481445
-11.103027
-22.054321
6.277893
11.791504
14.974426
13.646362
1.4188232
-13.948669
2.5385742
-28.687195
-17.467773
2.0054932
-34.515137
-0.34735107
16.230774
17.041138
29.88092
21.381653
28.517334
32.63867
23.903198
5.9119873
11.3349
20.530334
3.6940308
18.962158
-4.645569
6.366333
-4.5629883
-19.676575
28.262207
12.49115
11.151855
20.779053
4.6430664
-1.4090576
13.705505
13.305237
29.954102
29.77893
8.780457
21.039307
39.50775
28.99231
3.6782227
6.0636597
29.699463
36.95514
19.343933
7.76355
12.617737
-3.6280518
1.71875
-22.146973
-9.964783
0.91290283
13.954224
22.392944
23.85254
26.91449
39.168335
-0.9492798
13.25946
13.225464
56.90918
-6.2980347
12.925842
50.655457
17.888062
4.5528564
-11.325195
23.013306
20.779297
29.63446
-14.672241
3.0830078
-9.199951
23.352417
24.676392
-0.54766846
28.864014
24.944397
15.198853
41.361633
22.411377
15.709473
26.07489
26.250916
-5.2441406
-0.8937378
26.831848
0.21020508
-7.970764
-3.6560059
9.937378
14.453674
14.659973
-18.158142
27.507202
8.189697
3.6333618
36.946716
28.588257
31.410156
61.155212
18.119507
19.261414
-10.1241455
0.60943604
-17.542786
21.816833
14.400269
-12.27417
-0.21813965
-3.1513062
3.2607422
-10.700195
22.939392
-9.392395
23.848999
15.864746
17.132996
15.112244
53.57373
18.392883
28.937744
54.37152
30.919434
39.69751
37.5495
15.532898
-36.818176
16.229614
12.842163
-9.848389
3.6445312
20.73291
36.22815
-10.694031
21.80658
2.5408936
-11.898743
0.23602295
25.23877
-1.0155029
-8.522583
-5.7163086
-25.412048
15.626709
8.355225
33.700073
-0.2805786
9.130371
46.95331
20.749939
4.852661
14.609558
16.45642
25.970032
33.75403
13.632019
15.717773
12.271179
-6.3084717
25.258057
17.111328
47.83545
10.567261
34.161743
25.017883
-14.099304
0.6946411
-4.2943115
-9.180054
40.131226
7.6262207
36.126648
17.89441
19.130554
32.839783
30.824463
10.341858
33.080627
48.91809
37.664307
1.0056763
37.08899
36.026123
58.286194
28.749878
2.0270386
34.699646
25.859924
-9.213135
-2.1421509
13.931885
17.23944
-13.911987
-16.964783
-8.092407
8.428955
32.576965
76.892456
58.45941
31.680786
31.105835
13.107544
58.394775
33.74707
2.6798096
34.695557
16.145386
10.76239
36.379578
6.970886
-13.399658
-1.7052002
23.969482
27.909851
34.143616
28.960388
20.42566
48.254883
41.52063
56.19342
37.803345
47.227417
-0.42822266
-4.1064453
-12.968994
37.222656
48.63208
-11.27533
-16.520447
-2.9885254
38.02722
23.65033
0.31732178
24.031189
43.635803
52.16034
34.08142
17.209106
37.796387
57.94809
1.4378052
50.671204
17.585083
22.638123
21.838501
23.91858
-6.1557007
30.207092
47.89209
50.88391
20.026367
35.89862
-19.150269
-8.737183
9.587952
-0.6281128
-17.890747
39.705444
21.709229
-18.888367
-2.2056885
2.0489502
48.21631
20.750366
31.128601
53.193542
67.47821
37.989746
39.25171
17.884888
-3.2800903
5.3432617
2.190979
17.49768
28.351807
39.80237
35.28943
40.852844
30.646118
52.141846
10.949829
27.73352
-33.611694
11.39917
39.10547
6.1984863
98.789734
21.477661
11.6414795
-9.463806
8.333557
24.905762
64.865814
30.476257
60.747253
35.003784
0.4086914
11.937378
11.127014
9.210327
47.071167
2.7503052
-22.79242
9.128479
46.734863
-8.109131
25.90332
26.983215
20.54004
56.22168
41.72638
-19.840698
13.349365
-5.878723
10.804993
28.069946
-10.152649
-10.346069
-31.45636
31.315552
25.483643
53.325134
31.155945
69.79645
55.46985
16.209595
-2.8689575
49.006836
19.000977
7.850647
-12.236938
-8.545593
-35.963623
47.56134
-24.277405
11.686157
30.991943
41.993164
2.253601
35.549194
36.530823
39.432007
36.925476
43.917603
75.9032
21.605835
44.155945
-3.2531738
10.451111
29.323608
44.363953
90.158875
31.503052
10.88269
29.088684
-16.324219
25.578735
-1.5310669
26.967773
8.029663
63.25531
11.371948
21.320496
19.746216
80.607574
44.20746
36.00354
15.559631
35.750916
103.20514
-13.450623
12.549866
35.883484
12.249817
-6.2929688
25.139343
0.16174316
30.97351
23.217468
40.221252
30.019226
-5.7998047
51.38214
5.4730835
31.922302
39.70215
28.034485
25.77771
36.945007
44.506226
27.721252
89.08478
44.246094
22.43335
-3.7141724
-11.668335
25.37738
24.848877
-18.62909
65.646545
18.937744
53.988983
16.008179
8.774597
1.3567505
32.60492
-5.7162476
20.004639
7.5603027
13.311768
23.118225
-3.6749878
23.46997
41.512024
28.275757
47.9588
-3.2542114
-0.87493896
25.259277
-25.159058
29.579468
56.239105
122.62668
67.43039
-7.942749
39.548035
27.18335
11.451416
25.450745
23.8927
27.361267
15.886414
22.666687
0.8140869
20.149902
21.525085
48.452393
15.140076
3.640564
6.6240845
26.181396
40.297363
23.784302
28.89801
51.41455
19.106445
59.387146
46.90381
4.2889404
4.5855103
28.664673
43.39331
21.984863
21.033142
50.683716
34.797302
13.992798
4.1325073
-7.640564
23.153625
31.534485
3.4276123
68.480194
48.329773
25.971313
45.68811
34.312195
22.380554
38.638428
36.410156
52.433838
42.801636
2.777588
-36.75
74.33902
11.327759
20.93451
30.414062
60.351746
40.16156
31.627258
18.347534
-21.161255
80.06787
25.173218
-2.7589722
24.202087
10.061768
60.18152
51.740143
55.942627
58.72058
66.52014
45.116455
45.94409
1.0870361
-13.33136
-65.107666
-38.01117
1.2683105
8.031433
21.93457
23.756165
34.10565
67.69675
44.591675
29.497314
44.94464
70.826355
60.429077
70.22894
18.588867
-18.609497
45.037476
10.061401
45.202637
33.506775
-24.735107
-3.6815796
16.124634
20.352478
26.205322
12.611938
29.246277
44.411804
54.82675
79.64569
27.683472
20.504395
49.9718
43.98932
11.352783
33.769104
-28.94458
56.354248
15.7803955
36.634766
29.17694
18.706055
27.07019
71.651855
64.83887
19.646606
75.50488
60.593597
23.494202
16.62323
-2.7368164
16.285217
-15.147034
33.83783
37.29364
50.160187
95.295166
68.27771
81.484985
2.552185
2.0474243
-18.067139
23.827087
-9.687012
19.945923
40.17914
69.7525
77.9729
91.172455
84.68799
-8.0894165
55.733337
-21.218262
-6.190735
-44.428772
19.697449
11.927124
41.073364
2.7328491
33.389893
56.818237
57.684998
64.74637
77.6098
48.656494
42.12329
25.465942
5.3066406
13.201477
-39.698547
-38.796753
4.2043457
-6.5178833
13.182129
28.832825
41.243103
58.30957
56.253235
47.053528
77.24545
-2.4797363
40.019836
8.217834
-13.72052
13.342712
40.49585
-5.675537
46.673218
16.795227
40.503418
36.02899
11.83667
-6.831238
19.365417
-7.810791
47.133606
27.121948
69.00745
36.099243
16.904907
45.27704
39.444702
53.134216
66.59915
21.538147
12.287964
25.87854
12.015869
20.342224
-21.289917
6.04126
36.895264
40.95215
42.309753
31.757385
4.762207
30.167847
26.018738
39.30664
48.734802
62.30905
49.219543
30.367615
18.860657
13.4904785
35.130615
41.815674
-12.22583
57.72467
13.628174
43.611755
-7.873352
45.39087
34.440125
43.694336
17.390625
22.769165
53.090393
34.816772
27.116455
29.445557
50.942444
73.26544
29.18158
8.678894
43.7511
97.73776
61.57596
67.06717
3.3220825
50.053772
28.200378
24.245605
-18.46521
43.527893
39.36609
52.96399
61.494263
43.382324
18.633362
41.107178
37.13092
58.118896
24.19635
45.190308
34.072937
86.916046
28.565552
59.10611
56.347748
36.01422
18.921143
20.868591
14.039734
10.921143
45.551666
10.533691
15.21875
28.649658
7.6154175
19.272095
69.26654
77.683105
124.81119
71.288055
32.786987
-23.374268
-31.650208
-6.694336
-14.397949
44.90384
75.4552
55.466522
59.01288
61.765686
20.564331
51.066956
13.357117
20.475342
7.642395
26.2229
15.6622925
-1.2267456
53.552124
39.4682
48.510437
74.98514
22.866394
45.548523
33.221863
31.649292
26.777588
31.947144
61.561615
24.013916
14.826233
39.111877
23.157776
-15.65155
51.17566
36.817566
42.82898
19.01709
65.1687
55.391235
37.860107
29.454956
87.84808
26.223572
28.607178
57.06372
31.282654
25.340942
15.122803
82.2912
37.70038
28.647827
31.592407
10.4626465
8.087341
51.048645
20.563416
36.842773
53.51654
35.049133
25.451355
78.91138
62.005615
48.976746
47.620422
79.74478
27.531311
-47.606934
-11.456726
-0.8121948
45.550476
6.6796875
35.60205
70.493774
86.35666
42.47412
48.185364
16.537476
1.381897
77.139465
33.28894
53.215454
45.99414
49.438477
15.118652
23.516357
67.96805
5.944031
30.562927
45.589783
55.55478
21.636353
82.404236
28.77594
42.279907
71.0733
12.62616
44.444763
31.954346
49.01062
52.295288
26.45642
49.804565
0.20806885
38.979492
51.60321
47.526733
2.2844238
33.342407
57.299408
61.85666
39.465454
22.611511
-31.482239
82.86984
36.918762
27.337036
-14.439819
70.299805
28.191406
33.466248
61.726532
73.7218
36.896484
59.920135
66.9783
34.044617
14.7960205
16.61261
-5.9726562
17.982788
36.967285
43.870544
61.023315
90.82739
49.849274
78.83145
0.9487915
6.682007
-15.754639
-1.5753784
38.240356
30.369873
48.050476
70.29718
66.79971
77.615845
63.49066
11.915894
14.749512
7.5703125
9.638062
22.950745
51.630463
17.318054
9.837585
19.64325
66.92456
47.90442
32.740112
97.97302
64.116486
19.65625
61.621155
66.97339
97.054504
25.34613
-1.5457153
-17.14447
11.999756
-0.49108887
14.954224
33.025696
68.085144
54.11902
40.96045
15.926025
54.103394
39.0459
41.27777
46.6243
47.02408
59.544983
22.98236
48.314697
59.800842
11.432312
7.0024414
51.684387
49.924194
59.18524
26.79187
11.260498
25.040283
35.67444
40.44525
90.717834
58.86548
82.6268
18.104797
33.57318
39.265686
54.915863
26.068298
58.617096
54.72992
32.974426
53.87262
40.480408
6.6917114
23.871704
22.49231
48.070618
57.190735
45.460327
102.8631
79.752075
57.825073
64.395386
43.55359
29.906189
16.64209
45.319336
2.724121
28.325134
43.289246
40.337463
34.70819
24.130676
22.664185
15.98822
37.42224
67.23956
53.21826
57.660095
42.7016
54.331146
42.625793
25.991089
44.01715
-14.407288
25.578064
15.447937
20.54364
24.526917
-11.801514
19.770752
30.336426
64.55597
79.588684
74.11279
67.16193
84.244995
60.7529
35.012085
5.681885
-2.2980957
19.544434
21.247192
3.6489868
-19.949646
23.346191
42.0484
74.579254
36.404175
39.08142
70.35364
14.619934
52.714233
19.030396
25.162415
51.37024
69.2428
23.603333
48.932617
-2.769104
-10.0859375
18.67804
17.129578
53.14801
16.251587
77.8085
44.99585
97.26776
60.047607
36.51471
46.09308
33.99109
19.962708
21.956238
12.531799
17.512024
28.08545
16.797546
-14.6623535
6.5391846
61.388977
50.91089
72.42557
51.327423
45.28943
24.28717
51.552246
67.39926
44.939026
16.96045
25.240967
16.610352
14.553711
20.252258
22.645142
27.866821
40.199585
18.301575
86.39807
95.17755
44.479492
48.064453
73.459625
7.946533
22.062622
14.161499
34.121094
44.6015
-10.028015
19.472229
67.80249
84.757324
44.035522
31.094421
17.635864
47.38803
38.407898
72.68097
100.245636
0.7682495
26.681519
25.991638
39.61145
36.343628
14.331787
42.09485
11.229126
51.189697
26.227722
47.407837
66.5426
30.339111
44.976013
58.07074
27.337524
65.200806
57.17981
7.392334
57.743896
36.828857
50.321014
-2.8709717
21.97528
23.927673
62.75171
42.309998
15.874695
60.072845
39.92517
36.01361
43.72827
83.30408
65.30969
38.51764
45.800903
55.310913
-8.977417
28.92566
43.85669
53.856018
64.35132
55.453278
9.699158
22.30603
29.62439
38.406616
52.510315
27.39685
31.971313
80.2088
45.971558
27.735779
74.60391
63.90085
42.00943
-23.480225
45.55542
22.798035
-16.109924
61.988586
70.39993
63.165344
59.182617
63.790436
37.099304
61.34607
20.530579
51.150818
40.80841
11.912231
-22.677612
5.0515747
37.884583
56.160187
56.157806
-11.436951
50.864685
61.62146
59.008698
54.34845
53.259583
55.188232
28.167786
10.357849
4.637329
-14.53009
7.9525757
22.025635
61.587524
73.68649
65.24524
94.14108
62.616882
66.85889
26.10559
34.66931
29.251709
-14.719666
22.041992
-8.272827
33.513306
7.5307007
39.92224
89.085144
55.997925
45.628357
89.152954
63.584686
20.84198
14.287598
39.03589
47.419434
23.498657
56.93979
-12.999268
11.10321
-11.009827
7.449646
55.695038
64.38776
76.57077
24.594543
55.367554
46.189087
33.883423
22.413391
44.51013
2.8862305
16.97821
35.09442
73.12515
71.50455
57.37744
47.40204
68.143005
62.714233
6.334961
10.606628
8.27356
-1.5059814
21.183655
42.462708
41.78943
46.573547
88.05716
66.6073
67.18329
12.035278
-20.885437
-21.487488
24.927979
15.998779
-7.9554443
8.302002
35.335815
53.24936
57.263794
71.092804
67.4223
74.80878
62.111847
77.13364
45.67621
22.314148
-14.095642
48.73987
45.64789
12.218872
50.216797
54.580933
48.401367
68.03992
59.240143
-12.160828
53.70334
-15.038757
26.691101
18.335327
33.015564
-5.6675415
59.024475
31.745117
36.648376
71.91031
24.612
69.57007
34.77661
60.914917
54.17639
28.960938
-9.666443
0.8399048
19.671387
38.621765
20.6474
87.28644
29.357117
76.24048
51.255066
78.47623
-6.706238
1.0070801
56.229675
15.016907
0.9996338
53.13391
37.23761
57.455933
62.142273
68.39807
61.94348
51.06378
-7.6674194
32.261658
6.920044
2.958435
15.1203
36.1156
9.784302
45.744324
55.265472
59.676056
16.285889
78.76965
68.68628
81.822815
32.539185
16.997314
6.651367
-6.98584
23.498291
34.746033
39.71289
37.46399
37.21936
0.08917236
43.35388
43.300476
4.5287476
3.793335
68.71576
62.63275
48.804443
55.62372
58.856018
32.65735
33.611084
31.784119
25.735107
8.034363
18.044312
29.165222
50.09491
100.080505
59.175934
73.1286
33.936768
4.4558105
15.8758545
50.626465
31.170532
71.29614
63.748962
28.918457
42.818604
46.411804
24.6203
37.53778
20.42981
23.195374
52.069305
51.49539
63.166992
54.013397
34.37854
75.16016
47.74243
66.5188
37.43994
50.54248
27.033691
49.982147
27.230347
16.700806
33.351562
53.998474
51.457092
10.494995
39.01703
47.898865
64.29416
99.713104
57.16693
27.36444
7.400818
-10.871155
28.109802
29.17517
36.697388
81.44571
75.88803
62.279114
67.33594
60.339264
58.70581
45.255432
38.60858
19.873596
2.1116333
23.528625
27.997131
52.776917
36.483765
50.534424
24.944885
37.725525
32.44763
16.45111
25.451477
31.736267
100.67706
25.009827
34.23938
50.659424
53.45288
42.90393
73.683044
90.08615
45.93524
33.494812
53.078583
-4.015625
25.101562
42.372314
45.453644
47.916992
54.664734
50.11673
67.626526
41.83722
51.723907
44.789246
37.697327
22.320862
75.75119
53.76071
46.725708
52.95697
45.485474
64.8736
-0.8757324
11.315613
38.130432
13.986023
37.04596
-7.8790894
78.06308
62.67926
99.87793
80.61334
46.186584
50.125763
30.415771
-2.6968384
17.395874
38.417114
3.3416748
4.8133545
40.71338
81.97818
83.777374
56.18512
71.04169
57.792664
37.977783
26.089966
15.47998
34.284546
24.690796
53.317444
54.503662
29.001282
66.643555
31.565002
33.59662
15.393616
54.89087
63.73987
22.532593
30.851562
49.91571
34.296875
35.187073
87.16455
66.104034
52.92694
52.44696
46.133606
-1.4505005
41.68976
38.372864
5.07428
39.735474
32.151367
32.325073
46.159424
44.064453
52.342316
13.660461
55.077698
42.681763
79.76587
41.9718
58.6019
72.9064
46.70099
58.8331
6.930664
22.15857
30.63733
38.608948
20.038574
68.60083
62.62201
42.274353
18.566345
74.91147
65.3927
70.865326
44.463196
22.516052
29.403076
34.79608
36.251343
9.766052
43.21692
43.67102
51.66208
32.88318
35.105835
62.73871
52.14966
44.074097
48.053772
38.527588
32.9411
24.871399
42.837646
21.32312
34.190857
62.524536
42.697754
65.14578
17.808228
72.21347
62.815247
65.15091
41.268433
20.682861
44.74756
29.092957
-3.5407104
21.252502
25.016846
22.132324
71.58472
62.867035
94.5477
95.646484
78.728455
47.579346
66.371704
9.817688
-0.5305176
-16.508728
25.567932
-23.885742
47.582153
70.95532
40.495544
71.35611
49.145874
74.15393
72.89035
73.29956
1.3656616
3.7926636
16.103455
-25.87268
9.251953
9.920959
10.044983
10.935547
65.443665
59.20636
84.81021
58.747375
74.651855
56.709778
33.39026
19.851624
2.8983765
22.593018
4.0665894
28.434143
32.76288
30.55249
29.274536
23.404358
35.12439
84.19226
74.22165
74.08057
41.98987
45.000793
53.4494
53.268677
64.619354
24.027039
28.033508
51.111694
-11.782043
13.33783
34.580994
20.097107
16.608032
49.67572
45.1463
3.5614014
25.716919
60.24698
29.517578
62.418976
34.50476
49.64392
80.0686
102.435
58.613037
56.861145
35.170166
47.886536
12.328613
11.943176
24.105713
29.722656
28.422668
49.20685
65.70044
55.865845
79.81073
46.98181
68.812164
35.891785
0.24536133
21.23816
37.49066
77.35452
-8.155457
20.119263
13.258057
61.71521
58.53186
74.313324
47.626343
59.09491
59.784027
71.903015
50.90396
35.444214
12.119202
24.979553
1.9967651
58.78894
28.873718
38.965637
49.103943
8.079651
37.716675
58.06952
57.916138
50.164795
27.54663
68.97571
17.686035
41.554626
27.3443
34.244995
72.48538
55.872375
15.423767
54.567932
61.59726
74.11441
32.00531
46.26178
58.735992
45.777405
38.935303
33.579773
49.536133
25.835571
66.066345
12.032959
50.70642
58.23648
40.24414
63.552673
16.81189
59.65036
17.220764
41.304504
54.776245
25.52185
39.489563
73.51068
51.005005
33.735962
25.427734
32.354553
70.120575
56.07715
53.843445
68.811584
84.80179
23.391418
-32.426514
-7.4213867
3.9285278
66.3176
61.10428
47.990173
83.40607
80.13309
49.781128
52.34845
21.523743
-4.161194
-2.0343628
13.57373
7.503174
5.7529297
54.306946
52.452637
61.721436
53.99115
90.40643
61.380493
68.96344
68.719666
35.043945
-0.03186035
13.427551
22.884521
26.512024
8.612732
48.476868
58.486572
66.99158
59.408203
61.121887
76.620056
45.534058
48.51941
15.401062
34.304016
45.28296
29.253357
13.46051
27.093323
53.29065
31.838135
34.112976
65.95584
44.06671
57.667175
90.4476
19.319885
40.929443
54.40753
33.666748
22.027527
24.887573
9.756714
46.634888
30.354187
27.337036
53.632874
60.37964
64.61417
82.64679
66.76602
33.916504
33.9552
58.864502
58.70227
47.637695
14.842102
58.842163
-3.1958008
15.339844
16.187866
56.393616
53.568665
75.78241
102.27466
74.168396
55.363953
88.95032
24.956299
55.854248
29.328918
43.044556
-7.111084
12.701172
52.576233
32.279602
62.881287
52.49768
49.097534
59.80542
23.936401
25.154297
49.082764
57.69214
50.95691
20.881348
66.666504
67.846985
39.17932
37.81909
54.408752
24.303284
29.809631
6.041809
47.565125
50.830444
41.687195
41.287476
57.975708
57.393555
34.83783
34.048706
46.878174
49.72455
24.503662
56.37903
49.873962
55.38556
61.86618
16.15387
41.241943
