14572.662
11997.706
7844.049
6219.453
5534.913
5061.9707
4679.0615
4326.8867
4023.7708
3757.2153
3535.6726
3335.483
3166.2349
3003.6794
2863.3477
2729.882
2606.3945
2486.3208
2379.6846
2274.0762
2174.6343
2082.526
1998.1096
1915.6135
1837.2422
1765.9681
1701.3278
1633.9893
1573.1398
1512.1066
1456.6067
1400.8718
1347.3102
1295.0613
1243.3853
1192.4592
1143.0197
1095.3074
1044.6362
996.1188
947.97174
900.0867
853.5121
805.7033
759.49414
714.7331
671.40533
630.4358
589.8893
551.1556
514.0911
479.93604
446.17038
413.90582
384.1591
358.13177
333.00006
307.21643
283.98074
262.11884
241.10599
220.94817
203.43225
185.49767
172.03854
158.66068
144.64291
130.85251
119.508484
109.005135
97.28508
87.547714
79.76098
70.93298
62.311977
55.32203
48.777287
41.477203
36.398705
29.62334
24.20203
18.150867
15.399021
11.479065
6.9081764
4.3546486
0.5539284
-2.5542831
-5.3569603
-7.2803955
-8.233234
-10.748199
-11.69165
-13.138729
-15.656502
-15.209381
-16.65224
-16.918598
-17.247326
-16.296364
-16.393707
-17.588905
-16.959007
-16.395798
-15.305603
-14.966305
-13.988529
-13.769077
-12.591728
-11.911888
-10.645412
-9.972507
-8.6562805
-8.582985
-8.328896
-7.2557945
-7.0472755
-6.2591705
-6.001709
-5.8593826
-5.7105103
-5.328888
-4.4403954
-4.6828384
-4.400654
-4.937004
-3.7881317
-4.058632
-3.3394852
-3.2632294
-2.4384613
-2.913105
-2.3245811
-2.8294563
-0.36058807
-1.4485168
-0.84007645
-1.270031
-0.7073631
-0.2121582
-1.0383186
-0.38879013
-0.46658707
-0.57998276
-0.617363
-1.7318916
-0.48569107
-0.96988297
-0.32486343
0.43970108
-0.9840622
-0.8952751
-1.7187843
-1.7009201
-0.44512177
-1.4792786
-0.8412857
-1.383995
-1.9515228
-2.0147285
-0.86009216
-2.0146446
-2.5424652
-0.9798813
-1.7867584
-2.387169
-1.9715004
-2.6705666
-2.6008835
-2.310997
-1.7826843
-2.0426826
-2.4797173
-3.3824272
-1.6932983
-2.414421
-1.9710236
-0.66277695
-2.101284
-1.6708755
-1.3025017
0.124004364
-0.58794785
-1.1478577
-2.0150566
-1.4973145
-1.1761589
-1.1362114
-1.6182861
-0.1627922
-0.6605301
0.61099625
-1.1946297
-1.0050888
-0.77169037
-1.4664764
-0.41277313
-1.3227806
-1.0518227
-1.3124657
-1.0636978
-2.016491
-1.464325
-2.4231339
-2.4696655
-1.8581543
-0.71938705
-1.471283
-1.7222099
-1.2216301
-2.115036
-0.68909454
-0.9088936
-1.1918488
-0.9941788
-0.06852722
0.6920624
-0.29813004
-1.7629623
-1.275856
-0.8550072
-1.3180313
-2.374031
-1.2822113
-2.125698
-1.6343727
-1.8760338
-1.1974792
-1.6102753
-2.005291
-1.385189
-1.2252007
-1.5740852
-1.1126328
-1.0909386
-0.9216156
-1.4949684
-0.9178734
-1.2569466
-0.96170044
-0.7121544
-1.0613365
-0.62216187
-0.6962395
-0.8115082
-0.4028015
-0.5942116
-0.90325165
0.8581314
-1.0019073
-0.107803345
-1.3426514
-1.8248901
-1.9821014
-1.7931671
-1.9981079
-1.7506752
-1.8266907
-2.0371475
-1.7227058
-1.8178787
-1.9778976
-1.133873
-0.8409538
-0.7878609
-1.5151482
-0.7110863
-1.2804108
-2.092392
-0.8041649
-0.8439789
-0.57660675
-1.4324875
-0.87849426
-1.1046066
-1.428608
-1.4704018
-0.47729492
-0.87163925
-1.7678146
-1.0089722
-1.2179031
-1.3908157
-0.050815582
-0.15037537
-0.3094864
-0.6578331
-0.46297836
-0.45031738
-1.3055305
-0.6516609
-1.5820732
-1.317276
-0.9154854
-0.10987091
-0.49643326
-0.3313141
-1.053154
-0.65420914
-1.8182678
-1.1192932
-1.8239326
-1.9498253
-1.6491127
-1.4702225
-2.1606407
-1.2969704
-1.9015045
-0.7436905
-1.3402138
-1.5132828
-1.2801361
-1.4683533
-1.2228088
-0.78219604
-0.6314125
-0.5146103
-0.7889557
-0.33713913
-1.3234787
-1.1142502
-0.19065094
-1.0567703
-1.6918182
-1.5913162
-1.8513451
-0.98566437
-1.4318428
-0.6667061
-0.81213
-1.0432053
-0.20288086
-0.70277786
-0.49911118
0.045021057
-0.9816513
-0.37388992
-0.5964165
-0.6032829
-0.5689125
-1.6542549
-0.59129333
-0.7208061
-0.17800903
-0.94114685
-0.4431305
-1.3357544
-0.120334625
-0.67419815
-1.261013
-0.30887604
-1.0258255
-1.2160988
-0.47553635
-1.1811104
-0.99051285
-0.41728973
-0.9923096
-0.9228859
-1.0975304
-1.4576035
-1.1257362
-1.7308769
-1.9930534
-1.8594818
-1.4892426
-1.114212
-0.6346054
-1.14291
-0.39548492
-1.0407562
-0.2961769
-0.93175125
-0.7321434
0.19083786
-0.5834656
-0.20505905
-0.3713913
-0.3403015
-0.29463196
-0.43291092
-0.4977913
0.12724304
-0.23448181
-0.92614365
-0.42695618
-0.7415695
-0.30133057
-0.85105133
-0.56131744
-1.1922646
-0.8453789
-1.5250931
-1.5232315
-1.6078186
-1.0392494
-1.989357
-2.5564194
-1.6027145
-0.4401436
-0.82113266
0.052223206
-0.8280182
-0.023368835
-0.6990013
-1.8390388
-0.38645935
-1.6194077
-0.07126236
-0.37809753
-1.2727585
-1.0065613
-0.74972534
-0.7669792
-1.4145355
-0.7504997
-1.5074997
-1.3757477
-0.9500122
-0.9770813
-0.9586792
-0.40759277
-0.8171005
-0.8909645
-0.27890396
0.20254135
-0.8557892
-1.125412
-0.546608
-1.1799774
-1.4532356
-1.0259628
-1.2471161
-0.7508583
-0.5416527
-1.301918
-0.686676
0.19543457
-0.19827652
-0.13150406
-0.59246826
-0.2710495
-0.5784378
-0.5600586
-1.2625351
-0.75063324
-0.30636597
0.16662598
-0.5261345
-0.63859177
-1.0301056
-0.6059799
-1.230896
-0.23747635
-0.5032921
-0.6845474
-1.1889153
-0.7713051
0.4461174
-0.08188248
-1.4132042
-0.7587166
-0.3999138
-1.2083893
-1.2053108
-0.5678978
-0.8975868
-0.32666016
-1.4358482
-0.18660736
-0.6382828
-0.7095375
-0.5516968
-0.7607002
-0.81925964
-0.5190735
-1.4402847
-1.388916
-1.8345146
-1.2365799
-0.23944092
-0.7949219
-0.45500946
-0.61367035
0.6106758
-0.30704498
0.047855377
0.16815186
0.7515526
-0.0443573
0.1528244
-0.49915695
-0.65545654
-0.8369293
-1.3949547
-0.9669838
-1.3959885
-1.7346077
-1.5085869
-0.89984894
-0.65984344
-0.5842438
-1.0219345
-1.4976349
-0.33664703
-0.22621536
-0.54520035
-0.15730286
-0.015327454
-0.41396713
-0.35121155
-0.46961212
-0.30518723
-0.85177994
-1.1203804
-1.0855103
-0.41199493
-0.9698181
-0.61748123
-0.42375946
-1.2790604
-0.31615067
-0.8202019
-0.9639816
-1.2384949
-1.0728683
-1.0204124
-0.07173538
-0.35012436
0.11237335
0.46414948
-0.61733246
-0.2572899
0.10437393
-1.2021561
-0.3305893
-0.30459976
-0.53489685
-0.21333313
-0.705616
-1.1895447
-1.8334618
-0.82123184
-1.2646523
-1.3282928
-1.8000641
-1.0310974
-0.83000946
-0.03718567
-0.71596146
-0.680851
-0.942585
-0.43810654
0.43179703
0.48400116
0.1365776
0.23357773
0.98236084
0.54756546
-0.73062515
-0.918602
-0.7259941
-1.2530708
-0.19650269
-0.25958252
-0.5148964
-2.0703964
-0.8474426
-0.85931396
-1.0972137
-1.5640221
-0.63581467
-1.1152611
-0.33229828
-0.15452957
-0.689064
-1.1415062
-0.5807724
-0.038921356
0.14498901
-0.28905487
-0.54608536
-0.38363647
-0.19706345
-0.3699379
-0.33317184
-0.83148575
0.2521057
-0.46935272
-0.5635338
-1.0164185
-0.8878479
-0.19502258
-0.6019058
-0.8806534
-0.62519836
-0.476696
-0.26773834
-0.03672409
0.09854126
0.20337677
0.34862137
0.7869034
-0.4612999
0.26836777
-0.58034897
-0.82097626
-0.62052155
0.5759926
-0.6504898
-1.8116646
-0.8835373
-1.5943527
-2.2883224
-1.5817108
-0.84396744
-1.456295
-0.7556076
-1.1744995
-0.31330872
-0.848835
0.11755371
0.15309525
0.5495262
0.5738983
0.9404106
-0.5017395
0.13491058
-0.14323044
-0.26823807
0.051513672
-0.6654358
-1.3256721
-1.4107971
-1.274086
-0.57577896
-0.52173615
-0.053829193
-0.22234344
0.6156769
0.18922806
0.699173
-0.26590347
0.42271805
0.4499092
-0.63882065
-0.5197525
-0.6874924
-0.7582588
-1.3868828
-0.8882942
-1.1598282
-0.69268036
0.49325562
-0.49217987
-0.7581215
-1.4050102
-0.19236374
-0.59515
-0.52201843
-1.1340027
-0.3690567
-1.1477585
-0.8411522
-0.8980522
-1.3329811
-0.6211815
-1.00103
-0.66225433
-0.25357437
-0.13583374
0.83857346
-0.2594719
-0.2596817
-0.10251236
0.44775772
0.57035446
0.3523636
-0.14585114
-0.07229614
-0.20829391
-1.5052605
-0.39211655
-0.72343826
-0.5912285
-0.97514343
-0.79826736
-0.36035538
-0.92282486
-1.2207375
-0.35902405
0.23190689
-0.44903564
-0.63573074
-0.9525528
-0.6177788
-0.47320938
-0.88603973
-0.15375519
-0.23815155
-1.477356
-1.0435448
0.5056381
-0.39021683
0.55008316
0.053459167
-0.11058426
-0.20820236
-0.42358398
-1.0388603
-1.4774818
-0.12964249
-0.6630211
-0.43627167
-0.23975754
-0.8127823
-0.42323685
0.18097687
-1.1810989
-0.24553299
0.75948334
0.19136429
-0.0871315
0.08192444
-0.26436615
-0.0052108765
-0.9813576
0.13251114
0.1940918
-1.7802696
-0.68156815
-1.4301758
-0.32377243
-0.19491196
-1.2824821
-1.2194214
-1.0072861
-0.8520317
-0.63515854
0.2948494
-0.17020416
0.859848
-0.07862854
-0.4834175
0.06116867
1.0187225
0.3726921
0.5234909
-1.052639
-0.59300995
-0.4795456
-0.72400665
-0.3799057
-0.9949074
-0.26125336
-0.8831444
-0.23880005
-1.3259506
0.0024108887
-1.1181297
-0.28014755
-0.78129196
-0.20051193
-0.39299393
-0.8789215
-0.29550934
-0.15660095
0.058055878
-0.5423622
0.24142456
-0.28174973
-0.50572205
0.24401093
0.5660782
0.5782814
-0.21585083
-0.42785645
-0.15235138
0.45137024
0.01914215
-0.903389
-1.1570702
-0.9550972
-1.0847168
-0.48387146
-1.3791771
-0.4896164
-0.17388535
-0.3781433
-0.23542404
0.16530609
0.30156326
-0.29013062
-0.22734833
-0.13724518
0.65371704
-0.42036438
-0.15102386
-0.5489807
-1.1303024
-1.1386604
-0.669178
-0.5077286
-0.6395416
-1.1197128
-0.9234009
0.10848999
-0.33106995
0.5081482
0.06427002
0.4222107
-0.047504425
0.9868698
-0.74570084
-0.5674324
-0.86018753
-1.7399788
-0.86793137
-1.3000336
-0.718441
-0.631588
-1.0132904
0.036392212
0.31772232
0.23378754
0.29030228
0.30292892
-0.15823746
1.1078911
0.05657196
0.51620483
0.021903992
-1.0233002
-0.060626984
0.286335
-0.78723145
0.78606796
-1.1028214
-0.9438782
-0.6810646
-1.5019417
-0.91418076
-1.0495453
0.33237457
-0.79986954
-0.7963791
0.66687775
-0.31693268
-0.26783752
-0.29224014
-0.09178543
0.655571
0.15200043
0.26200867
0.2809906
0.87841034
0.22579956
0.7581177
-0.19549942
-0.8070755
-0.9921112
-1.5317955
-1.274807
-1.2864532
-1.1750259
0.14600372
-0.52693176
0.2392807
-0.5999031
-0.8273163
0.16722488
-0.2973709
-0.009544373
0.60082626
0.6582756
0.6572609
-0.102054596
-0.20162201
0.19794846
0.4019699
-0.17484665
-0.2130394
-0.6092453
-2.0346947
-1.1348991
-1.4900208
-0.94026184
-0.3014946
-0.5575485
0.25896454
0.83716965
-0.6171875
-0.082675934
-0.3380661
0.47584534
0.19939041
0.7064934
-0.20238495
-0.043834686
-0.34758377
-0.6970482
-0.59124374
-0.6630287
-0.55397034
-1.1463661
-0.8971863
-1.1638107
-0.2608757
-1.3021584
0.5131798
0.47288132
0.11571121
-0.44487
0.8559723
-0.39472198
1.0320549
-0.54896927
0.40244293
0.046337128
-0.11802673
0.41820526
-0.34724808
0.40973282
0.7725258
-0.25922012
-0.7837486
-0.13748169
-0.02450943
-0.7564125
-0.95648575
-0.3642273
-0.4975052
0.023181915
-0.31933975
0.25917816
-0.057201385
-0.8188286
-1.0574493
-0.3851471
-1.0515556
-0.101257324
-0.43252945
-0.54937744
-0.5027733
-0.1821785
0.18293
-0.055496216
-0.108753204
0.38001633
-0.0053482056
-0.22503662
0.3481102
-0.60946655
0.1404686
-0.22676086
1.0070992
0.4721985
-0.4827881
0.16154099
-0.8845978
-1.5302963
-0.6077614
-0.8302231
-1.2539825
-1.813797
-1.4570045
-1.1097221
0.6471138
0.18817902
0.40854645
0.43139267
0.49136353
0.99565506
0.28793335
-0.2451973
-0.23680496
0.011814117
-0.55146027
0.19340515
-0.7994003
0.07682037
0.46453857
-1.1214561
-0.79450226
-1.3245201
-0.6965256
-0.44245148
0.59051514
-0.19618607
0.049808502
0.63908005
-0.16184616
0.037597656
-0.23093414
-1.2853127
0.0006980896
-0.18461609
-0.43173218
-0.24598312
-0.12099838
-0.9568062
-1.1295128
-0.05971527
-0.22186661
0.33511353
-0.18706512
-0.7566185
-0.7095375
-0.54299164
-0.36442566
1.1161194
0.6630707
-0.30543518
0.6285629
-0.056446075
-0.42878723
-0.11545563
-0.28060532
-0.00818634
-0.6738281
-1.2098465
0.3316307
0.016002655
-0.7186127
-0.7773361
-0.012886047
0.53334427
0.08182907
-0.37062073
0.29110718
-0.23373413
0.84446716
0.18703079
0.41140747
1.2265816
0.15351868
-0.6418457
0.30933
-0.961853
-1.538311
-0.6284523
-0.23665619
-1.4595985
-1.0017815
-0.90291595
0.33846283
0.77711487
-0.18992615
0.36154556
0.99972916
1.4970284
-0.23608017
0.0026893616
-0.17669678
-0.71380615
-0.33412552
-0.9477043
-0.8045044
-1.1750793
-1.376812
-0.21992874
-0.2339325
0.76478195
0.015499115
-0.30194092
0.09299469
-0.09411621
1.1351624
0.047878265
-0.32785416
-0.50040436
0.07640457
-0.11002731
0.28955078
-0.6540413
-0.30161285
-0.5277672
-0.41066742
1.0770149
-0.8027344
0.6958504
0.2739792
-0.98952866
-0.48740005
0.5166664
0.41989517
-1.195198
-0.4567299
0.03219223
0.26558685
-0.29740906
0.6370163
0.055252075
0.3144722
0.040000916
0.8783417
0.20442963
-0.5319443
0.0058517456
0.4849968
-0.029914856
1.0821762
0.3680191
-0.31610107
0.071243286
-0.5213814
-0.9988594
-1.4789886
-1.0563011
-0.98915863
-0.77355194
-0.15793228
0.11182022
0.18984985
0.7824936
1.342247
0.96962357
-0.36270523
-0.93143463
-1.1287117
-0.29219055
-1.1978416
-1.1881104
-1.3665962
-0.33277512
-1.6307945
1.1830215
0.80142975
0.05247116
-0.02596283
1.2252693
0.34352112
0.47531128
0.2673111
1.1802063
0.42556
0.33690643
1.2574234
0.94229126
0.9394226
0.78831863
-1.1878967
-1.4846306
-0.47433853
-1.9085159
-1.4473572
-0.28472137
-1.0003433
-0.064071655
-0.7389946
-0.7695122
-0.20178986
-0.14400864
0.30583954
0.5898819
0.66439056
1.4002266
0.9041252
1.1257744
-0.8499489
-0.6600113
-0.24483109
-1.0292511
1.3165054
-1.2682114
-0.27705765
0.66495514
-0.51869965
-1.3645058
0.60121155
-0.94164276
-1.5085869
-0.63209534
-0.35794067
-0.028114319
-0.50878143
0.4441986
0.96619797
-0.06570053
0.0315094
1.122612
0.32857513
0.29122543
0.44198608
1.8258057
1.6574707
-0.7052765
0.45770264
0.11828613
-1.6160774
-0.026500702
-0.8918991
-2.0806656
-1.3708191
0.30076218
-0.9531975
1.159977
-0.22880936
0.39705658
-0.4293213
1.0108833
-0.7078781
0.9637604
0.50569916
-1.296051
0.33674622
-1.6540756
0.69389343
-0.037376404
-0.039245605
1.2270508
2.5880852
-0.46989822
0.15603638
0.64688873
-0.32536316
0.22934723
0.15409851
-0.17337799
-0.11886597
1.6547928
-0.32791138
1.8501205
-0.938282
-1.3243713
0.57356644
-0.72963715
-1.3716087
-0.08311081
-0.6362343
-1.1551132
2.8062859
0.13511658
-0.07198334
0.40340805
-0.6923599
-1.0872803
-1.0548973
0.0049057007
-0.85252
0.8391075
2.394493
1.5328751
-0.15986633
0.8980408
0.20977783
-0.2808838
2.2742653
1.457428
-3.061924
-1.7569313
-2.6319122
-1.5385246
-1.3648949
0.14971924
0.5094681
0.90499496
1.2466812
1.8394127
1.4822884
1.878006
1.0341263
1.7142448
1.0803871
0.4965973
0.27071762
-1.1262589
-1.2949562
-1.5316124
-2.345253
-2.2125702
-0.10044861
-2.568779
0.46401596
-1.3554459
0.7585678
2.254902
2.2405243
0.66487503
2.7355804
-0.9782028
2.407917
0.036132812
0.7527313
-0.7299309
-1.3863983
-3.147808
-2.171791
1.2048454
0.64320755
0.6447754
0.8453064
1.1049156
-0.9556198
0.12937164
-0.25429916
-1.0040665
0.13749695
0.80168533
-1.8675499
-0.55688477
0.07709503
1.8321724
-2.0070915
1.1519547
2.6261597
-0.5051575
-0.4048462
-1.2179413
-0.4932747
-0.1429367
-0.047576904
2.788681
-0.061275482
4.0640945
2.0123825
-1.8702202
0.88988113
0.75613403
-1.2656975
-3.736843
0.797596
-0.92692184
1.6795349
1.1546059
-0.83511734
0.71570206
0.6488571
1.4933624
-0.7004738
-0.9933014
0.17028809
0.7733383
1.0844002
-0.38007736
1.4615059
-0.30153656
-0.7572212
0.21065903
2.1128807
-1.2772598
1.124752
-1.4585991
-0.020599365
-0.5427933
-1.931839
-2.3368378
0.19615173
2.052517
0.59413147
5.5361633
1.8275795
2.9754333
-0.17754745
-1.7248535
0.5126686
-0.6411209
-1.2058487
-1.0880852
-0.8594589
0.21878052
1.6995811
1.5855751
-2.3946075
0.3293686
-0.020702362
2.293827
0.5926666
-1.2159538
0.04247284
-0.014560699
-0.5379181
1.203865
-2.7558632
0.63710785
-1.0104637
0.4148178
0.60482407
1.6542625
-0.6477661
1.8834267
1.3312912
0.29685974
-0.07938385
-1.2597275
-0.6672859
-0.8923569
0.13576126
-0.48779297
-1.8569069
2.5270233
2.4920464
3.4886093
0.44791412
0.71360016
1.0939445
-2.6330528
-0.087444305
-0.7379761
4.081806
0.8070183
1.5972519
0.54400635
-0.8327904
-0.23168182
-0.4631729
-0.19886398
0.019096375
3.20364
2.3928108
3.6858025
-3.0493393
-3.2279968
0.8561058
-0.53956604
-2.1957092
-1.2136536
-3.084568
-0.14533615
3.6385689
-0.12306595
-0.22634125
0.99193573
-1.8031921
6.64637
5.3498726
0.83055115
1.7295685
-1.7879372
1.2302475
2.2509155
0.3828125
1.0510864
0.6586189
-1.3278542
-3.7879524
-0.12557602
-5.2837296
0.19726562
1.7721176
-0.903965
0.44419098
0.56469727
3.1928062
-0.086177826
3.4530258
2.5443535
4.8242455
1.5538712
-1.3115501
-1.9660721
-2.595829
-1.4444389
-2.5004196
-4.034115
4.927849
0.42191696
5.4309883
-0.57386017
1.7242317
-1.7254486
3.6307983
0.5879402
5.341934
-0.93270874
-2.2724876
-0.5814781
-2.9344177
0.17790222
-1.876606
3.4264603
1.2702637
1.9864655
-0.61021805
2.5190277
2.6203232
1.5107689
5.198887
0.42507553
0.41955185
-0.34023666
1.0991974
5.3402405
-1.0323372
-3.3232536
-0.9611397
3.9067345
5.507347
-0.025421143
3.1887894
-6.1110306
0.13755798
2.0146446
-3.7568436
-2.952034
-1.5581474
1.287754
3.3662949
0.83203125
1.3183403
-4.484104
1.653698
8.6838875
-0.63391113
6.5652466
1.1571693
2.4500427
9.65691
5.2302475
-0.77137756
-3.9591217
5.229431
0.006969452
2.0115776
4.448406
-1.699501
-2.873848
-9.419727
-1.8054276
-3.87109
-6.0670776
-0.91360474
-9.473728
-2.7051468
-1.8258896
5.1203957
-1.9975204
6.8302917
0.9066391
7.191845
11.1045685
18.400734
5.6684
5.815132
1.7408409
3.6033745
-7.8681755
-5.529724
-2.9860687
-1.1421165
-6.4684296
-7.08844
-1.8443947
0.25675583
4.9169273
0.8812523
5.372669
7.801941
-2.6905708
4.02285
9.452446
8.633411
4.1223526
6.458908
5.943779
7.8498344
-2.1881104
7.417122
-3.8419266
-0.06623459
0.92377853
-3.4010162
-5.98394
1.6348763
14.64035
5.319248
9.818504
0.49781036
-8.112625
-1.0504646
-8.654427
-1.6805954
-5.5431747
4.18153
2.3219223
2.005539
1.835926
-0.27280426
3.085125
19.929382
-3.1165276
1.9442673
6.1524277
0.358181
2.7271614
8.340744
0.9455414
4.3180313
-2.2271385
-7.2101097
-6.830986
-1.1337509
2.1648445
-7.1955376
11.186104
12.117554
-0.7695427
4.125454
-4.3479385
7.6490936
7.7538834
2.919323
-2.867035
-0.06577301
-3.9930649
3.0073586
-5.2996902
-6.7055283
6.214073
3.2276993
1.9921684
-4.2090073
-0.3722
-5.628807
5.4543915
5.447403
1.9702301
15.077755
5.686226
6.341156
2.5954437
-2.9828644
-4.927803
3.8851128
-2.557598
-0.48600388
1.6407013
1.6220016
1.1391716
-7.0276833
6.5746765
13.497498
1.1358109
-3.4850159
11.136589
-3.416565
17.385593
20.150116
-8.682106
7.03714
-3.281395
26.479618
6.882904
-2.4166336
0.8741913
-10.826485
-2.8902206
-13.378071
-10.720673
3.1649094
-4.5501175
0.8708687
1.0022659
11.02383
22.788963
0.47732162
-0.4928131
4.2725906
1.6155815
-3.0011024
6.724205
3.9309845
-1.770462
4.585121
6.963089
0.41658783
-6.8721123
-11.068535
-9.131474
10.568283
7.4491158
10.278515
19.054916
18.523712
10.1662445
-2.8646088
-1.365982
-1.4549904
-5.7141457
0.38355255
-4.8357773
7.5492744
21.396671
-4.9415855
5.414997
10.526333
13.402927
26.620216
-2.5169945
3.5291328
1.4734573
-6.2741585
-9.290741
25.254524
3.9401436
16.87769
-10.993584
-2.4864655
9.7332115
4.9209785
17.503471
9.711746
4.152584
-0.12427902
-2.3993073
31.264233
14.050095
-15.077507
-18.711185
-24.093338
-9.542618
2.4991608
0.630558
11.853569
-0.88895416
22.069996
1.6910629
6.670635
-3.1944275
19.565933
7.5232506
1.4501038
17.946335
13.5554695
-6.929428
10.557087
28.525368
-2.3529549
6.4228096
-6.4338226
-10.889626
-6.1834297
-10.147007
2.9897041
2.771675
31.840881
1.0208435
2.5311127
8.517864
3.4299622
2.2874985
28.270912
2.5179253
0.90346146
-10.121616
-7.8501434
-1.814621
21.658653
-2.5287209
7.4929733
23.98793
8.54118
8.34927
11.747654
-12.02858
-12.907673
-20.853886
-14.683571
-4.9383583
-0.5380974
33.29663
14.89724
31.82494
13.382652
22.278038
4.3316917
24.005047
-1.9096947
-4.167797
-10.111778
13.333458
10.34705
10.707825
-8.275833
-7.1110153
-6.2081757
22.705399
11.268337
5.294319
-17.695332
7.922081
-6.617222
5.3773003
17.477787
28.275608
-3.655136
-11.049652
-16.74487
5.7722015
5.308956
9.300179
11.707207
4.1406746
2.335762
7.2282944
8.533012
22.02119
20.68388
4.4396515
21.668728
5.8216057
-5.2546577
8.692108
31.19828
11.349953
-18.287582
-25.869387
-22.23332
5.6572685
3.5727692
18.225597
18.321442
33.19828
-19.854393
-16.124561
-11.020943
-9.714615
0.6956177
18.838219
28.298523
28.221981
18.170456
-12.219265
-8.697914
-9.818283
5.6908684
41.498756
20.190094
9.785461
15.211319
-3.8982315
-8.456505
-19.308037
14.529881
15.516163
1.6588516
17.011276
23.438095
32.006397
-5.609009
8.182903
-1.6186981
2.4756317
-4.768936
31.201519
27.275028
-10.33894
5.4027557
-8.658176
-11.993893
25.811485
23.188442
64.98739
12.043972
-22.529015
-12.71133
-11.371834
-20.407337
11.204979
14.798885
0.55605316
30.642746
52.13803
26.637508
5.73333
-3.1396942
0.32889557
31.575947
-12.849194
13.477295
17.821205
19.466576
2.3792267
15.322929
-3.5050812
-7.4833527
-10.666548
-1.7878075
15.4963
34.77509
7.971241
17.412598
-17.737595
-8.859261
-1.1750145
-4.963463
18.170841
33.069977
32.209354
11.252991
-3.7943573
15.023727
20.584686
-6.895664
1.3237267
9.941498
9.990974
28.392418
38.214954
-6.303238
-17.110714
18.899788
1.5815239
11.49855
2.9409752
-6.297304
20.89331
70.57002
14.021122
-10.661423
-2.291336
31.369957
36.648613
32.88877
-1.3774643
-28.400383
-46.373024
-28.583206
-13.833183
20.670494
29.599121
19.103569
-2.2514038
-10.315681
-21.317215
-17.54226
-15.479782
-2.445221
16.56211
27.767563
20.369164
7.9407806
-5.2751236
-9.682869
-10.6412735
-20.643608
-3.1161118
30.757133
12.858353
4.9477615
0.06200409
16.735779
8.073063
2.2972755
-4.1977882
3.435646
5.8496933
6.173298
17.570595
-5.5741844
-0.26455307
12.5290985
16.135826
20.288124
1.4356232
21.47305
32.575672
-3.3250885
25.347897
-0.649353
-22.266062
-4.4173203
12.5846405
28.94291
33.142525
29.750526
-9.359062
21.53984
7.703022
13.155479
20.942768
36.761757
46.62908
-6.622635
-24.308659
7.589241
13.045013
-8.085873
4.5384445
1.5914841
-7.1082115
32.204105
20.654053
25.472889
5.292282
34.66841
-4.1914062
0.56944656
10.042255
3.862877
-5.9436607
-2.4303246
35.47831
22.989899
44.381847
0.8457756
-20.3465
-2.4653397
17.72078
1.9310799
20.790718
11.460144
31.011627
42.50794
18.865845
11.561909
29.847862
9.337563
35.212635
-24.062077
56.226913
-0.3499756
-14.679512
29.820747
37.852047
45.74876
11.916317
-19.207375
0.0033874512
0.5137062
42.7358
53.964523
9.35751
-5.490959
-8.615101
20.861435
-19.14289
-16.960712
81.65094
40.38472
37.08127
-14.151962
16.539394
-26.94545
-32.508827
7.4260406
14.072254
52.293148
27.11
55.23318
5.4344673
6.355213
9.235035
1.5547104
14.677315
3.2622223
18.175644
2.4193
4.2555733
21.191376
38.977055
37.368973
29.945683
2.01408
12.144779
-19.755936
-1.1305428
15.522163
37.292835
44.655495
20.481895
-14.747913
16.37344
-3.2311783
52.399696
37.516823
31.469116
-28.72762
-42.843704
-1.515625
50.57196
15.713875
37.240555
36.759422
32.646534
26.685143
-15.27615
-4.2598114
34.352646
22.852062
49.30786
51.53958
33.208015
17.471066
-23.444904
1.479866
-38.79992
-7.904499
2.6162949
55.699135
73.73231
39.231674
15.402443
22.674362
10.125343
13.861458
10.890667
25.160263
48.45385
14.760086
19.614494
-17.940163
-25.279938
-20.24984
43.370407
55.833153
35.609276
-19.923473
7.0280685
15.032875
-7.304138
28.93451
37.571568
44.131516
62.01732
-12.567383
-28.121971
-3.155754
-11.5453415
48.374706
30.533878
1.5911713
12.708488
6.203251
11.767456
22.954475
45.61466
72.26683
8.107349
24.367916
-12.277084
-61.15628
-19.102333
-19.960491
8.920639
41.902027
49.737038
65.985214
79.358986
-2.297943
-1.6471405
-38.74447
-25.115807
26.286396
43.391186
78.91123
35.97916
-5.8553925
-19.810383
8.683979
12.360363
2.9647102
41.26322
44.330242
37.474083
52.646034
45.44886
-2.5873756
-27.373882
24.621193
-15.454128
-5.9724655
16.358147
21.7487
89.11663
52.83989
26.788784
17.34269
-17.028488
-15.89164
8.594349
21.931358
21.988602
24.894024
47.596527
-5.5907364
47.101135
21.224602
38.284485
5.1540375
3.378296
-11.34927
-3.213314
59.35968
40.842163
23.55724
52.36322
43.2394
21.307323
7.71492
31.283195
7.4682198
9.485447
10.476933
-10.261116
56.407402
32.275146
40.49307
22.218227
-33.25546
-1.5345001
7.1450615
7.8255653
32.82025
102.35036
47.7673
29.278248
-6.5075493
6.2965317
7.415985
-11.309063
80.13774
58.658546
33.04425
3.9118042
2.5779839
17.932884
-14.314133
-33.373833
33.18994
74.36149
48.11283
24.161953
-23.505413
3.4285774
-4.095356
-10.434929
1.9516296
26.246632
50.283455
21.304058
74.85933
47.301453
-3.235157
-8.449017
12.034943
-31.388447
3.2855453
42.10944
40.944176
25.227013
23.6958
13.496288
22.253815
28.17168
20.049236
7.054737
32.9127
5.56654
10.118618
36.538143
3.6821442
34.574535
48.651512
-5.163334
18.746468
56.71077
-1.5553665
8.56102
-9.781647
27.427696
-21.83371
39.897743
97.7551
27.859005
25.616043
34.36486
19.118229
-7.671852
-30.85536
-9.530527
7.5090885
49.346058
67.21526
64.60507
39.29721
9.591949
-3.282215
-48.405758
-8.133537
4.603451
55.61817
25.705547
43.375313
39.829765
3.9013557
-0.73867035
18.103474
24.151321
59.72356
37.616074
-1.3556938
6.789913
12.757969
7.2437134
16.620312
60.571144
73.10713
35.24112
3.4984741
-28.984991
-26.965054
18.92921
74.65211
40.515854
75.849815
11.508118
29.599548
14.832146
-11.081034
-2.8401108
-16.335114
1.4772568
29.721962
49.902668
-1.8789902
41.320454
52.47053
49.552383
20.729057
9.584694
1.1821632
6.203621
-1.6274261
1.5928955
29.618675
24.985699
55.315037
54.460876
33.26723
26.531551
-33.47696
11.664078
11.374989
-14.369047
2.9999752
36.938515
59.78573
54.865562
56.43777
38.55093
1.9319305
-5.035988
-17.512585
-5.093464
-38.134903
52.602722
94.29048
39.90063
24.382332
34.137947
1.6095352
12.472713
3.9837456
4.6283264
7.4272423
-29.386707
41.468277
37.28125
57.160297
63.72546
42.614464
38.73997
7.53199
10.261715
-54.24482
-13.169136
0.9918022
27.889523
58.994175
59.849678
47.279205
30.461662
5.390217
7.3745117
54.985428
8.708736
43.46468
10.234848
-2.7787495
-22.833755
-6.0279236
-7.151325
21.757027
50.395676
74.9368
39.55287
62.07924
72.83089
-2.0045586
12.192608
-5.142891
-21.381958
23.561005
54.35712
42.758858
33.25641
14.742233
63.1817
31.927807
-19.571983
-9.642128
-9.407661
23.878986
43.955612
61.779385
55.7753
46.54766
22.567165
0.7421799
-3.5565033
3.2048874
14.581966
28.924458
10.52301
40.876266
38.310646
39.30379
-1.3783798
28.110344
-3.2645397
31.458088
40.751457
55.502876
19.175224
-4.442356
13.374516
-4.861862
18.171028
39.929344
35.782654
35.593983
71.779144
12.315613
46.314224
36.117886
-18.510302
6.7835464
23.599346
61.973618
33.6625
-3.1014175
51.85974
24.70031
30.670776
66.12268
22.26434
-18.777512
-17.081377
7.377964
36.69016
44.64972
39.878048
65.284065
47.95702
40.956318
-16.58065
-37.327614
-8.892759
6.3582764
30.567253
43.258385
34.050686
84.63059
49.543446
62.509468
6.8565598
-7.006212
-2.7926826
6.494259
-17.553207
48.540146
47.53962
57.84354
16.4454
42.774605
44.49118
13.917908
15.15345
5.316803
-18.344154
31.740532
32.08296
58.78827
25.95456
8.71204
46.73083
7.5034447
40.12552
21.983627
9.602943
34.704746
23.049927
40.43597
49.750957
17.80606
7.545414
-9.803467
4.705673
3.3960075
14.434483
-6.2013206
83.81893
29.28709
62.522827
43.856895
-26.179197
19.536652
2.3007812
44.143982
2.5234528
31.09525
50.358162
25.710247
30.405792
29.836338
-9.994335
11.646431
6.1182213
7.0297775
44.336
16.907143
39.07448
7.562332
32.76913
39.084045
15.207878
13.014687
3.7710762
-7.0172176
32.579185
0.013435364
65.78218
49.9554
79.89999
-5.656494
-9.863283
-2.129959
-20.88397
38.7172
83.269
45.315956
5.745987
-12.88409
14.348446
-7.925377
-5.5134945
5.1990013
52.37786
50.43293
50.82639
13.029579
4.658806
8.504002
9.520611
25.897312
59.584656
41.591793
-1.1724739
9.83971
33.132973
18.684422
57.356964
62.76718
37.866013
30.208553
5.2727776
58.721992
18.441223
29.303955
1.1732407
1.1239548
36.77702
47.024967
63.771484
51.881454
56.43055
27.829372
-6.0864716
7.9654846
17.42173
25.560371
56.28781
49.90847
68.108955
55.57518
45.837425
8.5289345
-10.025307
3.8250732
0.8539963
65.84844
32.63072
21.835201
41.564476
75.38995
59.472794
12.966507
31.195229
22.358582
0.8573532
14.651012
25.84042
26.376717
2.6936646
-7.809353
49.296814
29.253723
76.70673
37.54406
48.210968
31.346775
47.892826
37.667107
-18.682678
-46.92663
2.1062088
7.3937836
43.699783
119.492615
56.667557
0.28785324
2.136383
-0.014099121
10.978893
45.296913
76.10377
23.66158
40.17996
-1.6163368
7.8786793
22.797201
6.8266926
37.002235
65.77832
-31.76121
3.0188274
39.442616
15.219736
41.691093
62.041466
46.365376
3.2026405
-7.8003006
-11.956854
-12.163931
41.317177
20.6517
54.219933
39.556477
67.218956
44.53544
34.583717
34.55307
14.84383
-33.747932
6.786234
13.963898
55.182632
32.14543
39.88011
65.797775
57.234043
45.55759
13.259991
10.922386
-17.648724
-1.8859825
19.968132
6.184162
18.829735
53.423477
60.399628
45.874985
69.37677
27.993015
7.436508
-0.21375275
-13.882509
0.26095963
7.721573
19.952637
66.7544
98.753746
74.353424
10.383244
6.9706497
-7.7953224
14.61787
2.7258396
1.5729389
-1.8106861
21.751984
48.066353
96.68895
45.767693
55.997875
17.27565
-20.641994
11.959583
9.34536
10.983753
60.858467
67.38007
48.669655
44.26198
-13.958363
-13.315418
-7.2092896
13.715088
10.912018
70.12075
65.833244
41.027496
43.23203
32.119064
32.449688
18.80885
21.19386
-15.872135
37.820885
-24.370905
9.944029
16.474915
37.30812
48.68113
75.67554
28.365906
23.16333
9.272404
15.305679
37.913868
-24.298283
17.534729
22.254833
37.655136
22.505756
113.663216
56.18639
20.716167
43.85965
2.296566
13.184067
16.7845
10.448704
35.816998
53.935196
108.56534
39.715286
41.362103
-8.626583
-5.9346733
-46.523827
16.805244
15.523865
72.59308
72.67314
102.466965
74.959595
13.932865
10.432465
-6.3757267
-16.325132
-14.22154
-4.5442066
-1.6045227
53.393456
64.0874
50.453697
6.2905617
-18.369812
-10.366882
6.0241623
-15.86664
6.6452866
35.95076
47.148624
36.823174
65.084724
64.62618
64.99957
3.326851
39.559395
15.672817
38.875977
42.544003
10.289322
19.380955
-1.3287163
9.232199
13.210815
-7.9844913
37.410847
40.339905
92.86046
71.34723
20.98994
20.76756
2.3229752
10.2277565
-4.872364
58.625835
55.731438
68.91177
56.30062
17.085129
29.533981
3.0153885
-6.4078445
-43.013573
8.596596
30.10004
33.442406
55.988247
73.609604
53.79571
93.67336
31.074379
20.969559
-24.19871
-24.075512
-38.086132
55.812897
57.55377
43.31902
55.66459
49.552353
-5.1750793
15.523434
-32.996384
42.893394
34.012543
17.22282
10.3169
51.951763
58.077003
36.73662
64.22766
8.800995
-11.176668
-18.336723
19.986599
51.530098
1.3905373
31.76036
50.70365
55.111412
1.7782059
8.66296
47.6914
60.6204
4.7126694
43.596233
13.173176
16.421104
-3.196579
18.745789
24.058601
38.20642
32.35281
21.280869
24.885834
43.52308
33.58417
38.7889
34.730274
36.56482
51.04961
60.174812
-17.85366
-24.526047
40.946495
-16.3708
52.047413
58.267975
90.48717
66.789696
3.8074493
19.32595
40.531715
15.775845
4.2067413
54.635014
22.877445
51.078804
36.872467
19.754509
19.776558
21.431633
45.851234
49.687653
45.52753
-8.061317
28.557755
23.333664
20.288307
34.888504
24.820206
87.153
14.067646
42.503513
37.423733
38.80265
42.96652
25.948044
40.256126
-25.7463
-29.352272
2.715767
37.18077
94.901955
15.342346
23.646004
45.66816
1.8176994
23.767971
7.376278
126.12035
65.65829
33.788105
58.300514
-31.361164
-30.33285
-3.524704
-1.4926414
9.960007
22.42783
38.39449
62.534744
88.74465
54.373146
28.1064
23.932
29.578827
-7.0023174
-3.8592854
-21.035215
38.658405
47.86474
48.287777
45.12378
3.8527946
17.495079
32.009968
26.970503
16.629503
15.851913
53.70689
49.928066
44.551373
6.012371
41.85608
22.967422
20.665571
25.829964
40.17133
12.887672
-5.2863464
32.392883
76.47471
81.27341
33.952133
41.385582
27.095177
45.03136
12.258705
-4.005211
25.932861
31.036816
20.542221
69.757195
38.9477
33.34027
16.89209
23.3894
27.846169
43.58284
45.212376
36.110687
30.9702
-12.536476
1.8352356
51.767197
32.214325
16.340668
38.01669
71.10505
15.903336
55.813007
78.82042
-12.766476
-3.8365402
5.6265335
23.859676
47.84307
89.19004
23.576511
28.612381
27.077385
20.655724
28.0313
0.13327408
37.088173
9.308517
43.533882
41.658215
28.655006
28.425358
41.537666
33.412224
67.04064
77.78006
49.904232
6.6708717
-20.603567
10.397167
2.414669
7.348736
59.62094
82.83734
45.49241
56.820747
30.98737
-2.7494125
31.309479
12.302444
22.972656
38.754913
51.33882
83.09318
24.258419
67.59875
10.292904
40.285583
30.084278
-10.269768
51.16327
63.354347
87.34192
71.61719
47.5802
27.791382
-15.8582
-13.110205
1.9505959
37.664783
54.94605
40.644608
52.464676
26.696312
1.1699028
43.144264
-0.7749634
73.66882
33.01831
41.724674
31.869091
12.510536
38.860565
22.269081
37.50904
27.069065
33.719738
71.114395
1.090622
-4.959736
33.47239
33.71106
45.797718
15.07642
87.7874
53.404587
68.132866
38.83525
-51.46124
-52.11314
-6.125328
2.9167557
27.12146
35.736862
75.78525
60.135834
33.949516
25.854565
22.876442
33.607582
36.947025
33.587906
26.57148
-25.502245
11.3162155
34.830956
14.056702
57.479046
58.049587
63.126244
29.204903
4.0576973
21.743519
25.617176
50.72279
2.6370583
40.61562
62.999874
68.42648
50.5457
15.432053
17.946331
39.872124
19.598003
24.356293
10.277138
24.884369
41.974
15.136154
56.69847
39.541927
31.022015
64.43613
53.818806
-1.5210838
63.06679
31.389854
31.23066
16.836346
22.076828
52.62433
32.47775
72.52724
23.507362
71.18753
80.04949
56.68125
-22.977993
20.733421
-9.322128
49.721085
65.37068
61.800564
17.142014
33.36321
13.258942
9.303738
18.10004
56.470417
53.344444
45.55475
40.04781
42.99787
-16.051888
31.440125
43.901302
16.380264
49.583908
23.925358
44.141876
20.098007
6.7970657
35.61308
56.743496
54.592693
-4.6140213
3.7644196
28.460312
51.345108
75.671684
58.740925
27.259857
-9.951778
34.709465
-22.780842
22.920403
31.769325
45.593353
23.926826
24.606667
30.77808
40.644978
56.612507
37.24885
60.503895
-3.4517288
38.13295
23.448036
56.0796
29.631153
10.612942
31.608028
47.589386
45.76879
61.352234
20.620327
64.933105
54.31572
45.962414
8.641144
-0.23295975
15.593018
44.105656
37.183853
47.749462
64.16765
79.87455
48.867085
-25.358902
-23.832352
6.4921837
36.28052
82.76383
64.25352
58.487324
8.972519
42.966717
26.476604
10.919662
25.633339
-3.47715
12.525173
73.37449
38.519512
64.56802
82.81175
36.253098
22.733047
13.061478
9.226742
25.77113
5.2764816
24.359837
15.412094
56.755924
71.011154
41.311455
29.058704
15.170559
32.800465
46.83518
16.690472
52.963867
34.07159
20.329441
35.114727
61.004635
68.67346
63.58616
11.099495
-14.924149
29.838474
23.433334
41.859077
65.059006
64.22398
7.9518776
13.969227
24.687462
20.725872
19.629948
50.086258
91.661545
46.24578
1.3828583
-12.262852
20.589073
17.136772
61.384506
46.479443
46.61755
51.908714
13.579113
3.850544
43.94218
65.77263
86.45132
6.105583
39.431145
56.029602
-26.562817
-8.727554
-18.91518
6.326874
50.949852
47.582794
89.721794
54.676514
34.635334
59.251205
52.788887
6.367222
1.1121902
30.45176
8.984013
36.21814
46.487797
47.777557
28.804962
27.511883
36.0994
84.10097
40.52131
99.23623
26.090057
10.130981
-14.579128
4.8369713
13.206596
53.946373
57.13929
50.461903
48.788902
54.021812
58.15292
34.80828
21.512947
37.36483
13.632271
10.546719
11.776382
33.62496
50.003925
60.111603
63.28265
57.307316
37.7628
31.419136
-13.230038
40.812572
-7.5281067
28.255474
50.96891
51.53398
35.028404
37.740288
61.48411
50.708496
70.09267
11.579422
11.227898
14.653984
-0.0012512207
25.375336
89.156845
35.70461
29.95789
51.339203
57.604206
27.47799
28.306396
65.19902
49.255165
-14.515053
7.952381
-26.01331
44.559723
28.73201
28.59745
62.515182
98.87902
51.177147
45.62033
23.107552
10.664211
20.486488
20.488026
3.6195793
30.667984
35.58231
63.292595
45.2741
28.855423
75.13464
30.439713
28.43639
15.036667
17.864822
18.986855
8.841209
27.705421
42.96018
53.52199
48.850433
95.64448
56.729332
53.116314
65.59724
3.7011604
19.18504
35.516914
45.74603
-1.9915199
49.530464
42.568687
45.906364
66.56123
53.321056
53.01877
33.03159
-12.277939
-19.79287
-2.7728195
45.212036
54.136566
60.87131
48.560837
56.146187
16.663925
12.6846695
-20.663925
17.849018
10.498699
76.74011
73.953026
54.327904
48.968513
19.562927
-2.994667
-23.74802
-4.548893
12.943169
29.483383
54.807823
77.317245
78.92699
83.456375
30.733078
3.6817245
-15.803169
-14.307396
41.16773
61.58093
36.5358
72.432304
51.275784
19.880852
-24.439789
8.761017
19.480625
38.630043
48.173264
48.3609
74.563736
67.96296
47.902676
33.92294
-5.149254
-1.2931862
-0.8410759
2.4281197
25.818024
23.818573
61.433525
53.072674
42.134377
32.16661
56.65228
49.17292
31.68512
25.449184
-8.182079
25.66592
4.6833572
10.282906
4.696434
10.897579
60.133835
55.799614
51.488308
87.71411
15.252113
15.19878
39.68131
30.521149
21.880795
60.441204
52.62539
13.300461
31.204765
45.7378
24.601685
64.378006
22.99984
-6.923088
-14.363792
65.30004
35.65302
53.088078
79.502106
62.22486
52.4736
23.147701
22.51054
0.5950165
17.740196
23.273354
46.22494
48.600307
27.732342
51.55834
64.021805
42.06258
15.096416
-14.093819
21.683437
4.3489876
40.57197
82.54422
91.247856
50.88727
10.967407
11.828915
14.075478
-17.618877
-12.73859
4.069229
47.159134
43.969875
68.87096
25.537624
85.61398
15.768005
29.212227
26.137886
33.211224
40.558434
7.7612457
23.517155
25.346596
37.438705
28.035294
70.74907
76.57484
70.083435
42.291435
32.03007
41.542213
24.66333
22.131165
23.660843
11.1619835
7.919594
29.056095
53.103607
41.734
62.07551
86.7485
60.316566
51.307495
58.470974
49.945663
-6.8449364
22.024536
17.56408
64.193214
55.87114
51.2983
40.1024
37.76304
43.12423
59.64839
63.815254
30.965485
46.408993
0.49913025
19.177044
60.612694
32.819656
26.836563
55.314713
37.121864
56.38987
29.666088
22.38927
-9.127167
29.38153
30.167149
49.91959
57.78428
68.95926
38.442642
33.61091
29.911194
36.43724
41.96672
28.127789
28.640556
11.023209
35.79082
67.256836
42.181313
0.7361603
5.6533813
-7.163986
35.169735
57.28778
33.24318
63.476364
90.15674
56.01407
5.8251076
-38.210342
44.616062
45.20787
45.54663
56.935596
58.653656
35.339592
80.92485
66.378365
27.751
17.240658
4.8870277
13.439835
-5.9401665
24.160332
30.394333
31.866295
52.899345
30.25238
75.67002
75.23161
4.664131
63.942505
46.481464
6.3322067
23.675232
38.738594
-0.7360306
75.1796
28.491013
87.232254
80.87576
46.622017
43.88141
37.941406
33.091946
11.711189
45.77089
4.3005867
49.735878
68.43285
41.508694
44.28337
40.52807
35.705322
63.893776
37.31419
29.020153
53.87613
50.891277
49.37172
47.292194
-30.279331
-22.336311
18.36792
33.553566
73.507034
38.18465
57.021614
59.92449
10.437881
40.5002
10.323345
25.112892
18.301224
24.325237
12.314369
54.557076
37.361282
45.266945
79.82538
34.576736
19.074001
46.3757
22.233833
18.487423
20.886967
4.457653
-17.500824
68.91763
98.06777
78.98985
93.309814
63.52752
28.97482
-13.427986
-58.109505
-0.063591
30.380669
56.17891
36.42414
7.204193
27.179329
-13.519478
24.634102
14.721748
48.219116
40.101143
38.897476
-18.490753
7.3286667
32.337524
63.456333
67.15368
35.58365
23.642998
-3.4614716
-5.0499344
1.7233658
68.81165
76.46579
59.553642
13.08675
32.30867
-7.373211
9.205002
12.002457
64.43912
50.208344
69.03419
50.726902
48.543915
22.298023
49.877052
33.504524
1.9754448
-1.1188393
-30.087887
45.590477
53.268055
71.79131
92.36145
59.694237
13.886631
-1.5836868
2.6067657
-27.741623
53.094193
42.33529
38.913902
41.6286
45.76746
1.6708298
36.56568
27.626663
31.390533
45.737206
30.789574
21.37716
61.898735
38.94953
41.083435
-14.0352745
9.594589
30.539314
68.19118
62.322575
74.49221
56.279366
59.10027
19.536697
1.6050339
40.50475
26.410385
68.29915
32.46682
46.80954
46.853035
49.996597
12.149403
46.1424
44.180252
11.99585
27.503868
46.651493
71.88352
76.973434
13.850998
68.82985
53.21698
31.378601
8.843258
24.628654
60.008858
4.0182877
-0.88996506
56.206894
34.71733
46.565216
52.336975
34.58993
32.046276
4.4169235
28.17897
77.25232
31.577324
43.23597
42.921097
10.784248
33.978493
8.555519
36.292027
50.626717
71.92543
89.623474
56.13831
-8.40477
35.25777
37.62959
16.758957
48.05994
20.930984
28.804848
42.967834
54.30594
34.08509
61.0326
-0.00800705
-6.981182
65.67708
29.158833
58.210144
80.77278
38.904373
53.024082
37.83815
13.633469
31.329872
29.01265
37.15718
48.515903
50.264008
39.47058
63.717216
64.934814
45.482803
-33.931576
-26.872429
-19.050972
55.62182
76.030685
41.885414
91.088
53.04007
64.816025
19.261536
-2.0829163
25.483685
0.85700226
-13.830307
7.7334976
29.266674
64.60793
50.926613
54.243073
89.473785
34.007988
53.68325
19.336765
21.56324
17.661846
-5.7838173
21.001358
34.943962
56.323135
20.57621
32.494957
55.00615
4.780449
33.35724
59.085434
28.218742
11.86911
63.513504
80.19786
40.773453
2.1080322
-6.2422714
41.830753
46.059418
64.96655
41.29659
43.28836
31.60286
63.61454
16.577606
21.582458
22.202656
46.50992
4.6657104
5.0477486
40.804867
73.91487
55.893257
8.299137
54.251514
55.113567
56.245743
22.281746
32.1866
30.307388
-8.170349
64.79855
13.392216
104.21327
79.76228
83.32428
91.30644
25.78543
3.3581924
20.246689
29.389084
15.708298
37.805145
47.108826
30.220985
21.0694
64.18087
59.385056
19.193336
36.07885
35.89535
15.3558235
56.58049
13.5798645
63.235584
52.333237
58.0074
13.639858
40.440193
30.498108
2.7401237
42.483124
42.260693
51.32174
88.01005
52.702652
25.745613
17.189571
11.574413
45.251896
-7.1547394
13.139057
62.20514
64.12657
69.466896
32.30046
35.202667
6.624161
10.324581
7.7071037
13.878361
80.52082
12.702442
59.914642
32.153122
27.011223
59.416718
32.363834
30.207878
0.040039062
9.730385
37.465424
17.908203
63.213028
31.358147
83.69211
77.44835
15.263351
27.964108
11.013641
31.586021
36.08461
23.412064
58.07176
41.45851
66.30401
39.929543
54.368633
30.03672
33.84677
32.873352
46.402256
69.60247
23.969597
42.0598
11.682388
-9.485458
36.26755
73.38232
67.14981
91.40156
43.014355
-14.642876
25.862
16.170296
2.7545319
9.798714
51.595757
66.96314
59.681988
51.35175
17.585907
42.815952
40.840652
5.6001663
-1.1817093
42.634983
26.952621
80.31481
54.041946
54.11384
29.474815
39.341423
30.398499
0.24308014
21.148186
53.115753
42.4779
49.775414
39.94845
66.127716
33.09346
12.247734
-23.896656
46.975525
29.519493
96.008545
38.98506
-4.6189957
-3.923172
13.020126
37.62625
30.459091
8.206825
75.966354
81.5826
78.22502
53.357124
48.343994
9.933281
17.16241
19.34906
22.337494
21.346184
35.528725
20.551582
118.94933
81.88864
49.9767
9.426262
12.161186
44.568962
20.218819
40.333923
-5.5447273
36.897175
64.732475
55.82515
35.656525
41.26165
14.268032
13.208351
2.6701126
12.164707
51.789646
30.485527
63.09117
69.95444
60.581272
11.738998
44.529106
101.13488
45.163647
53.604282
15.942406
17.413586
-16.596783
-34.41665
31.128418
45.607536
92.036514
80.32888
56.27851
40.26264
22.339447
7.731453
21.288475
28.522144
20.321274
11.329384
55.727257
59.697
85.71149
60.51358
0.47985077
-17.85913
-0.56653595
22.461044
94.881775
68.2386
51.902554
44.398006
29.868546
38.485992
45.260384
18.224998
40.265865
-8.657867
24.274986
56.68048
66.050095
96.63015
43.421925
49.541492
49.639194
43.60206
15.946655
48.73411
16.246483
25.907639
21.839893
-8.627098
49.60054
44.025482
56.63809
59.912384
67.85015
40.500935
33.97239
4.227398
-2.3874474
43.80922
34.622555
55.240875
49.3673
35.72529
84.62985
69.05833
12.059509
-5.920742
15.010536
42.060886
57.030014
62.526344
44.3108
47.910603
15.148903
59.82991
27.758553
25.266556
50.550518
21.211105
13.337135
62.243633
22.40004
37.529762
20.356987
43.037895
41.387783
52.21221
51.457226
31.623856
44.54738
46.091805
-22.141518
22.535923
45.832172
91.78419
60.255974
77.73573
37.78914
9.825642
18.78096
25.973808
-25.141285
22.089241
88.130104
97.83183
60.557083
65.43902
62.77289
31.180382
54.487114
11.354855
20.89122
11.142715
16.35897
43.698128
37.214638
67.52527
61.717716
53.48271
39.053024
-23.147514
22.21236
39.860493
55.92003
36.13716
54.623074
49.96627
34.796844
70.1678
39.297836
55.57709
51.865456
18.243706
33.467445
30.893394
30.414196
41.446777
31.750843
45.79328
61.83806
66.968094
-1.0469856
9.957405
26.694107
59.663757
40.082874
12.58942
45.532524
66.401535
42.971302
64.76991
16.803398
70.17761
21.449879
42.536606
54.83041
79.93448
80.55557
75.76541
-22.563194
-34.48363
-27.95317
9.289127
70.56902
40.337948
68.03509
40.41401
70.51937
47.964455
-5.4254
-1.1438446
-8.820389
-5.878105
4.6339874
0.2492714
61.591454
66.236725
50.304657
57.64143
26.344551
35.607464
24.57267
31.4654
41.130432
38.00522
3.2871323
41.707222
2.2409973
54.60592
51.75553
68.25075
50.89582
42.681686
55.29483
24.927505
5.489708
24.35807
66.240585
74.84148
42.949814
42.76712
-8.5755005
79.26654
64.422874
26.345207
33.668304
16.396278
20.925194
67.21816
25.110157
46.843124
51.394485
53.86898
38.95648
50.30159
19.063126
40.029408
30.738495
46.606274
75.04534
60.45586
41.978966
52.342304
28.087456
-5.7356453
72.88196
58.728256
55.693398
77.732666
71.396324
74.34044
14.630135
57.895554
16.55286
32.39366
51.1227
36.01204
3.7780037
29.585445
64.26129
25.043892
63.29671
57.997204
69.50459
22.640724
41.907913
34.194912
55.637825
24.103302
33.223213
56.122093
3.2975998
52.907757
38.694016
30.460007
27.269928
15.949131
57.60188
35.310677
58.197575
64.6593
51.09852
39.395218
27.038025
40.73448
6.086067
12.441837
25.1852
94.914635
83.9922
34.769615
91.21735
36.201797
27.007942
-4.015377
33.79531
14.297691
25.120476
43.389225
36.037888
50.047405
34.43613
64.19042
54.408188
41.03109
2.939125
27.43256
36.7729
34.024284
58.40832
53.362007
37.33799
17.573837
67.090256
49.255314
-2.7819595
47.633778
44.297756
59.849564
65.54957
94.758484
65.80582
8.064308
-16.265694
-24.88182
20.145538
35.49244
8.527336
30.820187
49.942818
39.256634
38.634342
68.986206
48.753826
41.051044
40.010292
18.34568
47.97774
12.723209
-10.184364
78.73812
103.714745
49.109844
73.14808
27.681541
60.530937
21.66325
11.993397
33.288803
43.85965
40.22926
56.494396
53.62847
66.58856
55.129208
-10.896828
19.597427
37.746372
27.55677
58.17086
58.820625
95.83835
67.62698
10.615227
31.989342
12.426987
42.731308
35.0691
41.82872
39.011864
11.723679
50.124092
59.90303
68.13973
77.69472
35.04297
49.681072
22.678314
42.374977
45.71697
49.804638
65.34862
6.8005486
46.35989
50.954407
59.4589
72.815094
34.3628
7.876259
5.2569695
26.844425
15.483227
41.211693
7.2905884
61.219845
53.097935
40.015205
66.321396
83.72385
56.43387
41.971848
7.434944
24.565762
12.30722
9.462879
49.362377
68.26186
50.551037
66.99657
24.49767
63.970787
29.165668
9.509312
39.808907
46.90548
40.245895
35.480408
73.99609
-4.0906677
29.213089
35.69777
49.27732
46.55364
39.76654
32.73216
54.93123
56.90087
77.113266
45.382835
-6.461651
31.897713
33.251526
29.022072
47.48104
61.77651
51.618404
65.63648
41.349876
36.951668
-0.2709694
48.044434
56.721916
54.3733
40.99159
26.373543
14.204643
75.28778
59.22662
57.850674
95.660614
45.898613
54.1933
6.3474045
-11.468315
31.718048
19.040344
49.88331
63.36808
40.85983
40.858692
49.17388
18.804138
-20.137321
4.131981
36.648724
75.98461
35.77813
48.582115
76.62389
73.212524
70.74837
0.78944016
18.32051
7.868721
3.0496788
67.185715
41.740135
45.453278
62.96649
71.93739
39.042343
14.291306
-14.827461
3.6365433
17.001488
72.61827
60.967953
88.92545
79.60524
74.004425
71.48164
61.149315
13.7756195
28.488152
-14.264732
6.229954
53.374825
39.314938
58.112534
37.398514
31.143444
42.484886
8.741447
-15.211548
23.381706
20.648186
7.252632
71.467995
40.354767
55.824394
66.822784
69.842316
39.882305
12.992218
-7.446705
-4.6706657
11.836815
3.8182678
19.143204
38.014572
90.14885
58.782093
86.78413
8.962841
37.922676
18.161636
-7.1979675
32.095627
55.985893
49.8687
22.28926
67.71239
84.52757
98.25787
30.365685
44.1435
-44.176453
21.809692
33.75563
75.598114
75.35669
75.45157
22.559689
33.053734
9.068268
-1.9904213
18.01477
16.334167
46.3416
84.896774
38.510998
17.113182
28.800888
49.101128
30.398567
29.411884
41.735645
35.161633
57.186584
62.83409
24.056793
44.852287
51.731575
51.40271
64.00397
18.024223
48.481148
18.978043
28.230457
57.562347
46.966568
48.82155
24.012772
38.52089
55.789726
52.017475
52.01259
43.045948
57.8897
53.42853
8.461548
42.872902
47.30742
45.567436
51.453323
66.760956
57.6659
36.281616
39.59622
31.252995
80.93968
56.07984
57.006626
-3.9142342
-18.686901
17.420296
0.9785423
37.578995
88.24506
39.257153
42.7163
77.228485
22.97778
9.631893
-4.696209
29.292068
36.9382
36.671806
47.454975
91.185814
17.181404
75.19325
69.28646
49.437862
13.534573
-8.218552
14.29034
18.920456
-1.463234
46.52894
81.60396
42.688835
65.85906
45.899628
16.774845
7.631752
5.616089
44.84506
35.124466
42.484776
56.752098
77.52818
62.930374
28.246387
33.684505
48.90003
3.0748787
51.043182
31.008263
55.065826
55.599457
47.920563
6.2435074
33.829395
35.432785
53.354668
59.193436
57.07003
61.437225
3.5524216
-19.757267
9.380314
56.34335
42.996994
64.69362
65.76792
31.732086
44.770035
49.789146
66.68623
20.41911
23.82291
24.669926
18.130901
4.9974403
40.24232
38.24488
78.456085
54.285835
64.94959
54.975227
90.222404
10.436974
5.3169823
35.306496
42.64946
52.02665
17.582
24.576817
49.83848
65.56935
56.874146
55.404297
37.82579
61.88603
48.856995
32.500107
-10.998932
-13.969772
-15.232185
11.572529
32.35784
87.325745
76.78562
97.71741
45.862747
20.191315
29.080868
33.45369
-23.640442
-1.8961601
5.1773033
75.17732
75.704865
38.36965
21.335838
49.637142
97.663635
14.111919
-8.130554
4.4953003
50.44549
78.19263
59.03248
42.482025
47.50254
38.331062
39.857338
-5.0126724
6.8563843
19.429123
40.936512
40.322296
10.80275
76.258286
71.73477
89.29186
64.4499
9.6083145
-0.29834366
36.969284
16.201454
35.16465
29.507637
28.445808
50.78334
50.177647
69.234695
60.228226
72.35418
18.787025
7.6324844
-6.555519
40.40748
44.15643
56.367577
44.140106
50.474503
81.65916
60.145786
9.820103
44.61875
48.12426
18.972557
87.57843
11.485199
74.72048
7.6663055
66.0262
50.833584
93.625175
57.14419
59.893623
43.832043
27.137424
21.356209
24.83395
36.874195
37.876022
20.358196
25.05114
51.30968
17.461418
64.866104
38.912167
65.02626
31.281776
67.77112
23.393322
34.28807
28.55893
47.821426
27.651154
63.816048
42.59011
32.276535
29.313072
72.1478
38.315815
32.31778
-2.3736382
4.6421814
67.830734
58.515766
72.59398
41.866005
49.287094
33.04014
32.445885
44.887672
-17.692242
58.001347
17.659744
50.397526
69.295265
72.619736
84.07819
68.58126
83.978195
1.8317604
11.863464
-2.441887
0.9882889
55.97734
33.26465
86.480545
52.40808
35.65309
-11.282318
5.560234
28.885323
26.810558
61.755615
86.478195
6.707756
21.793571
21.749435
25.456161
37.865616
71.23585
65.162
28.466042
0.10765076
20.570274
70.77756
35.725353
28.675716
48.656303
49.802536
57.380394
38.84467
29.276722
66.06665
62.417572
28.492416
47.792
43.294754
41.34706
36.40386
13.3028755
55.966778
63.93934
16.672852
46.08052
41.481438
96.83179
67.3729
22.190285
24.690815
31.232613
17.29533
27.25106
32.191982
37.4256
59.34491
57.558525
82.60036
88.9713
69.52275
18.777386
-7.6742477
-10.13652
45.3835
81.53704
37.5141
23.280914
64.386444
47.30497
27.092087
24.424114
54.293556
57.4234
46.546185
41.74589
44.01689
20.426529
10.678093
23.02568
20.310024
18.960304
54.388794
82.36188
66.31857
40.20763
53.425484
66.1349
6.7303505
22.67817
39.525974
29.253216
11.254974
59.790596
63.562183
73.28337
10.353073
95.75277
10.7934
31.47971
60.175423
26.863617
39.27848
29.193825
32.736286
49.43212
57.379795
48.721863
46.63841
73.21744
68.251816
27.432514
48.021057
9.004608
7.1724052
28.337868
47.305637
59.877083
78.51516
77.11484
73.69921
25.57586
17.594902
39.092205
11.581039
39.916256
63.352493
77.320526
38.037766
9.335373
29.330765
71.53128
46.710377
25.644947
19.747833
30.64904
36.00457
43.18776
32.640274
46.05774
39.580986
67.339935
34.61611
15.310394
35.112633
-9.645817
6.9082794
25.297276
51.142258
81.048584
75.95729
53.5745
11.115311
-34.11756
28.434162
27.19033
70.0477
54.15748
52.17811
54.100304
30.400291
51.36989
-1.6566048
-10.098316
5.4866486
63.062347
73.63599
62.094322
42.86218
50.212273
17.478653
0.8954468
-3.4868355
29.518166
41.386684
59.68254
90.644394
75.43044
64.29116
69.2126
68.7507
20.048668
22.550545
18.456642
12.563126
45.786552
10.937309
43.600525
31.203484
66.373764
80.16198
81.21333
78.545975
28.72248
30.64235
53.439667
33.730587
24.385815
68.53108
44.058342
64.79576
54.72393
31.706768
8.872833
10.692413
37.23792
23.539001
65.865906
56.190857
29.413704
56.16974
17.361404
16.113853
43.149536
47.73322
4.745735
7.101532
44.65814
53.757057
50.297028
53.200607
70.16192
55.939392
11.021408
-12.705803
23.100883
38.68377
36.922752
96.75267
82.85466
64.25443
40.03174
13.160957
-16.82042
-2.102028
34.54081
87.65552
56.104214
78.64764
16.701958
8.5585785
-1.3686562
11.589516
38.54148
45.297585
63.854584
60.942444
67.485725
-1.9244385
-5.6913986
4.7049026
19.139084
62.271645
45.038864
36.34138
25.185242
13.112663
89.635056
50.626316
89.25847
42.65975
0.5312996
26.188686
38.639412
5.950203
33.598778
23.772503
98.20322
85.06062
50.753906
14.318954
-31.104424
54.43203
96.99612
69.910065
41.25046
33.09913
-16.639084
-1.753128
49.084957
48.47985
76.815216
51.851196
49.267117
42.740227
15.009834
30.548141
11.406441
28.58759
57.92461
64.21057
34.36657
75.35275
30.832054
-6.969002
48.998726
55.87686
60.9197
10.240166
49.160496
45.766384
43.62828
9.226158
38.77514
40.21219
44.513206
48.95443
38.48016
17.952229
49.66411
14.460953
64.072586
110.17881
75.24913
32.17312
55.248466
-50.934013
23.118568
27.632374
41.305183
75.771904
66.665085
81.481346
60.96394
2.8346214
15.202637
11.173477
7.9602737
27.243462
42.175396
47.440804
83.00351
59.77176
24.278652
33.04835
35.756405
39.450623
22.910103
40.673355
6.8581085
38.21141
35.243294
48.147495
86.26193
42.37387
72.52603
25.462925
44.5522
18.732273
-19.751595
38.373245
48.35801
67.85182
60.687996
68.277695
67.37679
49.197803
20.867188
28.228935
38.403206
-2.907421
47.191433
35.43017
58.33731
42.959763
67.184456
70.17889
35.082962
-14.418858
12.895599
42.420395
74.0762
58.173893
37.403534
36.506966
60.954338
-1.6214104
23.107857
39.599724
50.125908
75.62074
59.861675
40.778805
87.462944
6.779602
42.681007
43.146328
43.13978
52.542667
78.65717
52.552605
73.75517
24.884163
21.380112
37.08074
9.797478
3.0760689
46.64574
70.24426
52.239517
53.498085
55.753284
13.69252
69.51445
32.1097
43.492622
69.92563
65.669106
28.723774
16.095268
4.978882
55.704044
49.48726
66.9676
53.47609
48.043312
49.939007
37.97494
23.233223
45.81939
58.443947
60.161
58.868965
24.05238
54.977478
39.172363
26.817177
65.01672
56.852978
24.008808
24.233677
20.905075
25.258999
76.33295
70.0172
49.354847
43.88544
42.634556
37.164707
15.772778
27.763664
49.982666
52.925625
49.74125
56.24124
58.718323
67.52314
58.222
69.65425
25.494957
10.1822815
13.818943
-11.6551285
61.410233
63.69123
24.808228
58.259754
70.69488
32.97945
62.034485
31.56569
21.911747
10.904465
2.0366478
11.898178
75.78746
61.37625
72.05807
65.57637
38.762367
44.415226
28.746689
6.8709526
18.00436
25.949867
55.387413
64.96055
68.03727
55.553974
44.18023
35.96067
68.2655
62.912773
14.973488
45.258667
44.912434
49.81598
33.023525
66.50281
56.461006
59.403976
43.21084
53.674248
70.008804
56.985344
-2.570633
38.566467
12.040157
49.403652
51.0305
20.013504
55.187103
41.960655
25.443459
29.868443
47.06704
30.554626
74.01301
0.09592438
40.729946
46.38125
66.16815
-4.408737
8.840961
53.161087
52.907684
48.754585
59.330566
63.847336
38.466812
19.062672
15.926563
43.59883
35.871117
54.942574
21.52967
58.713192
76.07962
45.871006
60.060333
47.46609
54.382576
50.11963
16.277092
53.90497
26.42376
15.236637
11.194862
15.413036
65.83516
77.36782
73.24421
92.41116
33.897423
51.956978
36.991302
51.227386
-25.336731
-4.9190674
51.096985
69.46339
49.62021
56.12847
46.82274
8.147331
-44.008934
1.9998245
44.435463
32.69914
60.0336
69.183426
76.1314
27.433517
47.12337
24.508492
-19.709217
26.112522
59.32647
38.83097
54.318047
51.915016
52.55977
56.640385
35.954113
50.46534
68.51342
63.743866
24.714909
39.060562
27.651825
41.38089
61.352943
45.42403
65.23918
50.979965
39.452553
48.544464
37.431816
26.042686
24.118916
7.024906
27.521431
23.754646
35.281067
76.16092
64.90852
67.94217
33.053856
30.40078
28.67276
34.060173
11.909439
18.43702
46.974564
59.439835
79.697365
82.80377
85.78763
32.371124
10.333439
8.306934
-7.278099
48.66702
76.76318
79.526535
49.917645
53.21318
46.71561
22.283768
50.02284
44.834297
59.6548
73.85127
40.18296
18.858223
25.67646
14.138649
37.432
47.109367
38.27365
49.766907
80.599594
56.830235
48.598045
-9.887466
1.2928581
45.81623
66.33939
41.376186
75.16042
90.55886
74.76194
39.800087
-2.7894592
29.791855
27.967453
-9.103306
41.363045
52.010258
63.246796
46.27691
56.768238
60.71807
48.540497
24.190353
-5.7718964
17.916046
39.31656
87.81563
65.6931
70.620415
45.61477
15.7044525
-23.274479
34.29614
9.157692
77.43851
79.88941
25.637344
40.73693
32.397617
-23.538124
43.81238
28.910019
63.137833
67.75238
79.00844
59.451866
40.62974
45.682915
-1.0567055
30.511368
46.182564
28.923443
16.95351
19.5718
29.865181
42.240547
70.532715
93.92276
43.339302
-2.486145
-17.37416
8.479771
17.654533
34.443657
63.90074
54.119816
45.217003
65.25679
40.529625
45.66407
34.164146
55.9987
27.034954
17.049316
9.747047
49.95529
52.853104
74.52707
38.826675
87.81683
100.07984
18.175209
13.090111
2.9570274
51.713303
51.314117
56.10744
68.9775
61.791046
16.161514
-5.253952
42.68952
28.35218
11.9454155
43.163467
81.77085
52.140938
78.6083
58.11267
27.260231
6.3649673
0.99585724
3.4204102
16.084885
65.04135
42.59448
100.88387
66.606285
48.135147
52.60169
48.884212
38.883556
41.371483
29.461853
45.501167
60.207214
16.000134
28.911324
77.85008
-12.299332
-23.58833
55.77961
80.386665
40.68466
-4.3940964
-27.249748
36.734066
71.79939
95.40897
89.4975
57.450798
15.999207
43.9418
21.540848
45.36461
89.07059
92.44701
18.515636
9.596165
24.67807
36.89737
56.14433
45.03005
5.1082535
7.320526
87.961044
55.23981
32.288204
-7.9162674
-11.039207
12.422749
23.22261
46.683136
59.210297
50.409782
69.49097
73.67984
62.469322
63.096153
58.76327
22.179192
5.343376
2.1841202
38.816063
56.319565
77.16647
77.5769
24.240765
17.428837
17.088028
55.828423
47.097946
68.168076
71.610565
39.962685
28.054745
60.725792
16.595146
71.76341
59.929657
53.22889
15.152378
18.807148
9.104462
64.86171
69.14685
50.13913
74.44504
60.14177
46.955223
9.449112
54.364407
13.673851
24.974068
53.69844
73.62579
46.37375
52.662766
7.7493935
38.652664
60.04904
34.00002
17.96772
-3.4622726
43.17878
53.05049
34.2796
8.692802
47.92875
80.33607
66.56691
46.01595
25.118969
7.193928
15.552658
17.996895
36.84301
42.586437
68.97292
86.66243
38.30811
65.8213
30.17028
30.550499
-13.889915
13.688248
-6.9587555
34.74064
69.43882
54.162277
65.40074
105.238365
97.09811
19.55204
22.451553
4.6842194
-3.0638275
-9.367271
41.2465
73.49814
58.607132
32.88443
1.2423401
11.304886
22.979279
36.17811
42.48892
45.59865
68.71251
65.7319
49.10499
6.7341537
27.704895
37.236256
20.657944
54.09012
97.6288
44.651043
52.882607
59.098442
27.804592
0.5873184
9.239952
27.549934
32.00238
57.437065
71.068756
37.129745
57.11897
11.755699
17.997162
18.62809
22.268776
67.59538
59.938946
15.5121
10.491501
27.772583
50.745903
87.35779
54.742424
78.303635
43.00157
64.01969
20.816994
10.988609
17.494362
47.56211
33.142624
48.328655
85.73108
46.285942
-9.844414
29.39661
25.42355
20.311813
65.67804
80.17618
30.501034
49.60458
65.62984
21.084389
27.765556
47.677925
25.236855
34.188354
50.764786
79.47951
83.91197
17.351677
41.55381
15.957531
17.675362
46.459885
36.576576
46.082268
68.13934
46.379807
7.6224747
81.80733
14.37838
46.21283
36.303703
20.448013
21.461105
26.823898
59.340378
39.91604
86.42762
49.764946
20.888042
45.508656
49.446327
14.431721
13.565048
36.492794
28.814247
64.441124
87.1206
73.24422
60.46116
28.747375
18.437008
2.712101
41.96568
48.79279
70.30133
65.27493
3.9552917
30.303596
81.448135
82.745255
49.17549
1.9591217
36.688606
3.946926
32.680954
53.021206
55.915474
62.100807
30.599754
41.24524
62.158012
28.841408
49.903404
38.426544
27.603928
30.577217
25.713032
64.30098
13.04401
47.638355
87.12091
106.96905
92.47809
55.434227
45.369553
24.288948
-16.824516
14.088951
28.250458
40.419163
90.90381
45.21749
9.109451
24.54583
19.023315
49.759144
18.748161
68.06178
69.168015
5.7339935
70.739
56.133263
58.619606
37.56373
6.1302185
24.832436
53.121635
59.279934
34.038193
16.740211
43.505302
72.51527
22.812523
44.750244
51.710114
7.610935
63.054176
27.140083
30.904964
14.523205
50.407272
19.339989
34.230793
39.93831
72.598465
95.76825
75.814735
31.335964
51.578033
10.026215
24.312561
60.946533
40.79505
66.653625
112.828224
47.543472
-6.6361694
1.6642456
48.853752
41.98474
52.454353
64.31874
57.094696
67.32045
19.702042
13.219013
22.583534
31.088684
31.541145
14.926655
21.543278
65.47191
95.74053
61.06903
31.149868
20.621574
27.440083
56.419647
33.99352
83.885544
46.61335
79.96762
38.73134
40.34096
58.70729
31.5159
30.026192
72.87619
37.534218
64.883896
19.222565
64.89099
22.253304
37.14055
13.481506
40.876984
46.067253
72.06651
44.678307
29.336838
12.526093
26.813225
28.863144
16.587357
76.71481
83.51796
48.848373
58.87342
43.524006
1.7652359
27.627556
37.122105
81.67348
56.448997
54.8625
48.54653
31.307518
55.88113
24.291039
32.451324
29.217304
38.266056
36.357563
86.23688
88.32325
62.52393
57.43239
53.264477
13.078224
-20.62574
20.645512
34.039314
38.50663
28.619297
19.6148
90.42146
55.805336
65.20773
67.752106
35.342644
48.387833
-10.173676
-8.80085
-20.603992
49.893604
87.91588
83.34017
23.276802
41.202988
22.000854
65.76083
54.537437
35.991753
16.77288
21.8387
6.7794495
65.418785
41.672554
-22.195564
27.907883
45.029846
37.582863
97.30001
34.682465
17.108711
9.077255
5.015274
70.43143
82.596306
72.804146
50.081177
26.100037
-10.678886
-26.119652
19.34629
92.5004
76.13135
73.38124
4.731823
7.4570885
50.157124
24.913696
41.61494
66.427635
48.755455
47.67742
59.03689
24.876991
41.086674
71.56334
44.50171
23.55415
78.46145
50.616722
62.493027
43.059
8.224564
18.988144
60.993114
14.827385
65.10861
60.174583
81.157906
71.17553
17.56063
25.765602
21.055351
31.833183
5.09713
46.636658
57.69151
77.34795
30.487427
44.225662
67.34605
59.203926
54.37008
43.076927
18.190472
-8.565304
53.778717
42.514206
23.619987
59.567997
46.455475
53.847977
68.608574
26.232193
25.199883
33.447292
51.40851
51.94793
50.903023
37.582012
10.533657
51.77085
59.09465
51.000816
67.7653
-5.5916977
-3.9077911
40.823406
99.936104
74.6129
39.92423
11.393421
20.939735
-8.086288
32.19909
47.44268
65.0242
93.2668
74.02867
62.57961
17.772366
14.360283
17.570194
16.20076
47.27633
55.083134
60.608917
69.881744
64.282394
66.91131
34.43189
29.15503
38.94236
13.608311
23.700684
21.541061
67.27828
38.986176
71.515396
53.51713
46.030735
19.639194
24.480743
14.323143
43.505005
34.50927
61.38737
26.257866
62.41873
61.147514
79.594025
60.84568
38.613815
-7.4998856
-12.105606
-14.197601
41.559166
78.29318
85.70605
56.419117
33.87838
47.12606
56.988914
33.054207
65.33791
43.239098
31.527763
13.264133
40.751957
62.694317
68.41281
33.86276
52.96651
17.552753
64.1412
71.098526
17.820133
27.053318
43.12542
20.283546
46.844894
48.444786
56.15948
15.41848
42.93731
34.014427
41.625153
32.250393
45.860985
36.966858
2.9696732
28.807327
22.577686
110.55789
34.70209
97.76572
15.196487
67.20644
73.68489
62.397606
64.58981
25.545292
-1.4871216
19.65651
30.399818
50.339462
91.45836
23.231155
73.62604
71.234825
58.28696
22.372467
17.338226
-12.703232
14.274544
35.006218
68.52402
77.843376
50.320507
65.20708
4.468132
19.40171
19.265472
51.933914
22.018639
55.860855
27.880013
62.728394
2.9964447
23.32434
-4.6441345
13.684616
80.09824
63.130604
65.536804
43.466187
59.3049
58.570076
47.047974
-2.9970093
-1.977768
21.708458
82.16529
47.95323
60.717636
24.702663
59.40493
112.13277
61.218117
-1.4007263
-20.13826
44.18837
42.938488
56.875587
49.032616
51.680912
47.164566
49.052002
0.5123749
30.361877
31.357948
31.004501
36.606087
60.02195
34.009342
70.085144
44.94474
71.01863
66.59188
19.767044
52.257805
8.540298
21.79815
29.72757
79.796524
44.43109
19.056438
61.121807
47.87651
59.63239
48.060318
44.1221
24.680962
33.53993
17.14293
40.474228
59.944927
14.206924
45.245476
98.2551
49.519882
30.493797
40.56798
20.969265
20.201302
34.08801
51.107346
56.01851
56.57972
53.497635
12.796066
33.667747
42.565323
33.788895
46.543945
53.100006
28.946114
50.885826
56.91133
67.62535
29.22432
19.36715
39.964348
31.67403
42.084305
41.8937
94.1669
73.817314
82.08016
69.25432
16.513397
11.725197
39.43328
17.751942
22.480515
46.34032
49.25788
54.763443
52.04227
39.75454
34.561943
19.569038
-9.0360565
25.408066
35.45034
46.572727
63.243927
53.605293
82.16058
4.4989014
75.33204
28.728031
54.55227
38.344124
-7.7452393
4.355236
48.497833
79.11658
16.216934
62.49557
60.29348
94.95541
58.836403
43.31689
47.51427
14.095306
8.834137
11.127983
60.438023
63.188534
72.71031
59.89516
22.30568
57.34842
50.11947
12.69178
20.324333
21.104939
55.30745
22.036186
45.664375
70.556305
48.26645
35.04065
17.286922
44.9212
6.553978
43.294548
50.040253
35.596825
27.342293
60.976254
59.78907
48.02675
26.58445
61.269764
82.65841
46.952026
11.18824
46.742073
76.35065
54.77872
74.0832
57.35535
31.527683
55.591015
29.464783
23.106773
41.610016
21.629292
54.793304
61.37023
54.868603
38.790733
61.169025
61.18811
37.69941
28.169128
8.254135
11.103294
63.42768
64.2463
47.787308
71.23386
32.578964
40.523796
26.969063
11.050037
46.037617
45.08661
10.019104
74.84565
58.859833
54.41691
23.736153
69.49422
53.876987
20.928268
64.84879
30.46518
13.884338
24.723747
46.73313
48.1154
61.82741
31.787468
15.600651
21.52845
51.5344
85.08588
71.99759
66.97271
31.287277
29.752903
38.484886
60.83129
76.08612
-2.3420868
44.35426
59.519745
44.993404
48.24594
66.85549
49.802284
48.0073
38.555954
-17.50547
10.919319
14.741241
55.69104
57.09014
87.81212
58.021145
17.894913
37.492775
20.56382
58.384758
51.857315
44.732056
54.77494
32.387558
50.236633
63.39307
64.61153
41.859062
8.219704
-9.61808
11.818832
18.179886
29.520424
103.47507
57.252747
47.651012
2.3729706
50.768337
41.99994
39.039104
44.442276
50.441696
1.5409317
37.852867
75.53148
41.3785
41.36962
50.959213
24.18129
39.295444
54.13985
37.08685
49.725735
92.30975
69.35965
38.84359
53.993782
7.7875137
12.998695
53.68934
91.16716
15.850933
51.142178
44.460182
72.61738
66.66873
36.74489
-19.442688
25.425583
29.578686
24.596703
17.194572
60.467392
59.384018
38.850895
65.05884
12.929043
30.95897
40.736267
0.5199585
46.793972
60.525414
57.843006
22.548012
47.594296
85.385445
60.371174
21.294971
29.226578
25.326756
44.08231
62.266174
36.84396
47.7239
59.90957
40.126637
0.8149338
26.762829
52.034576
-4.3813705
75.0559
46.073563
41.136524
20.880707
20.127247
4.610153
39.701565
45.78328
31.270386
88.788826
84.73474
44.4804
15.422386
34.312943
42.17304
28.628635
61.822845
42.130737
57.900524
59.151016
42.2048
69.15387
86.51837
34.976997
40.05527
1.4324188
50.224785
75.974815
80.60562
47.42809
38.711826
57.659058
53.203415
57.1445
19.484886
22.03466
51.53749
43.943832
66.58228
29.9538
26.273731
38.97043
45.249477
22.328415
30.132011
49.462967
41.78633
30.418957
64.20764
20.444069
35.37873
-5.369156
16.333015
76.47603
57.960117
24.934067
38.681084
85.60593
60.189117
83.93784
1.3633652
22.445393
23.716965
55.78801
65.34152
53.965187
61.058735
17.421364
45.75836
47.337273
-0.5282364
39.972282
63.64576
76.1599
35.62094
47.694595
23.210056
22.692955
51.755527
56.777275
52.055077
13.777664
60.323982
41.513958
57.841152
57.07533
20.960312
-0.18006897
11.704205
39.264587
57.95826
49.324825
58.56722
78.15259
76.53238
44.87196
66.16856
58.138138
37.252213
5.8719635
-57.046913
30.601532
79.66885
53.360825
67.36714
52.43887
59.414597
2.5104065
27.336761
34.22435
45.06548
20.366524
34.51425
36.720932
58.56759
9.313805
41.268692
17.460518
69.43844
74.3391
44.05454
50.267357
41.37805
37.258118
12.93721
1.3649673
54.596
71.58459
52.124557
46.28355
0.6808624
50.21023
34.659916
37.817314
49.489372
77.81855
27.863708
66.103134
74.847824
3.7263832
47.148262
50.910553
30.07454
23.937489
49.602005
17.156334
94.52089
41.780045
69.64087
44.12878
50.488457
21.06147
12.176044
26.485497
53.061447
48.359093
42.172653
47.455406
37.637413
34.9068
53.75605
51.209373
34.275757
36.771446
51.851616
68.34029
-4.8796387
64.61989
55.08738
39.237877
56.805004
37.67003
-5.990143
25.173512
44.66761
78.104965
54.637047
48.943123
28.269142
29.321503
24.616608
47.145576
29.573883
79.192154
112.314026
44.493454
4.344536
48.131763
24.437428
12.441544
56.532192
40.551888
100.21838
31.367092
46.402195
27.574833
17.573013
14.739029
22.897778
31.906738
56.296867
70.60659
93.858864
24.88092
46.81345
19.771698
-3.326992
-4.772686
78.22734
86.907974
68.4532
50.794563
26.75409
23.674305
34.101765
78.11304
52.14129
8.989853
55.687996
47.323822
41.29853
51.499992
20.786354
88.20363
69.16603
9.3267975
30.398422
4.481575
24.165054
88.64619
74.765816
2.7563171
12.279564
12.942757
11.881599
89.04733
86.78088
29.848614
-8.715427
10.40316
67.06592
83.376816
45.620342
77.89638
43.81581
13.299751
50.121624
71.84971
47.333065
46.570446
20.046673
-1.5836792
49.64588
32.700195
29.432945
56.591106
67.201324
59.70802
26.239231
17.795792
8.603287
49.72203
26.005436
36.96611
59.522285
35.773678
17.36692
30.222511
57.263832
73.30458
50.479782
25.936394
4.0502777
42.083534
11.278687
5.875778
72.96661
91.94643
68.613556
13.6553
55.74163
24.454239
-4.4655075
-4.788513
17.638748
50.33956
68.90468
111.73354
99.96636
83.82946
-40.899014
12.547867
32.02321
58.95919
51.02876
65.95539
72.70711
48.419495
20.984173
35.66
11.685493
0.59526825
26.056183
17.032806
40.237183
35.85782
56.968697
39.245445
42.957794
35.38241
-4.3801804
28.115921
38.584976
82.41431
50.34734
53.72452
37.692978
55.60935
20.301613
44.135296
14.624794
32.243454
53.517414
44.2313
88.37137
64.555824
28.011196
12.292683
51.493378
53.40371
38.535534
41.914906
59.523113
73.77591
62.17583
38.310276
-11.756912
42.25888
61.79334
56.291405
34.13166
64.81561
44.31008
25.357857
-12.878578
37.156616
53.393337
10.589588
65.3204
67.32869
51.10524
13.5756
17.428787
45.68141
23.104149
59.18556
55.762695
80.75224
23.860947
44.344288
35.48902
27.864388
4.1937866
40.045307
34.451965
93.230545
70.8698
43.3461
22.525352
19.11929
9.336235
42.256317
73.17812
58.550453
31.775665
41.815536
-13.255562
38.62274
4.111267
33.95875
57.464493
53.44482
73.54733
42.72826
84.68173
62.600517
16.148972
-28.486843
5.2134933
48.022087
51.342155
75.69342
66.04448
21.643242
33.982132
18.82582
29.893208
63.50194
48.820732
65.42539
26.085888
37.07828
25.212471
47.562973
66.49597
84.08675
49.92003
23.405853
46.050137
-7.184677
2.4000587
52.8045
57.290596
82.78557
101.21483
80.66095
27.418385
32.31308
28.192139
-11.843422
26.919113
77.55044
94.74542
58.451412
2.4429245
34.18672
19.870987
33.309685
62.519356
65.9989
39.030346
44.787636
52.68293
18.411957
24.951714
12.968201
35.856728
32.36512
22.600662
42.142967
18.169937
48.891296
34.684914
40.35453
79.587296
-6.602455
4.7933426
60.961582
70.86062
49.39872
40.779793
65.5061
71.35487
27.899776
37.0921
-21.441998
68.39203
25.927265
69.799904
53.938156
74.06184
24.911568
56.504295
60.884186
44.89624
16.26435
36.82199
0.59430695
53.241695
32.616505
54.74673
58.308598
58.114998
60.594612
0.06666565
41.13217
26.337715
54.134674
50.053093
49.934784
52.61429
97.74226
31.323845
49.22831
12.084015
58.414482
34.508583
31.554634
39.426895
43.30362
28.917603
39.86599
47.730766
36.910027
47.1677
55.57894
38.003956
49.805405
23.673553
41.65449
79.34322
69.4467
33.62371
61.33327
61.938366
54.336086
5.4681473
19.69999
16.457352
46.576347
57.065063
70.64692
55.367508
47.291492
39.11457
5.5574417
8.742142
85.00737
79.30852
33.196632
13.986656
-10.543091
19.218033
19.082558
93.225235
67.49701
69.79208
53.886898
39.1128
21.242973
42.86879
-3.4864807
12.552803
57.045383
72.01543
56.083473
54.072487
70.473694
59.342503
49.69801
47.780724
41.838585
14.17054
33.164047
28.631561
38.665504
66.68892
29.449799
28.662338
66.175064
40.105087
69.05019
88.15917
55.66642
39.7959
11.112782
-32.93286
49.510456
66.55197
79.45456
22.490925
-23.36042
-3.0219498
-11.708382
41.282677
110.487
49.238304
56.188942
46.999718
46.72962
44.032124
28.809364
54.357048
57.77584
8.111382
5.697918
50.10231
35.25987
79.3054
30.393143
-15.337112
60.37803
55.653088
54.668854
10.563988
80.22043
-1.6300545
-12.519491
38.828056
15.530561
124.7102
32.517616
40.222305
17.14618
32.219254
99.36903
60.642975
-18.328217
1.5957031
54.82431
66.10542
11.84787
36.585007
29.383667
17.954872
51.939194
-3.7493286
72.35358
59.492683
29.379951
39.67341
58.791718
34.7835
53.67022
46.231865
69.30746
16.664001
29.29638
44.69197
26.783112
82.678734
20.559723
8.129257
19.21225
20.370872
68.769424
92.92706
47.14471
26.91565
-13.513489
9.111008
15.100189
66.123055
108.122925
101.57295
58.549026
6.366249
-12.777283
-12.773659
83.0116
104.47699
79.40158
13.243988
18.118477
11.222969
21.423828
44.718487
55.202187
50.96565
59.864475
-5.6993675
7.3592453
50.513256
47.047535
78.69498
49.98948
47.536926
4.146408
12.999107
11.798519
45.70156
62.037376
80.46033
64.32129
45.634792
5.4268723
14.535133
21.473656
32.69105
53.547802
35.695896
67.72713
55.619526
44.914185
10.165764
25.169197
27.811607
41.46837
28.508701
51.736923
87.170044
28.85691
27.3292
52.94803
42.916946
14.201569
72.62383
55.15517
71.75131
51.485332
61.060627
10.673763
60.34318
64.60507
94.000595
54.21445
35.655724
35.63301
10.336712
42.539093
67.52562
45.378574
70.34089
53.229515
48.202248
51.19316
34.61944
-4.900589
15.065533
8.046394
34.997253
45.470783
84.912056
23.998093
52.14889
31.802227
41.93113
25.335953
40.65399
1.8061447
45.683716
44.462387
108.936104
50.921318
18.30112
29.760185
15.845894
73.17771
31.23986
57.150917
70.96302
85.79123
58.420303
31.518127
41.967125
4.9837456
22.227406
36.482395
25.935867
54.48094
57.785553
21.103714
50.97749
49.534447
40.133224
47.381447
37.97489
16.866043
28.120281
67.294716
54.470055
72.68974
24.677254
39.03988
39.83512
60.55737
61.877262
-23.261955
69.51078
42.341072
39.42665
42.49922
37.883297
17.640152
57.277924
52.007675
30.014065
19.243214
18.843239
11.592041
74.969826
79.69401
87.20565
12.61208
-4.264221
14.017746
49.554523
68.88692
50.784924
63.229942
33.330505
56.61094
25.426231
38.756607
8.086487
17.994537
39.70617
77.98652
79.45552
41.37963
23.360687
13.549561
74.30567
53.25296
34.466667
66.30505
25.374252
34.140503
46.18167
42.4432
51.399822
37.1363
-24.955673
54.862686
49.869217
67.53291
98.96041
57.319504
41.736916
72.30165
33.10631
22.502071
53.97797
28.028275
29.519962
43.8629
57.525513
16.71402
73.490685
31.83458
30.99263
72.05398
45.41389
23.469688
30.987911
26.74976
36.23177
44.364075
76.67592
62.06272
74.11808
53.837067
25.739502
31.11261
35.44902
20.675549
66.12673
41.66897
29.208351
44.615517
12.556328
22.654785
54.63256
73.96043
46.658077
47.679314
39.16252
13.741047
45.463387
14.53006
48.738968
67.939545
59.527245
31.126625
-3.0994263
34.56766
53.376415
102.74373
63.835594
82.947
52.282772
43.14047
19.25502
-14.202377
17.065762
22.450691
33.785023
74.28524
79.189804
67.472855
66.5854
48.092762
41.54368
13.591316
9.648224
4.525696
55.623848
66.73707
51.589233
54.39565
41.935303
33.525715
18.29924
37.97656
65.69783
48.499237
12.157745
48.4171
60.327496
75.24391
51.45755
19.63108
12.96767
25.088612
36.227524
39.62233
22.715797
56.66153
47.296154
46.364197
32.26126
25.196327
23.878246
45.21918
54.061947
57.30311
88.352036
75.02155
83.6326
35.690174
79.06602
66.62375
38.50016
44.573875
35.350742
52.5808
38.724842
50.989357
55.527355
54.490883
-3.572403
50.524567
45.5549
-21.744633
54.873142
45.637547
62.575214
46.17
-13.142567
30.811626
42.192524
31.75864
58.305923
43.187492
30.577415
31.929623
11.810623
68.1629
52.7818
58.91722
15.996201
63.637314
23.809464
49.108376
30.774609
43.16014
100.02111
47.723244
49.52138
12.701721
-2.6720963
1.5732803
27.575165
29.825348
57.17198
71.37393
40.918304
11.967491
20.68861
29.078125
78.195526
74.91514
54.13133
7.6684723
37.75599
-5.3289948
42.879383
27.607342
54.276253
89.69491
41.254337
23.946312
-43.91258
1.4403
50.312794
38.325073
97.48589
86.46708
64.24887
40.003166
34.474167
18.903427
19.447662
39.58996
84.112755
57.66752
20.77095
-23.23809
28.66032
62.41745
66.51103
54.557358
42.94982
33.799316
40.3683
42.48219
23.644745
51.717728
59.511612
43.06964
23.155579
39.730995
41.968388
80.36628
76.80479
37.952316
59.44702
49.34036
17.311577
19.171036
46.72124
54.321968
10.027798
54.34703
53.129105
43.30876
0.92139435
-20.488556
88.981094
48.134796
40.13552
68.06292
63.893166
54.1598
25.235645
9.433147
40.511826
40.12158
37.60401
77.917656
45.60694
77.7188
44.100155
-0.08545685
36.02587
33.466415
57.07086
27.219799
43.05509
46.38549
89.94765
74.03114
50.459797
28.400078
26.179478
31.46859
8.258366
35.9965
35.49403
65.68881
94.94826
56.788635
27.768177
14.886139
22.884365
15.28614
48.030834
35.945496
59.972633
50.769516
30.008972
73.2769
16.701569
26.48087
54.07139
27.819733
34.44791
10.362686
21.815952
66.672325
64.72722
20.503494
-11.289616
25.532478
64.79882
56.50435
81.72423
78.44061
33.75984
76.45712
54.8326
34.432262
38.17544
34.531326
18.09956
40.754585
57.288204
46.949455
63.498383
84.49664
34.94569
52.003864
31.845558
23.05294
34.27913
28.15609
52.89805
63.683617
43.034275
13.8162
28.33929
44.465347
3.775879
62.634697
78.75334
38.671074
94.492836
-45.159077
11.45924
-9.053181
72.11926
103.11177
8.705639
-9.950451
-8.190311
19.722595
56.242317
49.933144
48.64009
30.30035
2.4248886
-6.0230637
-13.727028
37.980293
42.001427
78.42387
61.119034
59.714615
50.756645
9.844269
22.290585
-4.7920036
41.748722
63.592575
67.76317
38.759666
19.14538
0.5415573
44.588936
65.51178
55.743145
85.36574
39.397144
15.616253
44.43275
27.8428
64.78676
89.594894
57.329277
56.726276
90.778656
1.290268
11.54446
-11.284164
-13.995445
50.156982
98.01372
95.441635
78.00951
44.54918
15.3536
17.745071
24.647095
54.70336
14.814259
-34.567387
27.8159
81.43652
58.319363
-32.536983
39.015774
53.589108
17.17268
109.62802
71.20724
22.443155
11.834873
-4.2368393
35.242752
86.1005
98.91109
62.57136
42.792515
-6.0548706
21.171371
-1.5796738
52.188213
48.039883
67.975975
89.14371
17.437637
24.324242
14.208702
27.827576
42.675705
29.452255
24.787964
33.26541
83.06067
76.01991
31.605995
18.584343
-1.1272316
-31.670105
50.355003
78.7997
62.12316
37.07358
-25.391506
31.240913
42.245266
78.14785
83.01209
73.264885
29.822685
14.060417
-3.7726746
47.495712
37.438026
16.713814
68.15639
64.29081
40.41033
40.74412
44.05863
15.486671
24.539024
38.967346
44.357224
71.01808
82.50373
45.9636
42.043217
20.556389
23.2706
55.25837
58.243305
77.60402
31.209393
22.38858
-2.662796
55.862103
41.52785
68.16796
53.539062
39.722046
41.98067
12.6092
30.783852
31.398056
60.94391
50.747173
44.59657
55.378765
47.2537
2.4013367
-7.1963043
-1.8905487
19.660286
100.327095
110.25611
89.714554
88.5323
21.67881
-40.81137
-17.674332
-9.327339
101.378815
87.66261
35.920742
14.150902
-9.874046
43.145866
70.49067
51.987534
22.947807
22.45996
0.37989426
-0.061374664
60.356293
89.659645
19.000515
16.63144
30.726326
10.718243
28.520035
112.53122
78.403595
-7.400177
36.90473
34.982452
49.163017
62.184532
2.2451553
17.998024
59.017067
77.4944
33.298363
53.880836
0.061813354
34.7491
40.231583
76.69186
44.16147
24.719566
82.046234
72.89438
21.885147
11.817795
-20.23043
36.234093
69.35799
76.83081
41.787262
59.80508
33.054573
-54.026947
16.996414
51.0933
56.48938
42.813713
53.373596
32.34252
20.457352
-7.1741257
-2.8732147
41.714287
61.181213
86.95893
67.369995
55.444813
31.890984
34.389988
-8.579269
15.402046
7.41156
26.846287
69.63977
111.193954
66.1449
12.163574
43.90485
-14.655197
20.405182
71.49145
32.263786
70.49099
81.71724
67.7287
-4.1744804
38.01767
39.518486
42.275852
40.62702
66.53297
30.68077
12.152039
8.000481
46.76709
48.759605
44.622787
52.28627
60.212944
40.045242
38.17256
24.994762
-21.848152
-8.435608
35.244656
105.886986
78.82145
50.620266
53.141357
58.47352
3.2936783
-4.419754
-12.7851715
34.140232
111.003204
67.78204
72.97232
44.692856
13.955593
4.6501617
40.04966
26.896202
68.32741
73.3864
72.28881
7.2604523
25.75467
26.721832
2.3931465
27.71413
10.692749
61.245728
89.7776
59.736755
31.738674
15.027302
15.919762
42.098312
54.207737
46.231323
59.340427
61.183136
29.26796
3.3838654
39.459984
40.06156
46.3106
101.65188
53.428238
24.253586
1.7437515
62.545197
30.63028
36.56972
46.012012
43.719894
74.15548
15.408821
-2.1864166
41.657455
10.42308
33.279602
19.852596
86.90228
27.056007
-1.3191452
15.492924
11.560886
63.70787
91.65148
89.665535
23.420853
16.221378
23.69587
55.700024
41.35693
52.738087
42.592293
-9.953209
32.44866
35.81182
51.062824
52.334522
58.58471
55.536263
-4.8777084
84.6646
43.39779
37.737335
55.566628
69.03229
34.1056
26.769157
8.498848
17.3945
48.43286
86.467575
88.21899
47.298145
60.894707
64.46567
65.46733
26.166103
29.55862
7.458706
20.01044
32.41494
42.62654
59.181664
29.923416
72.66678
65.926834
52.59854
38.86891
27.788116
0.5491257
44.9032
63.711014
84.47879
67.05823
70.96749
39.43741
42.22908
15.1397705
-3.9398193
16.608238
23.715286
43.828472
79.01747
41.20898
60.39131
62.122272
50.569946
23.884865
-14.913406
23.578506
28.25829
35.25802
87.67874
42.824524
79.31319
51.867294
-5.166977
-2.8832855
34.775776
11.510696
83.00766
60.64775
68.22133
72.55701
46.724815
20.11058
31.073433
-2.472618
1.0066986
54.761497
69.36686
30.84343
32.89788
93.96498
67.965866
55.241394
54.871853
71.23494
50.415558
30.029457
26.462242
40.766705
56.725815
53.362644
32.58519
35.719868
33.826942
37.22756
73.137985
75.13047
11.571869
29.27607
7.0685234
45.795483
82.15746
30.399452
44.20185
21.906513
28.924126
61.171997
51.48684
55.3037
31.301819
57.529324
19.362686
55.540325
53.654747
41.84152
62.463814
31.97947
63.824615
58.20445
28.845879
34.2378
36.374214
5.2057495
72.79739
46.471336
47.287323
44.90253
40.605236
29.70765
49.32061
81.22351
13.931435
59.256718
-8.265083
34.657646
61.5921
66.29323
74.51481
66.70824
50.033417
11.4818535
-13.923592
-16.167534
72.05591
51.172554
42.66185
29.832256
76.611015
53.391113
34.451668
26.302666
31.91101
-3.0959625
41.56141
59.95444
75.33518
52.619274
44.69941
82.55742
47.349503
35.387398
12.040176
57.042095
17.394978
36.051483
62.9781
73.43129
53.648357
58.2146
10.060448
54.183582
41.89696
51.66832
-5.719391
55.161434
58.025795
58.981453
87.545715
61.410805
50.341263
43.961937
31.640186
27.72564
11.785286
28.348389
33.162483
43.639862
62.309464
58.148922
53.95916
41.685936
38.75022
4.472763
26.602577
55.57599
55.013355
44.9712
35.814087
32.99817
57.83934
42.71232
-4.5494537
13.151749
44.26969
70.68524
51.069237
110.12848
24.037762
39.18296
58.731453
-2.4033508
-2.0279007
46.331665
80.94347
88.732994
84.27755
55.457985
22.421715
23.001312
20.739876
27.59137
1.7834625
32.022865
56.211235
76.06221
76.692825
64.62306
20.001572
-15.131073
34.002792
17.451881
51.15353
63.098854
47.954315
40.984303
3.743721
11.51664
63.309628
43.10611
92.7871
95.52345
18.794235
16.060532
31.778946
-12.844467
35.029137
84.78551
65.3724
49.283188
15.628265
39.190372
41.06721
60.41877
20.56316
10.969437
35.953594
56.158485
61.520493
66.274765
76.93353
56.08033
62.144913
54.55939
39.365196
36.223602
31.692116
34.568016
62.59869
44.821823
45.865
52.64088
36.58377
41.74788
26.54403
13.599674
53.50944
66.344475
77.38319
62.919266
78.65792
33.23806
15.362915
-17.088406
43.663925
48.06287
45.916298
69.69775
44.324097
70.84635
17.640572
21.565208
65.74243
37.436424
27.994492
51.752525
60.570583
56.754124
41.94718
38.729218
7.2965317
51.735523
50.722202
31.415836
44.029232
38.64865
72.61771
46.581917
47.78561
34.36006
3.0719833
52.176514
35.07509
50.636475
68.64558
61.448944
55.306297
49.75845
60.00387
2.7650452
32.094147
64.850655
30.994678
73.548035
27.516983
31.91735
75.175766
69.32959
69.629524
61.20006
1.0702515
14.541214
-0.97924805
37.22856
42.119907
67.97304
74.32543
58.3995
27.142166
28.385345
55.698433
-5.299156
62.72531
40.395126
22.372334
51.134506
35.730843
73.25422
56.68566
17.49525
40.63516
29.15913
10.384293
81.20106
46.6716
68.701706
82.10405
48.60359
25.987831
13.94088
49.400745
48.650887
58.05095
54.78457
74.66994
25.227238
33.861717
35.07216
20.16843
19.796738
30.454185
82.70557
75.917946
18.814793
39.802395
18.819183
59.313675
46.622486
43.1531
57.3039
34.466774
21.151554
33.581135
27.036003
30.654533
65.33473
35.857677
36.147537
24.16698
41.777832
28.015297
60.15971
8.670826
7.2354507
64.64334
47.54742
11.352127
60.48635
77.3829
50.93065
69.25191
22.746262
29.401268
-2.3894424
38.886993
73.84601
49.380157
109.78203
105.65535
37.294617
50.30314
38.427418
32.4556
33.708595
42.967316
62.438133
37.942993
33.779076
31.15596
56.07788
39.03389
42.09193
21.023972
24.58054
37.115524
57.265175
61.183506
64.50495
37.00827
3.1567764
33.074776
54.27309
87.84712
33.119537
68.90602
12.937897
30.120667
19.052643
13.249748
43.53945
55.07093
63.73671
42.421017
61.700474
43.696033
33.920807
-0.9525299
0.65530396
-8.4828
93.28461
49.172413
101.3298
85.642105
46.877632
51.049797
58.692253
8.504707
17.779259
36.760292
31.937485
32.13434
79.443436
79.92876
26.657394
5.4169617
4.3409195
6.3048973
65.663414
75.38539
93.01144
84.39932
57.58235
18.378944
6.0935516
34.413094
96.6769
95.73277
-1.8154297
-3.003502
-2.3900375
29.304466
80.79092
42.747658
76.18679
58.425667
34.51741
20.162895
7.9083138
23.922703
39.449688
81.90918
40.012634
11.459248
23.225304
-2.3733559
96.274025
39.184063
38.284218
76.29721
26.785595
41.792095
24.252792
56.78059
41.795925
60.957695
62.384342
59.659355
29.077927
18.668507
35.099876
54.947445
48.04541
52.581303
13.837128
29.090302
48.9797
35.211296
39.77629
61.163143
32.59674
1.5338516
39.81658
13.78997
75.30203
24.628326
47.755737
-3.1377106
45.034782
80.32788
76.65601
51.330322
36.90699
12.767853
0.47003937
10.821457
51.472183
77.28963
63.381767
68.46061
94.80765
63.482
11.989513
15.16069
2.398056
5.4405975
59.80869
74.14185
75.96121
80.69606
65.23887
0.04397583
68.30429
40.34735
51.980865
47.810345
58.92074
55.257706
42.378124
20.14461
52.858433
4.866249
31.512451
57.35794
31.144863
14.11261
62.369038
24.692837
73.738976
-0.06163788
38.926994
42.396797
86.4444
70.38252
-2.7946434
-59.604992
74.48512
72.68398
64.713486
-5.1917953
-1.6583481
-2.927147
36.58734
71.61123
29.876862
8.939415
-5.182846
34.05062
54.353672
48.703297
27.547089
81.50513
49.043697
44.000988
43.386856
18.276733
54.982903
-10.61879
68.114006
80.86349
94.18488
16.257374
29.153488
29.524261
61.02206
66.02739
44.656128
30.272896
26.870148
54.313736
55.68499
39.96814
39.537323
34.80098
31.34703
55.62242
49.036835
61.800217
35.4318
-20.21479
58.319054
31.490997
53.001915
70.32114
26.69394
57.0102
35.9357
29.046227
38.469795
64.94995
40.15149
41.39261
9.376152
54.096992
43.635048
59.06732
47.862095
46.440052
48.14675
41.619484
22.105171
21.654129
64.05569
93.24962
128.86185
57.64445
16.608326
6.111538
26.905693
78.20064
89.30175
46.44718
-20.369034
-12.964428
51.702927
63.36186
70.90472
45.800667
46.73005
40.33787
49.389763
31.468422
26.187683
29.999496
37.89126
65.22838
56.08484
50.00258
63.951378
5.6561356
3.5448456
16.764977
43.016136
48.15026
54.96393
56.046204
35.814857
42.246685
44.114033
27.602154
25.993073
10.792591
74.18289
37.134666
61.02153
37.786716
45.32848
-0.6341133
-4.9675064
64.31802
65.555664
54.380527
49.443222
-7.8078995
-11.397816
31.942093
89.44194
90.50797
58.152336
83.534485
17.76155
-2.9123917
-0.17742157
49.211937
61.388317
85.691635
41.300034
45.203773
27.45657
39.633892
8.9640465
46.47766
55.85659
68.79884
55.893555
11.486198
59.89888
35.004047
22.32315
6.8555565
70.1443
64.337616
55.19497
42.21807
62.44886
22.517143
21.881615
66.9767
49.834557
81.228645
53.085175
17.986916
35.779697
25.492958
36.543728
69.065025
49.796806
22.256378
33.239216
34.85897
35.494102
24.216019
34.315372
76.40063
83.88211
69.66542
50.682564
44.962425
58.57318
53.363953
53.67521
21.63921
42.570362
20.832928
48.955826
41.66466
85.56237
65.44926
55.611702
34.97908
62.270996
37.46754
43.375793
74.03954
40.580257
35.144753
29.44804
24.122597
23.62899
33.59924
52.77411
88.81809
50.760674
29.741695
43.23355
21.2947
45.460587
61.3463
54.9163
29.681736
65.42479
54.176765
53.025726
64.47359
24.978462
43.4077
44.51609
60.47341
48.95926
51.384468
39.749546
-7.217659
35.41783
39.31658
44.159573
28.142834
50.10833
20.908688
58.948204
19.274063
31.494041
15.710873
46.26144
10.463638
46.453632
32.183327
51.827255
86.61182
92.90482
68.47131
-1.2008896
30.16845
5.0992813
26.447575
54.098564
111.86499
93.73413
55.467125
7.2056427
-11.945946
62.448547
123.43963
46.753365
2.4218292
11.604889
3.2432404
66.76587
48.535667
44.542873
45.362686
31.762657
-28.530556
53.013077
76.162735
69.505615
70.63377
27.380272
-23.213219
-4.551098
31.79168
47.226532
90.908844
96.69319
7.111038
13.351059
30.137398
74.59215
52.995552
63.881638
65.683235
64.96358
6.847374
25.356628
6.7716217
61.679977
68.17084
62.483665
24.363174
37.135277
4.8505325
18.130653
84.81057
59.134476
58.15915
37.313377
36.71965
45.25013
35.80025
45.29051
34.929123
47.27332
80.62213
67.82211
74.45987
4.4353333
12.250095
1.921032
21.242554
30.180202
98.44483
41.93026
44.67133
14.764729
24.250221
17.267193
29.515003
59.83412
92.599106
27.393974
31.300507
-12.352257
30.649681
68.3506
41.63656
49.16692
84.38052
38.538277
82.63876
42.815372
37.665535
58.61094
69.36263
6.3670807
52.645744
48.856438
54.74981
77.4917
50.463646
36.067047
4.6696396
26.616673
41.25221
20.58921
52.57007
25.93161
70.73109
61.2214
62.43318
15.772415
8.842514
28.576408
53.329353
92.915146
47.812088
54.370483
66.81549
50.07607
-4.4170227
-2.1893082
49.78221
54.390133
66.58443
67.382904
75.89557
47.97928
28.50756
26.61472
-11.106415
39.517105
26.192242
29.024376
35.631252
96.321
42.804962
44.824196
42.213062
-0.6250763
23.117615
20.522133
64.18986
33.115387
75.81841
12.688789
34.541576
12.054436
24.331516
56.066444
44.272156
48.31421
64.75963
54.872414
70.60458
13.560699
-7.515091
73.97473
33.981625
26.825981
80.372925
83.19787
39.86816
-13.9290085
7.096962
54.780605
45.460663
76.546844
59.048492
54.096504
41.478897
39.032364
26.62415
17.453224
20.051003
43.344116
74.83781
78.42682
82.11699
67.20848
41.579273
44.209866
39.897198
26.826584
45.596508
22.882507
32.452694
56.372215
77.21942
58.90483
39.87624
-0.63230896
9.825348
30.09946
36.30172
50.612335
57.86019
23.916336
77.23953
50.405247
48.2929
33.874
31.050018
-18.307175
56.315075
32.66329
77.30112
