737.5332
3175.4863
239.0625
155.73828
239.63184
203.69482
111.15137
85.6167
96.447754
130.01172
99.79199
143.80176
75.754395
105.83789
81.16821
106.781006
28.082764
67.32837
76.174805
65.57788
76.31445
38.69995
62.263916
43.694702
56.40332
40.942993
38.788574
26.955322
41.560547
62.486572
16.113892
16.212097
12.565247
19.23816
15.167114
22.10669
33.68268
27.868958
12.214752
42.823456
22.106537
4.3702087
30.314026
8.42041
24.321472
15.829651
14.9401245
32.351776
8.644043
17.341644
10.491425
18.05777
20.847198
15.292511
20.979523
13.00946
12.733002
3.7301025
18.53769
8.1354065
21.291046
21.139893
15.62384
23.161377
9.821869
10.206451
12.9001465
9.627991
15.283661
18.926544
19.91858
25.084045
16.14273
35.519135
15.759552
5.8565674
23.320312
9.984009
3.7470398
23.752686
37.591675
11.921631
9.341827
19.280212
8.020325
11.809753
26.695984
11.742493
8.530457
24.728088
11.321808
17.11972
20.869232
13.412628
11.062317
27.015656
26.650818
4.5920715
4.9321594
9.104095
12.584686
10.815552
24.428253
10.702087
32.07138
12.464294
12.289337
16.450226
9.532288
26.356659
38.475403
22.512146
18.917633
0.9567871
5.02594
40.47934
9.550018
33.15097
21.587097
10.955475
3.9579773
25.439178
30.088806
11.736877
15.011108
8.916199
9.250366
7.607849
20.271545
24.437592
13.199768
15.697357
9.844421
1.8004761
31.460114
21.833435
-0.782959
9.558807
9.119507
26.805847
19.888916
22.754028
6.06662
9.58252
4.2219543
12.831329
5.1536255
14.387421
44.297546
7.9964905
11.277527
26.18863
34.63092
26.730042
25.019043
12.340454
12.42276
6.0476685
12.225586
3.5718384
15.974579
24.855957
15.394592
-0.870697
4.708618
19.08664
4.3632812
5.7173157
22.876984
8.18573
6.1779175
24.664001
14.989014
22.41571
6.0658264
7.64093
4.3350525
8.517303
7.0670776
25.48053
11.37207
6.640991
5.1514587
15.42337
7.3862
9.309143
10.659424
14.739258
15.449585
5.4188538
18.220001
9.513031
7.5205994
13.862122
11.7752075
2.4839172
31.73404
1.4161682
14.123566
13.058502
32.2034
17.733765
12.8836975
17.688263
8.214172
5.525635
2.7990723
19.552887
17.148682
14.692108
33.611816
12.274597
7.17511
14.558868
18.88034
15.772827
16.501465
12.5173645
11.032867
15.644562
13.008575
5.410614
10.167145
31.774567
16.30307
20.60852
9.74176
29.59262
1.6542053
0.48379517
30.149048
15.208374
11.229187
8.474823
18.089508
6.104645
19.671326
13.099731
10.084625
0.55895996
14.104858
18.867706
5.5976257
11.143921
1.6076965
11.074707
17.07666
10.298279
11.108765
17.086578
4.66156
11.55603
-2.4864807
5.8771973
3.2958984
9.227966
18.777039
17.282257
13.729401
21.457611
27.45346
34.46231
37.10379
6.983307
22.526978
18.62973
18.084625
23.38034
21.507294
3.5660706
13.059082
13.704803
20.311646
19.038086
3.286499
13.731689
21.608276
3.519928
9.84845
13.827362
5.9613647
4.464905
4.4362183
9.848663
9.708649
26.33609
11.5034485
20.065857
6.6621704
15.135132
21.320312
11.244843
13.985748
4.12735
8.5381775
14.433502
27.937286
4.12973
20.76712
10.027863
3.512909
27.225769
5.203705
6.799011
21.956543
7.0513
9.526581
28.976501
15.419098
4.491394
20.832733
13.124023
11.813049
25.682526
8.773987
10.16449
9.360352
22.307709
20.168427
17.209259
37.26956
5.549408
7.6686096
16.776642
8.643829
5.189331
13.178589
21.854095
6.4118347
5.23172
6.912781
5.5328674
9.289032
10.473846
17.907745
3.388794
6.4215393
14.59317
7.3207703
18.08313
4.1312866
1.3762817
14.048309
5.9685974
4.6403503
8.7341
19.98471
12.2916565
5.1134033
8.012909
2.847107
20.86673
20.195465
7.3233643
21.057465
36.59134
5.2248535
4.646118
4.8030396
26.479553
8.930481
17.72879
18.47342
11.166199
25.809875
22.022522
10.006348
14.702545
1.5943604
1.5253906
4.592163
25.734375
6.034546
6.6042786
4.301941
4.400421
16.422668
4.649719
14.793488
11.799194
9.103912
4.296417
8.467163
-3.8835144
4.929077
5.78479
5.0867004
16.65857
19.417358
7.071747
15.2872925
15.205719
16.212097
-0.26663208
4.638153
5.9665527
5.971924
3.183899
16.521423
1.6007996
22.398132
5.936096
6.3618774
18.532593
8.25827
5.2421875
11.443146
15.718842
10.062103
2.5783691
5.3599243
2.0278015
11.398376
0.63812256
0.91815186
6.8797607
3.472168
3.8387146
18.714294
8.101624
17.473724
2.811798
5.310974
15.045959
25.847626
14.3515625
19.132935
18.748016
10.5578
12.02417
6.2654114
13.392029
10.764343
14.091888
4.261444
30.23639
4.161621
1.6215515
20.90976
15.256165
5.02182
5.38208
24.102234
16.884949
15.930176
4.838257
12.197052
12.621216
1.5245972
1.2874146
5.4025574
0.19082642
25.463837
6.897339
15.023956
18.45819
5.7861023
2.2746582
6.4990845
-0.96728516
11.369537
4.9125366
19.512177
-2.5552368
37.24478
7.9277344
1.5171509
10.543976
2.2685547
-1.1499023
15.629272
3.8937683
6.217224
13.579041
-0.91363525
14.906464
2.6419678
17.397614
8.561279
10.126312
23.938171
-9.139526
17.872742
10.7578125
1.8106995
2.3378296
20.841095
38.62393
26.709595
6.704773
9.688599
7.4036255
2.9218445
7.0669556
10.513367
25.365509
10.904968
-0.8540344
4.5384827
8.906555
4.083435
11.872284
18.116943
3.8258667
0.1958313
12.198486
20.556335
2.965332
0.0546875
-1.2201538
-1.2020569
31.774963
10.633362
2.3035889
2.636139
10.605011
-8.549957
20.328949
4.6484375
3.2165222
-5.6535034
14.149994
12.569
-0.48553467
46.978455
4.1359253
1.3192139
9.085358
-0.21887207
0.50787354
7.7065125
5.9216614
20.150787
9.778717
12.694824
17.006348
4.7355957
5.512451
3.7407227
11.907928
-5.6029053
3.771698
30.609314
-1.1047974
-3.8612976
30.267426
0.16955566
10.4982605
0.67211914
0.07608032
19.976654
7.2633057
16.86621
17.908722
10.530792
22.707367
17.388336
33.768707
5.4367676
5.9363403
15.125519
3.1595764
10.282867
14.877045
-2.871704
-2.001831
5.7520447
1.7756348
14.696747
5.1716003
6.874939
-0.087768555
1.4482727
16.01123
-3.6445618
12.570007
51.624115
-0.40216064
-0.9578552
21.215149
14.660553
-1.9935913
10.661743
1.2087708
6.2615356
1.914917
14.395569
7.7836914
1.4012756
0.5050659
1.9586792
0.46829224
2.4174805
15.188324
4.015808
5.530731
-3.309906
17.167236
2.065857
13.343506
-6.433716
2.4986877
0.60531616
-2.0413513
13.959961
21.328033
-4.9825134
10.193756
-3.7069092
-2.7275696
14.577545
-7.015625
-5.2093506
4.25766
6.2481995
0.809845
18.281189
0.5589905
-4.6984863
12.126282
-2.4372864
27.054108
21.662628
17.324768
6.737854
7.3750305
14.206177
14.106018
-7.1696777
-0.9402771
14.42215
-2.6588745
24.872528
5.8981934
5.1842957
14.430328
5.8754272
18.883118
7.886963
1.0517578
4.631256
-2.933899
2.5092163
25.191864
-16.45691
11.732727
12.658691
10.0920105
-18.228668
-11.327515
7.0594482
6.919739
10.753998
-8.19223
0.4376831
20.968018
-2.8236694
0.5549011
19.700897
4.4852295
1.4699707
2.4145203
4.642273
21.644592
-12.266693
4.280945
19.834656
-4.2715454
7.252716
-22.708649
-4.020508
-7.5030212
15.019379
-1.3988342
-15.179169
16.526276
-3.7894592
15.053375
19.077423
10.4305725
0.8503418
-32.00293
12.55603
-11.528259
40.364685
0.59954834
-21.203339
-12.47464
20.71283
0.95425415
24.866394
-39.808258
55.482513
22.976685
7.759613
30.367798
-11.485901
28.956787
9.154602
7.0688477
9.523956
1.659668
27.007019
12.204285
3.1269531
9.808899
15.977295
14.0381775
12.580475
-31.84903
4.431488
11.7500305
28.59256
12.37381
-2.7856445
-21.589874
18.891144
4.644928
17.428467
13.219818
14.505127
26.865204
14.835754
11.694366
-0.8312378
2.2983093
1.809021
-0.22219849
-0.064086914
3.4372559
6.114319
11.896881
-3.8573608
5.610443
9.350372
11.169983
13.789886
23.233124
-3.1476135
-3.8589783
10.229919
-3.0350647
-2.4665222
7.662964
6.298523
9.105377
33.43622
-5.793915
11.4644165
9.129425
23.822174
0.53845215
19.427795
15.917572
1.871521
-5.53714
12.654022
10.10791
6.496063
13.356201
-25.233673
16.962097
-3.9550781
6.3429565
12.898499
14.22821
-0.1281128
10.091492
-11.132507
17.294312
23.358978
11.996094
17.73294
-12.521118
7.005127
-1.5312805
-15.495422
9.777466
-9.72644
12.897949
18.559021
12.729584
6.540863
15.790314
5.110779
-11.860046
11.916443
17.788208
-4.9239807
-0.8814392
10.194061
17.65387
16.578003
-30.750946
-19.819672
22.765198
-0.2994995
-0.2579651
17.476501
14.762756
-8.412872
4.107361
-4.4111633
13.162109
0.8595886
1.1804504
8.801025
30.335876
8.554047
22.727112
-6.3983765
7.5372925
1.0147095
9.022308
17.524933
3.5064392
10.848267
18.000793
18.43274
5.3156433
4.8750916
8.188812
-5.271637
1.6912842
-0.09542847
-1.3340759
-1.5945435
-6.54364
5.70459
10.195068
-10.555267
4.8260803
9.655304
-1.0568237
-7.669647
4.8273315
2.3592224
6.153839
5.743988
7.3055115
-4.5429077
5.260376
-14.330872
-17.337952
-16.228333
-4.927948
11.520508
-21.311981
5.8089294
-1.5698853
-14.971313
7.643402
44.440155
23.791931
-42.786865
-32.332703
34.190277
23.953003
3.9526367
5.498352
6.9826355
9.435608
22.308624
-9.205963
9.999939
2.825714
7.3623657
19.537384
11.88562
45.458588
0.4640503
10.9427185
4.9417114
3.216919
14.785553
16.86615
-13.231506
32.428192
0.36688232
17.15274
8.04187
2.9766235
7.4700623
9.190094
30.750671
14.121796
11.401825
10.290863
26.494263
6.537018
-1.8166504
13.989349
6.00177
36.008118
22.429443
4.826416
43.530853
23.54831
16.065704
27.24591
0.72161865
12.048737
6.203949
-3.1918335
3.6795044
18.263733
17.823029
16.52066
2.7660828
12.496521
4.9062805
2.8053894
5.817993
19.64029
11.315247
6.916168
8.263611
14.340942
19.518341
5.9744873
11.791412
14.821503
1.0970154
12.563232
11.191254
12.490692
1.727478
17.431915
7.0182495
-9.704132
8.372681
3.8940125
20.595795
17.856842
20.475739
14.411621
7.197113
21.470734
10.912201
-1.5466919
16.248138
5.7836304
-1.7629089
0.038635254
26.266418
2.0408325
-0.6378479
11.5659485
8.845245
1.934967
-3.793457
1.9247437
-3.5188904
-2.6021729
-6.0776367
-8.339935
6.47876
-0.71987915
29.74646
-0.7529602
-1.6867371
1.8696594
2.3890076
20.556854
-4.2283325
-11.899231
-12.923401
-19.987091
7.3751526
8.10321
11.163696
1.5215149
15.115387
-4.208496
-1.8004456
12.1475525
-14.535004
-0.04156494
-8.025635
7.525818
4.2027893
19.560577
-30.508148
-20.893799
-38.262543
12.189514
35.835724
16.678436
22.699646
-0.7343445
-0.73721313
-9.675079
-0.66101074
14.840149
-6.699402
-0.55599976
8.651337
13.278412
11.188965
-7.685974
4.54718
3.3807373
-0.40777588
-11.0065
0.41174316
8.37439
-1.7589722
-31.259918
-7.9993286
-4.360016
-30.80838
2.3843079
-11.835327
-17.502869
-36.415466
-5.044983
-25.090729
-22.809174
10.5546875
-3.3171997
2.1186829
-30.129913
-18.36847
14.968262
-10.618774
1.7631226
53.03479
-6.5147705
-3.6000366
17.665527
-59.071472
9.001404
-38.114746
40.140625
-16.641815
1.8002625
-8.63559
-30.411682
1.2019043
-4.1689453
26.533752
-18.904236
7.3549194
-8.163055
-5.8273926
16.176178
9.436066
3.262024
0.38464355
-19.767548
-30.353271
14.809448
-6.3828735
2.314911
8.917358
-16.702698
1.1926575
9.16687
20.085846
-10.93811
11.53653
-2.8842773
-0.05834961
-0.6524658
8.936798
24.784943
-7.5335693
5.762085
2.5126343
-6.7929688
-13.653351
-3.9753723
0.36843872
-39.585022
10.772919
14.5104065
19.517914
13.371735
15.470459
-6.8777466
-2.878662
-12.734253
-8.311066
11.421936
-19.121246
4.618103
-11.036224
24.074402
-27.899384
3.7584534
-2.1531067
9.254181
0.16470337
1.8524475
-11.164795
16.548859
14.851715
-2.806549
6.9311523
1.0691528
-5.887512
8.458557
-37.470398
6.623413
24.49533
8.301758
-12.490082
27.244324
-5.2266235
1.9023743
-20.399963
2.8825073
-14.180756
-2.6311035
-18.54657
-9.1658325
-9.888702
-32.13614
-6.042206
12.314423
1.9403076
-17.6138
20.528381
-2.1124878
-9.434845
1.8883362
9.57547
4.3159485
-4.3711853
8.00058
-14.406342
-17.009521
5.3682556
-6.326874
2.769104
17.808868
-14.371857
9.143066
-5.5411377
-11.779083
21.287018
24.263885
-12.076904
-16.198578
-27.943237
-57.566193
-8.173309
3.2778015
12.190033
-7.9726562
-11.948181
-1.6046143
7.5553894
0.17288208
1.9628906
13.566864
-5.3355713
-9.592316
3.3266296
-30.249084
-7.356415
-30.925537
3.271637
7.5415955
-72.861664
-19.428436
-27.00467
-16.996399
13.292023
2.2375183
21.428467
-22.725067
-4.8821716
19.3779
2.7044373
19.775269
-54.36258
-38.065277
-31.128906
21.963715
5.755554
15.599579
16.93216
0.17126465
1.2114563
-1.8781738
10.779449
-5.805786
-6.1506653
3.7185364
2.5881958
-6.4728394
-2.9247437
-26.68634
23.42572
-23.217682
-6.7920837
-25.884094
-11.631226
-18.39389
5.065338
-5.977936
1.3710938
-4.271057
12.598816
4.203705
8.733948
15.5512085
0.9743042
8.883087
-4.7863464
7.6167603
0.39349365
20.51297
9.714386
-2.3573303
10.274048
1.5713501
6.463318
-8.780365
-5.210907
-26.053253
9.1684265
17.21936
5.9704285
2.9490967
7.737793
5.389862
4.8865967
-21.66092
-12.590332
-22.555725
2.598236
-13.013336
-0.27456665
-4.5463867
3.508728
-9.604401
-12.231659
5.213928
-19.146301
8.713562
2.2278137
1.7806702
-11.965668
-30.740936
-20.915619
6.577942
-6.964966
-11.057404
-20.47406
-64.08478
-6.6670227
-26.126556
-36.57193
8.416107
1.8206787
1.9917603
6.671753
6.500763
12.584351
16.530304
6.0119934
-7.599121
-15.334015
2.111145
-4.617096
-6.420044
7.7512817
-14.472839
5.8529053
-8.585083
7.78537
2.6947632
17.907196
-8.773224
2.7210388
-37.50769
-21.05423
-6.3563538
10.134155
-5.143097
-0.30654907
22.054077
-21.251831
-1.3375244
27.147308
-4.221344
3.9179993
-40.694763
45.35742
-5.9251404
-33.270203
3.541565
-10.108887
-7.32428
-29.906067
21.038269
11.585144
1.6549683
-31.73581
9.2561035
-18.052124
2.7608643
-36.619446
-9.198242
-30.731049
1.3580627
-24.49823
-6.295349
-20.580292
-28.886383
-14.009308
-14.043121
27.67511
-25.6622
32.698914
-3.8571472
-3.421112
-66.71991
-50.37851
3.2368164
7.040283
-30.56192
-5.687866
4.191284
-9.4887085
-42.858887
10.851501
-26.019836
3.2668457
4.995636
-5.5653076
-4.0347595
-23.480377
9.511047
-53.894775
-89.53937
-3.883606
25.657959
-25.041046
-35.131897
15.167175
-33.06897
16.137665
-85.883606
0.82299805
-42.013763
-23.356964
-48.619995
12.380493
-59.535004
-23.7276
2.9358215
-39.837677
4.431946
14.530457
9.950806
-53.008514
3.8359985
-45.561188
18.295044
-7.037384
17.11676
-46.478973
-1.4745178
8.663879
-26.78128
-12.313568
10.82962
-20.03598
17.242004
19.615936
-1.9134216
8.634277
-23.764832
6.165497
0.54989624
8.861603
10.137817
1.9942627
14.772034
3.9275818
-1.7788086
2.835907
4.2789
-2.1150513
-2.577362
5.360016
9.608704
12.151733
12.076569
0.7842102
-2.90448
6.861908
-4.5933533
-4.222229
-1.0580444
-2.117279
9.142944
-1.4122314
3.4242249
13.862396
3.4437866
5.903015
-5.547241
3.9927063
-13.062744
1.1025696
-1.5908813
-2.5910645
-67.71866
0.81018066
-18.322723
-5.432068
13.5998535
-52.24939
-18.112762
-68.62027
18.64087
31.348022
4.674988
23.057343
7.531952
9.549255
-2.0193787
-52.016724
-11.489075
-3.7208557
4.9922485
-13.236053
-15.955841
11.0572815
-4.24646
-15.510101
38.38687
-0.62338257
-21.634583
-33.839813
0.68865967
-0.83132935
-9.933044
-8.677643
-18.004974
-56.501434
9.030884
-32.756287
-9.23172
-25.257294
6.5153503
-44.60382
-9.461792
21.090271
-13.822052
21.635376
-36.132874
8.03363
-49.588745
-69.01361
6.2843323
4.0293274
1.2347412
-29.839539
-8.690155
-53.473602
0.13595581
2.258789
-6.672638
-9.860443
21.188263
6.615692
7.023834
-7.552185
-12.405151
-26.84253
-16.77243
-0.86520386
4.662384
-4.0078735
-13.75058
4.3211975
-6.84964
-1.1724854
-13.254578
0.21951294
-7.3215027
5.442749
-9.925201
-30.412354
0.6029663
11.12619
-8.858795
0.2973938
3.1744385
-12.738098
-1.7867432
-28.966278
-2.474884
-40.190674
-19.021057
12.031921
-29.230988
-41.756775
15.20105
-26.270935
-23.617249
-17.60727
8.73349
-1.34552
25.147186
-26.850739
-11.970062
11.223175
20.950775
-31.898132
5.204834
-27.01529
-61.927643
-26.667023
-32.35666
-40.299652
-13.39151
-1.1235657
-1.7245178
-4.517395
-49.266632
-14.16394
-9.166351
-6.3382263
-88.19754
-43.36966
-74.79254
4.441101
-20.573395
9.254669
14.902985
17.42102
-14.680115
-42.38031
-13.25296
-41.715576
-31.268768
-23.721405
-12.225403
-109.19394
-6.0039673
-51.264374
6.0661316
-18.394684
-30.478271
-6.253662
-3.7115784
-18.913635
-47.959442
-22.405304
-26.08731
-18.896576
-17.081848
-30.581787
-51.459167
-1.0905151
17.153381
-11.957092
-5.745636
7.316864
-6.131256
-1.5462952
-5.1284485
-34.114105
-80.3147
10.78537
-25.750977
-19.59909
-14.737183
17.052002
-33.243683
-2.3361206
34.108948
-0.7809143
-0.8332825
8.158112
-39.21115
-6.2744446
8.961548
-0.8648987
-11.139221
-19.365387
-10.554138
-35.071533
15.635315
3.216217
1.4569702
-16.572937
-20.224762
7.3694763
-32.41046
-19.92865
-12.018341
-27.346039
2.4844055
-21.999573
10.418823
-13.352631
-19.340729
-11.9534
-9.570129
-24.42923
8.058228
-26.376831
-17.52481
6.7915344
-18.894836
2.9736938
-0.2284851
-4.8644714
3.048462
-2.3660278
0.5909729
-15.221069
-11.179443
25.720001
-30.204529
-6.240143
-28.775879
-21.458557
-17.763947
15.599426
-19.258545
-9.784973
-13.175018
-9.760162
-3.8753357
-20.918976
-40.24109
-55.47336
-54.76651
-69.52905
-10.833801
-35.372253
-59.269714
-30.613586
-16.8891
-19.58371
14.696808
-4.075653
-7.261566
-15.451233
-12.404297
-9.365326
-25.903717
18.907013
-63.902435
-36.112152
-36.703278
28.893188
-27.67096
-21.378784
-10.458252
0.08123779
-3.1379395
4.041504
-8.782898
-19.86438
0.95892334
-13.057037
-27.033356
-15.411255
-14.945557
-8.2187195
3.657074
-26.235992
-9.512238
-63.57831
-33.42093
-17.254059
-27.365112
-36.57431
-18.38504
-33.61209
-25.03189
0.43945312
-46.304443
-30.743134
-41.649597
-28.918304
24.536652
-2.6482239
-36.54367
-7.5858765
3.6890564
26.314178
-4.710144
6.815979
-30.110748
-13.119659
-20.237335
-93.940125
-46.23114
-76.62079
-51.304016
-26.219086
-46.099182
-1.4655762
-27.641083
-37.31372
-21.448303
8.255066
20.619354
-27.155975
-23.141113
-70.17502
-86.96478
-44.750732
-24.936157
-39.177002
-92.387024
-71.92758
-32.767334
2.6446838
-19.17337
-31.117462
-18.34964
-8.256836
-34.110474
-17.895569
6.0584717
18.435822
-75.40701
-48.65747
-56.232697
-61.19281
-25.389526
20.022644
-31.49643
-48.321564
17.819397
25.57898
-60.467224
-51.63205
-9.055695
-30.476074
-11.778107
-32.960297
-37.1987
-46.080048
-9.070251
-52.031006
-34.77716
-53.247498
-40.861664
-31.13916
-6.9404907
-12.763947
-35.633698
-52.180298
-22.70398
-4.185364
-5.7867737
-58.294525
-51.664734
-38.050415
-57.94876
-56.826355
-17.328522
-69.96445
-16.095123
-16.809204
-9.856781
1.6301575
-4.221527
-79.59097
-20.595245
-37.296753
-44.329742
-51.332336
-71.363556
-68.26907
-45.52707
2.4565735
-36.34555
-42.166016
-7.4657288
-17.88269
-36.78592
-34.585876
-27.042267
-7.499542
-40.055725
-61.35791
-66.27878
-33.82962
-47.48401
-38.394073
9.053925
12.813477
-62.225098
-63.75949
-35.721863
-36.3385
2.9528809
-37.330597
-12.721466
-59.451935
-34.5856
1.3134155
-88.36563
-6.6487427
-25.179169
-20.399078
15.224487
-28.873108
-39.68689
-46.166443
16.142303
-53.533264
-0.18414307
-64.73346
-53.52365
-60.62082
-22.094757
-25.755402
-40.386597
-34.885834
-75.687256
-46.16513
-99.144684
-48.676483
-19.596466
-57.78058
-43.401398
10.753174
-47.243744
-30.27246
-99.071625
-89.78003
8.411896
-35.874023
-20.529388
-23.558228
6.44751
-32.74533
-19.065094
-78.462036
-19.703766
-4.3186646
-17.940979
-25.881561
-11.261047
-87.183136
-59.196747
-38.472137
-37.789948
-45.439667
-16.57489
-39.89911
12.267731
-20.199219
-14.034271
-66.77899
-9.937927
-27.661865
7.139099
-86.41266
-37.553284
-58.246063
-36.87628
-20.614807
15.139008
-18.481628
-1.670929
6.473755
-21.430878
-33.791656
-11.6336975
-9.428741
-65.26935
-30.128235
-18.063599
11.9435425
-38.44812
-25.256622
-19.872925
-15.118561
-54.64334
-15.301666
-5.5917053
-28.539429
-48.111877
6.9742126
-9.505127
-75.20062
-65.4429
-42.566223
-2.0965881
-24.769836
8.203308
1.4649048
-29.250458
0.4887085
-4.5660706
23.28009
-8.167877
-11.916351
-62.12079
-9.725861
-40.281525
-18.437256
-13.781372
17.46933
-98.44217
10.590668
4.485504
-3.9360657
-8.719757
10.692841
1.9597778
25.087585
13.51297
6.563324
0.7857666
-7.5484924
-27.811584
-39.74701
-37.04953
11.730286
8.869598
9.548798
19.514587
4.115906
-1.0696716
1.1643677
6.047577
0.09509277
-3.6991577
5.3280945
7.94104
0.5761719
-0.43566895
-13.045502
6.9835205
2.7835388
10.5390625
9.260437
1.7252808
7.038971
1.0352173
-1.0240173
4.036316
1.8596191
0.26678467
6.5079956
6.62027
9.337769
-5.177429
6.9013977
-5.876343
0.3960266
-6.8082886
-3.997345
-5.0174255
1.0744934
12.684845
-8.3594055
-0.6491394
-6.1269226
1.0507202
-4.752838
12.240936
4.3204346
-1.3429871
7.9885864
13.152496
-2.1272583
-6.286682
-10.678741
-14.725159
9.931671
-27.231415
15.91217
-15.541992
-24.451935
-14.818298
-9.44519
-7.53537
11.337952
-37.623596
7.600769
-3.326355
-2.2399597
-7.5112915
4.543091
-32.63974
-31.0513
3.0621643
9.141174
-25.851135
-8.804657
-44.379272
-27.871826
12.603912
-39.419647
12.016602
-14.163971
-35.29532
-30.947998
-44.962646
-67.5845
-34.93744
-6.9058533
16.403168
23.987701
-5.520691
-113.0249
-90.009
-32.90924
6.1931458
-24.157776
-12.199829
9.3802185
-10.860626
2.6654663
-23.20758
-9.504364
-38.98581
-28.820679
2.4148865
-10.302399
-37.58435
-13.54718
-44.9003
-6.5195007
-1.8460693
0.734375
4.921936
-14.139374
-13.269196
7.8875732
1.2208252
-32.714874
4.9276123
-4.9913025
8.582642
-27.969543
2.29187
-5.5309143
-27.254944
2.9151
-8.985352
12.563873
-30.542847
0.36013794
-37.371643
-36.88098
-25.057648
-23.171204
-8.620636
-27.345032
-58.91635
-66.572235
-22.008698
-53.4368
-1.0979309
-18.959595
-41.679962
-4.5155334
-7.752411
-45.39972
-23.038422
-21.668
0.12893677
-54.451538
-46.32257
4.675812
6.82843
-54.063873
10.510864
-80.84595
-25.108582
-24.718689
-20.472168
-11.309174
-17.789368
-41.967438
-29.697327
-29.546173
-31.982635
-25.875946
-3.583252
3.7355347
-13.722992
-16.03711
-22.99707
-38.9328
-22.302612
-45.739136
-15.938171
1.7495422
-13.532776
-32.11563
-30.937073
-11.947937
-17.13211
-31.96167
-9.296661
-19.01181
-12.916534
-21.474731
-39.238678
-44.220154
-68.26358
-9.157166
-36.041504
-40.45279
-51.072327
-63.987366
-41.326385
-63.192444
-35.118378
5.1968384
-36.031433
8.313568
17.851318
-42.141266
-23.148895
-53.371124
-15.434448
-11.404175
-48.146667
4.5172424
-51.61145
-18.547058
6.167694
-17.29779
-32.641632
-20.395538
-23.225708
1.9316101
23.520905
-33.142914
-14.272461
-42.15396
-1.724823
-8.551636
-23.173615
-33.90222
-2.0504456
-49.294952
-21.59961
-33.8703
-32.960236
-38.28424
-9.433685
-29.00467
-83.42551
-32.282288
-61.14621
-29.436554
-9.081116
-27.311188
-34.000305
-18.263947
-33.467163
-20.049011
-43.05951
-28.196716
-13.093445
-39.559784
10.784637
-35.288788
-22.550385
-2.9269714
-53.685913
-23.681793
-24.40799
-4.7770386
-21.749847
-44.84314
-23.284607
-29.746765
-78.557495
-41.452454
-41.689575
-25.880127
5.083954
-15.543121
6.855194
-17.870453
1.9873962
-19.941437
1.8396301
-16.51416
-32.369812
-15.98114
-52.728302
-28.325836
-30.595245
-55.699768
-29.493744
-24.819153
6.128601
-8.661957
-25.997131
-5.128723
-3.436493
-41.691895
-14.166443
-70.61801
9.773132
-57.665894
-64.61948
-11.163788
-22.550323
0.2816162
12.5061035
-23.932343
-6.720825
-22.86612
-15.565094
-8.718597
-5.1351013
-24.500458
-43.336426
-7.623535
6.225006
-3.236084
-23.747406
-14.78537
-27.239655
-30.191101
-47.630127
-24.667969
-20.396698
-8.169434
-37.61203
-19.403717
-31.236053
-29.674835
-10.604279
-46.92459
-25.764069
-73.09
-28.762878
-36.812073
-67.20407
-19.517181
-25.380737
-91.56952
-28.40979
-26.917633
-33.248352
-9.306122
18.40976
-68.910645
-59.684814
-120.36325
-94.178406
-64.50156
-26.937592
-43.0701
-21.678375
-46.41397
-23.848358
-57.877533
-16.301788
-22.894196
-19.75943
-47.925385
-65.06116
-34.032013
-21.133575
-14.876587
-34.742157
-10.249023
-43.107727
-27.468323
-10.672272
-50.888123
-54.812744
-43.26303
-46.967194
-1.9742126
-23.17862
-5.2641907
-23.28949
-26.701965
-14.550781
-90.4581
-43.710358
-50.821228
-20.049683
-13.202026
-13.284485
7.9347534
-15.716461
-51.958282
-9.060181
-1.1076355
-38.575073
-27.02121
-4.6854553
-32.849823
-28.976013
-36.16214
-43.21762
-18.23471
-11.672058
-37.643463
-4.0178833
-2.4443665
-24.066284
-33.75345
-55.09091
-80.74417
-21.32254
-44.204376
-51.87564
-57.5524
-12.465485
-40.943665
-31.518036
-25.595001
-65.99057
-21.531158
-26.92984
-69.55078
-57.863403
-20.338318
-80.42142
-73.84735
-61.469482
3.6948853
-39.18979
-57.244812
-42.064423
-8.077179
-46.02124
-46.203003
-52.25638
-38.468903
-98.86871
-57.568695
-70.90726
-56.153046
-70.685
-47.529724
-7.7608643
4.039551
-39.143463
1.2017517
-6.8544006
-23.544403
-0.9094238
-88.256805
-23.577759
-51.413055
-47.845734
-51.03885
-30.401825
-0.9991455
-1.716156
-8.751038
-19.197296
-15.040222
-10.433105
-5.4057617
-4.4986877
-26.547241
-25.703217
-17.459564
-7.0136414
-21.913574
-10.4823
-20.88733
5.4191895
-6.8632507
-36.43274
-14.993652
-19.531494
-25.440125
10.58017
-13.906799
-0.020751953
-20.000153
-30.062286
-23.919373
-62.95038
-5.2469788
-11.244965
-63.1539
-6.4508057
-33.047302
-15.02832
-25.180542
-55.943573
3.113922
-50.651703
-2.2819824
-35.210815
-7.704254
14.296753
-24.90387
-42.323456
-30.956726
-28.694397
-25.976257
-14.782837
-30.707397
-11.550079
-18.384735
-32.26367
-41.768982
-17.756104
-49.542633
-3.0344543
-13.345154
-9.995117
-21.657196
-30.12436
-17.572815
-5.071869
-13.350433
-33.516968
-18.326813
-90.953766
-29.421661
-58.35495
-21.201752
-42.97586
-14.506348
-9.5251465
-16.962585
-34.462646
-30.528168
-60.196564
-52.97055
-57.05478
-19.704865
-42.133453
-37.485992
-32.983368
-31.602234
-47.15161
-38.16751
-1.8551025
-37.76059
-27.283295
-10.243286
-53.547913
-44.481567
-19.200684
-36.937683
-43.298157
-31.620178
-23.535706
-51.32086
-53.428802
-39.147186
-32.262268
-14.752716
-74.457275
-15.433014
-11.612366
-32.49539
-38.669006
-11.91098
-34.0231
-68.115814
-46.711975
-65.54175
-37.381622
-82.16983
-91.56366
-16.494202
-10.404205
-71.516815
-48.115814
2.4718323
-16.863098
-72.51517
-38.41803
-65.76602
-88.082275
-50.45871
-47.733185
-60.214478
-19.76773
-38.21945
-37.104065
-33.79413
-43.331238
-42.77115
-33.803406
15.734802
-9.353729
-38.413147
-41.944794
-32.789795
-37.678406
-83.96231
-37.851074
-15.3003845
-21.45868
-14.309235
-16.946045
-12.9149475
-6.697235
-22.222992
-30.720795
-34.83084
-46.173462
-17.349213
-19.119263
-12.131439
-16.899445
-16.065552
-0.25253296
-32.261536
-11.048462
-9.672699
-19.384644
-41.000824
-19.4263
-18.027618
-11.201416
-22.951385
-43.54306
-35.926605
-37.526093
-33.123657
-4.9411316
-0.09893799
-54.393005
-52.364716
-25.251404
-28.579285
-19.738495
-59.276733
-15.7812805
-6.7083435
10.299133
-44.15097
-21.273743
-31.308746
-13.088654
-39.471527
-23.102173
-64.54465
-18.692444
-50.311157
-32.25714
-2.1425781
-11.713379
-11.697968
-15.152557
-9.283569
-21.246582
-52.03958
-29.579163
-38.188934
-13.936127
-23.82074
-33.990356
-26.677551
-15.795654
-37.08957
-47.48227
-4.436859
-29.01654
-12.056152
-11.990295
-28.865417
4.088135
-25.52237
-31.50122
-56.00412
-26.36502
-45.739594
-43.03592
-20.231598
-31.0354
-35.383423
-46.98285
-43.068024
-21.957
-25.734863
-106.48349
-44.508087
-26.942871
-11.179108
-90.207886
-26.669373
-18.251984
-88.54196
-37.664093
-45.538116
-25.18155
-3.7228699
-30.921356
-22.467712
-34.6774
-9.968262
-16.197083
-8.533386
-35.962524
-81.42151
-55.666504
-38.288147
-47.6261
-37.103363
-7.698456
-26.713257
-12.759644
-35.18222
-9.47699
-46.357544
-40.566193
-54.200073
-32.75421
-40.83853
-2.3233948
-58.961212
-32.215363
11.881836
-30.738403
-25.090942
-60.054108
-26.517853
-33.133972
-16.005493
-28.714203
-37.615936
-24.930298
-34.490814
-62.147858
-42.043854
-79.79016
-47.196594
-21.484436
-26.486053
-69.47531
-25.770355
-45.952026
-62.549988
-112.11194
-47.137512
-35.348297
-63.012207
-58.601135
-39.32007
-23.557678
-32.70575
-14.65448
-63.607605
-24.820038
-96.2514
-20.901093
-5.1089783
-57.573456
-64.56683
-46.055878
-8.052704
-27.717224
-48.89868
-44.178436
-53.773895
-70.770355
-60.6369
-39.663086
-35.05832
-12.789215
-31.715393
-44.802216
-31.260742
-48.11963
-21.836823
-6.508728
-0.50912476
-10.265472
-35.37619
-30.993744
-15.396637
-26.286957
-19.177185
-41.908905
-54.340668
-17.061096
-14.954254
-55.954712
-57.48816
-32.63855
-43.096985
-12.367523
-20.70996
-25.730011
-34.327454
-13.208435
-25.058563
-58.865784
-52.790924
-7.440155
-18.659882
-69.290436
-57.708893
-33.750336
-4.4393005
-22.589966
-13.147095
-33.899048
-45.3804
-91.3985
-50.066284
-46.08722
-67.166565
4.037018
-46.21582
-37.770935
-26.822327
-32.137024
-16.208527
-33.49176
-9.561279
-33.28119
-34.847565
-18.271973
-27.439026
-23.623383
-26.023438
-22.986633
-46.68866
-13.338776
-36.746704
-0.39959717
-66.489105
-10.664978
-37.55069
-43.218994
-27.990692
-20.487305
-16.98236
-33.53424
-77.79065
-21.037933
-52.574127
-78.016846
-40.468994
-6.5560913
-15.377472
-25.607208
-10.34021
-47.062103
-34.431793
-35.653778
-31.82959
-37.43167
-10.589355
-28.448639
-38.01587
-5.3791504
-25.412842
-6.5625916
-11.464447
-23.102173
-17.530731
-20.710968
-44.49646
-16.250824
-43.58197
-34.682617
-30.462036
-20.784546
-39.8786
-23.183868
-15.845367
-35.835815
-32.482147
-12.718323
-2.9997864
-14.172577
2.2088013
-21.835175
-30.755798
-45.410248
-26.36264
-37.90219
-9.991486
-16.585022
-28.662933
-42.08661
-38.885803
-46.243164
-13.05191
-45.03119
-35.411926
-33.98416
-20.334503
-22.717072
-22.725525
-50.43091
-47.04657
-25.343994
-48.290527
-13.877472
-17.560577
-32.169983
-41.916992
-24.008636
-27.211975
-12.398804
-32.216248
-25.471039
-38.909515
-19.614136
-37.61618
-28.87143
-48.04431
-26.6958
-13.5442505
-72.48343
-89.36322
-33.408844
-52.967957
-61.590454
-30.526123
-31.408844
-20.77951
-1.9208984
11.515137
-31.43811
-62.690063
-5.1871033
-56.822815
-4.802582
-33.382385
-63.088867
-36.52832
10.943329
-59.05722
-51.023926
-40.907074
-25.020782
-6.4398804
-27.449493
-33.612335
-5.3922424
-7.48938
-17.61377
-30.52182
-29.789398
-16.997192
-36.078888
-24.035828
-74.21597
-42.119995
11.9028015
-17.484406
-32.831696
-5.598755
-21.755524
4.6459656
-12.681702
3.1540222
-23.523346
-19.03659
-14.151764
-31.896027
-30.490753
-20.484772
-38.44333
-19.426239
-6.815857
-13.823395
-11.2239685
-15.056519
-5.8356323
-17.588654
-14.841003
3.617157
-17.05722
-28.892365
-28.325836
-31.677551
-44.05719
-36.172455
-39.11728
-42.464172
-34.37018
-30.595673
-38.263702
-17.01825
-20.054443
-56.805298
-10.017822
-39.842865
-46.29004
-23.763336
-10.58606
-37.692627
-49.623016
-23.45987
-59.164062
-30.915222
8.555054
-63.64444
-26.130615
-56.835022
-52.804413
-20.423676
-52.108765
-67.918976
-40.163177
-14.917694
-60.011353
-39.88968
-62.35666
-53.20578
-11.590332
-69.67584
-55.649597
-44.62787
-32.97928
-36.38504
2.6759949
-28.184387
-62.59149
-61.474945
-41.10498
-6.804077
-29.860107
-21.434143
-61.102936
-80.44821
-37.969635
-41.525726
-54.463562
-54.115875
-26.494263
3.2767334
-23.146332
-34.4711
-59.28656
-37.618256
-37.613403
-86.18054
-27.189972
-53.758545
-14.305969
-85.76068
-53.368347
-42.6015
-31.143433
-28.621002
-25.940186
-40.29196
-66.22998
-22.9198
-29.90976
-45.38867
-68.04764
-26.395203
-84.84729
-62.182037
-63.460358
-62.768555
-38.772034
-51.661865
-48.36969
-30.97705
-33.386993
-49.069427
-64.58188
-36.67914
-43.665527
-50.45047
-26.47583
-62.04666
-24.08014
-15.784271
-20.977081
-49.57959
-24.061768
-39.826538
-76.979614
-29.534393
-48.05069
-47.987976
-59.339996
-52.354065
-4.4545593
-47.100464
-33.97226
-24.940094
-85.292145
-36.574097
-40.84424
-52.9946
-33.7778
-53.629852
-22.324036
-79.18936
-54.753235
-49.417755
-37.112762
-27.050873
-55.43042
-20.273895
-65.181366
-49.342438
-94.28754
-58.08554
-119.087036
-58.67868
-78.52597
-69.20358
-40.346436
-50.92978
-19.511322
-49.91037
-48.94223
-40.30835
-19.092987
-19.615906
-31.738586
-33.951538
-38.362488
-38.45514
-43.94632
-65.26651
-102.892456
-38.06839
-73.09033
-61.286407
-58.180786
-55.97177
-11.821838
-74.3902
-22.855011
-74.32739
-60.758453
-41.652405
-63.89801
-34.863464
-97.635376
-48.332397
-38.315735
-60.868286
-57.923767
-59.770477
-16.388824
-45.21396
-71.675354
-51.861053
-54.176727
-57.902924
-44.838562
-48.57016
-59.453644
-37.744873
-68.05493
-67.40207
-21.295135
-28.80841
-52.984222
-28.72464
-53.50226
-27.42749
-15.641632
-59.80414
-13.851837
-34.004913
-34.494385
-34.082184
-43.960022
-31.181519
-32.69803
-51.714386
-59.75894
-53.73169
-67.65527
-20.416656
-32.295135
-52.222748
-48.659576
-41.51645
-39.41974
-30.817963
-42.595978
4.001007
-19.2482
-42.54825
-17.673126
-22.2435
-66.82962
-12.619812
-46.034576
-53.256317
-13.914337
-50.994537
-17.12741
-19.247406
4.9136353
-9.300354
-0.19177246
-2.4740295
-28.59082
-17.479248
-12.248993
-3.2070007
-0.66607666
-26.71463
-9.282837
-28.358307
-18.864777
-51.80313
-5.570923
-22.340973
-15.272949
-46.88556
-1.7479553
-11.979919
-30.85794
-35.62332
-47.33792
-31.697388
-54.786957
-24.952301
-41.61566
-37.976044
-35.88098
-29.33844
-39.610107
-29.098969
-40.46109
-12.163727
-37.243927
-48.578857
-42.889435
-36.367798
-39.760284
-14.590149
-26.406464
-40.584137
-26.756317
-58.077545
-25.325226
-16.461731
-37.793976
-53.70627
-57.37091
-9.685364
-35.03363
-60.22882
-27.324219
-31.908112
-9.9644165
-11.920349
-13.169586
-63.158173
-34.019043
-40.01642
-25.558838
-68.520294
-47.7919
-25.855774
-35.153687
-37.99646
-42.568756
-40.14984
-31.420227
-38.617493
-59.24704
-48.471313
-36.57611
-24.607086
-3.1777954
-47.818176
-43.774597
-27.029846
-11.428955
-41.737854
-38.160065
-50.662994
-58.295258
-60.99417
-54.315765
-51.760498
-28.301697
-51.648346
-46.63217
-35.158447
-78.3136
-64.33969
-79.22858
-47.74008
-42.51819
-16.766113
-48.067047
-43.100616
-46.8862
-25.566498
-39.488068
-48.441895
-42.659454
-74.35675
-73.41901
-70.38663
-38.290283
-26.386932
-19.174286
-47.40921
-56.126923
-66.22781
-34.42105
-34.48181
-54.195557
-48.23535
-31.50824
-61.435272
-66.353516
-26.536743
-45.827545
-65.080414
-66.31857
-33.784485
-53.575684
-88.95218
-2.620514
-83.49225
-24.504822
-29.909302
-57.02527
-117.70053
-60.50357
-30.993103
-27.519531
-55.19702
-27.011139
-84.88211
-53.515686
-32.386566
-52.864502
-44.83426
-32.97467
-97.27878
-26.10025
-56.177917
-32.93582
-53.197205
-35.49124
-8.749451
-39.085266
-18.902924
-45.01236
-71.06268
-45.94742
-48.090607
-56.51596
1.2503967
-55.250793
-58.811737
-47.233337
-60.302948
-18.21109
-45.217987
-41.13849
-58.8154
-16.566772
-29.325287
-34.574524
-22.906952
0.26446533
-55.503967
-78.26596
-41.07495
-23.884949
-9.440857
-47.932037
-10.007935
-19.576263
-60.02826
-32.49817
-51.925354
-41.252106
-22.694183
-50.451416
-24.223175
-54.499054
-49.315582
-66.67526
-69.292816
-52.467804
-58.998993
-15.1527405
-62.406647
-57.89337
-28.144318
-31.094666
-30.322845
-22.325684
-24.39804
-28.113586
-58.972412
-3.9855652
-41.285706
-35.154724
-50.805573
-57.203278
-28.98172
-43.69989
-25.761261
-61.133728
-69.0007
-58.409576
-54.035736
-45.631317
-51.80246
-30.029907
-51.088074
-63.32605
-50.69055
-33.36801
-41.091766
-60.49997
-9.456116
-23.943634
-56.969604
-40.990967
-45.518555
-32.94284
-4.943878
-19.322906
-29.456787
-73.28946
-41.289856
-16.127594
-57.538696
-29.934174
-10.519104
-48.912872
-25.59378
-48.88916
-12.2473755
-10.500366
-36.65625
-30.61023
-40.141693
-50.881775
-39.351135
-39.067352
-30.411896
-58.924316
-48.645264
-24.289215
-34.830444
-23.326508
-32.346527
-27.81668
-53.573517
-29.373322
-39.950928
-76.32211
-61.846558
-58.52118
-32.128693
-46.37982
-25.505188
-64.35626
-14.215271
-58.889008
3.3136597
-57.741302
-25.193298
-11.275299
-52.536804
-44.931427
-19.245514
-39.961365
-10.329376
-23.555145
-23.860352
-17.263306
-55.29718
-32.368896
-47.346283
0.6748657
-40.24475
-14.655853
-23.652985
-27.68805
-47.056183
-41.576447
-9.73584
-50.28476
-19.564453
-12.10437
-20.589478
-22.113007
-37.79117
-34.260834
-60.493042
-46.927185
-64.82648
-60.105804
-58.90753
-38.373535
-43.77426
-28.438171
-30.080658
-72.22751
-48.350037
-42.56183
-45.298096
-22.449463
-16.074188
-44.197266
-41.779785
-105.97717
-77.95969
-78.21341
-56.95581
-52.928955
-30.988922
-51.97992
-51.761566
-54.906982
-50.011017
-34.712402
-42.21472
-61.722656
-25.705627
-82.0766
-82.431
-37.610077
-21.365204
-38.839417
-66.74057
-22.95111
-8.839661
-28.651001
-23.106201
-13.57312
-30.429657
-21.81601
-21.523254
-31.200287
-59.993713
-25.573944
-43.801636
-48.077972
-51.30542
-39.662872
-35.536804
-36.64926
-35.67633
-9.922943
-11.131683
-4.5758057
-42.382263
-70.193085
-39.58493
-52.991272
-36.059845
-56.09311
-63.14096
-26.488281
-41.49164
1.3819275
-14.7283325
-24.092255
-26.585419
-36.270294
-15.608612
-61.303467
-42.37097
-47.16513
-78.16861
-27.775085
-42.67517
-57.475464
-39.7305
-37.361206
-37.6868
-21.602203
-17.548248
-39.8385
-65.77884
-36.008667
-81.2912
-45.201508
-33.71289
-61.780426
-54.013885
-62.96582
-49.82489
-25.099274
-55.666748
-54.01532
-74.16672
-52.68817
-85.37485
-8.375427
-78.53943
-13.007446
-49.45862
-49.99579
-13.703888
-38.316956
-25.428436
-64.40347
-1.1527405
-40.628387
-38.405
-65.25052
-64.58743
-42.48404
-35.63922
-32.131744
-57.26065
-13.395782
-41.91394
-35.089355
-29.594147
-34.457886
-62.920258
-60.611572
-66.78845
-30.853271
-50.64908
-52.714752
-25.71585
-40.051514
-54.279114
-19.029266
-42.52893
-26.654144
-39.145447
-45.058777
-33.525116
-52.47043
-41.934937
-99.31946
-35.80603
-25.759827
-30.227173
-48.34027
-55.552948
-50.700134
-68.18927
-26.44925
-57.00177
-54.58206
-63.48169
-69.70444
-45.605072
-10.939484
-59.529907
-44.312347
-49.841583
-58.582184
-26.790314
-29.040344
-42.407288
-56.162323
-54.790894
-11.945618
-59.660706
-61.63199
-43.43506
-62.119476
-44.17581
-52.77896
-37.696503
-48.95703
-61.593506
-47.469757
-69.74365
-16.319458
-51.6008
-45.52478
-79.71118
-19.340424
-50.954163
-45.190277
-37.665802
-43.369293
-61.69803
-25.931122
-38.266357
-61.31723
-60.985596
-55.41809
-90.53424
-70.373474
-50.912292
-43.010864
-63.57724
-41.354675
-60.723938
-69.89749
-97.08328
-46.862823
-1.653656
-27.557343
-61.903717
-60.26645
-31.242737
-62.006653
-66.57727
-29.53656
-46.791565
-30.076538
-47.131042
-9.619812
-61.43451
-53.43155
-28.309937
-17.675842
-73.423035
-66.48218
-11.527222
-51.357452
-52.62799
-23.25888
-51.613953
-45.54779
-32.694977
-69.92386
-49.18338
-47.26831
-43.882446
-64.424835
-31.364471
-84.50629
-53.036804
-54.266266
-62.08789
-45.346466
-62.264282
-16.744781
-36.05188
-8.092163
-29.519287
-46.161835
-32.167603
-40.295105
-69.815216
-27.345245
-46.597168
-30.75534
-39.58133
-24.890747
-16.833405
-64.657776
-56.72592
-32.815918
-17.29068
-29.789764
-21.508148
-40.86734
-33.704926
-15.07547
-9.807434
-39.872437
-25.359894
-48.250153
-38.55887
-33.26239
-27.565765
-29.536896
-24.023193
-36.324127
-4.760681
-44.03299
-31.673767
-39.904663
-36.724945
-48.806
-13.717194
-45.256866
-33.77362
-23.374786
-33.13385
-44.240356
-42.59619
-68.40573
-26.091705
-44.159424
-39.25815
-0.3503723
-39.23883
-37.72696
-69.15854
-24.174683
-34.88034
-27.31903
-29.840363
-31.52304
-23.584991
-13.973999
-16.918304
-29.397766
-9.918518
-33.921967
-26.11322
-7.4288025
-44.315002
-31.788208
-53.962982
-16.596619
-57.73114
-15.613373
-13.352997
-19.974976
-37.925232
-43.74951
-26.328705
-16.162384
-42.499817
-36.4628
-19.537598
-32.982605
-28.837524
-43.980988
-48.852844
-20.901215
-28.649902
-24.874847
-23.082336
-19.28241
-9.207153
-41.16446
-25.736938
-30.913147
-42.87555
-47.176483
-33.15973
-53.826996
-65.83011
-62.412933
-56.941895
-66.9144
-10.859131
-13.680145
-12.943237
-40.1893
-54.430054
-20.584442
-48.85913
-43.76596
-28.68103
-39.090363
-39.531464
-31.843628
-35.47058
-28.547485
-38.889954
-27.424896
-54.30487
-48.29825
-38.790863
-10.796356
-75.10965
-30.492859
-36.125824
-5.461792
-52.401215
-47.05887
-47.216766
-25.480194
-45.373413
-34.61673
-41.28604
-85.45657
-20.321198
-31.279816
-41.861572
-58.686462
-33.651794
-43.536743
-40.728363
-34.502563
-86.6232
-63.944397
-24.451569
-57.564667
-66.30167
-34.84668
-48.404144
-44.337494
-59.50473
-40.27121
-54.061523
-26.081207
-65.677
-29.179596
-46.26819
-59.579376
-43.856445
-45.900146
-30.496826
-58.82831
-45.29068
-15.604919
-37.922516
-51.407776
-64.40265
-42.9899
-60.45114
-19.219849
-35.86203
-56.162506
-32.808075
-20.04602
-42.57794
-57.601807
-16.85727
-53.821686
-70.16092
-20.705566
-26.232147
-54.205994
-53.4906
-25.79358
-53.927734
-45.19986
-15.825714
-20.31491
-59.055176
-22.81424
-59.86197
-83.74548
-3.5336914
-47.35971
-66.82214
-28.735382
-25.216309
-40.982178
-73.83844
-8.493652
-18.233643
-55.96646
-34.93689
-41.37436
-53.532135
-19.444305
-89.79849
-40.985718
-95.00656
-44.885376
-51.36502
-29.20877
-27.678375
-57.84967
-45.50528
-25.634277
-36.766724
-46.33914
-42.39972
-58.151
-33.13864
-55.98813
-46.315308
-17.88031
-35.843292
-22.139832
-49.749176
-36.66519
-20.290405
-8.04541
-61.460846
-68.09885
-60.23123
-90.40228
-66.71985
-62.93814
-56.941406
-31.079437
-35.322968
-4.679901
-21.225342
-76.81079
-55.32599
-72.88394
-24.225098
-24.518951
-61.36502
-14.028839
-55.253845
-55.292816
-43.82318
-50.85428
-74.41162
-31.002289
-56.244232
-41.56186
-19.437897
-8.971252
-28.441528
-11.952911
-23.129944
-58.210968
-13.496307
-37.997284
-30.773407
-36.63965
-48.06363
-45.818146
-47.939606
-57.753143
-50.34967
-58.67212
-29.012634
-62.996002
-8.609802
-25.784485
-48.175262
-64.55606
-15.283386
-29.361816
-54.49713
-39.724945
-4.009918
-47.620483
-44.52957
-14.397583
-27.356232
-31.058502
-27.307678
-67.276184
-59.73883
-36.990295
-65.701355
-35.58252
-73.40341
-56.013275
-38.874573
-51.598114
-59.504913
-45.40439
-67.73016
-41.12741
-47.1734
-70.40625
-9.028259
-28.253387
-66.92807
-52.56848
-63.943695
-97.04779
-69.80078
-63.503723
-19.929138
-22.23529
-42.948242
-36.804535
-48.916626
-36.185944
-67.96399
-48.509613
-78.42056
-22.112183
-25.924438
-72.89697
-30.597748
-48.24829
-23.810638
-40.32376
-85.41708
-19.399689
-24.05252
-20.984894
-42.69919
-38.839417
-52.095764
-45.60858
-53.513184
-23.607574
-38.99948
-38.473206
-32.15973
-44.107544
-61.535736
-21.444397
-47.735596
-42.47522
-32.807312
-47.282227
-44.787384
-36.185364
-30.346252
-13.97998
-12.758484
-30.989746
-44.81137
-41.103577
-29.967377
-51.648407
-48.182007
-18.707672
-53.033844
-36.02304
-24.835602
-66.562805
-36.039795
-43.49582
-20.592865
-44.955048
-50.90042
-28.625183
-8.603119
-26.71762
-54.444153
-59.4357
-83.037994
-26.524841
-28.58789
-22.364899
-35.345062
-104.15051
-38.309357
-61.571594
-19.76239
-33.617767
-77.42279
-51.06598
-63.17386
-29.336914
-43.424683
-57.722992
-20.91809
-60.637085
-14.464539
-79.217285
-41.010803
-30.222961
-76.057556
-28.602234
-47.01956
-55.898834
-52.644104
-92.19153
-73.11987
-65.96176
-18.93045
-51.999756
-69.32852
-43.383636
-70.14792
-50.623474
-80.258026
-39.88321
-16.271667
-20.234955
-95.08487
-44.493988
-29.75058
-104.95639
-46.77298
-4.0934753
-41.77945
-34.948334
-53.374603
-48.605286
-38.61078
-41.15976
-36.949677
-47.48697
-39.110077
-71.464935
-27.351593
-42.232147
-22.451447
-53.6015
-60.76834
-26.24936
-47.654724
-37.05069
-63.76303
-30.408112
-50.490906
-36.365906
-55.056335
-21.16977
-46.540375
-23.198517
-7.1491394
-42.945984
-36.429474
-48.73105
-28.633331
-66.3064
-17.317444
-37.581818
-42.752075
-31.80008
-23.152924
-20.664368
-15.804504
-44.456207
-49.92169
-34.23178
-19.170227
-42.78708
-69.263336
-30.817566
-68.6449
-54.6622
-66.31436
-41.154358
-53.35611
-63.249054
-35.409546
-70.073395
-37.789185
-19.716278
-45.754578
-73.62015
-73.76587
-87.51135
-89.50171
-37.38321
-69.12775
-25.836731
-77.52954
-120.38455
-79.44751
-39.371338
-45.59897
-36.832397
-40.02939
-26.1904
-33.298187
-97.628204
-30.377747
-46.724335
-14.972534
-67.23703
-46.512787
-43.47708
-48.406036
-50.897705
-70.38321
-21.63504
-33.374695
-49.34961
-41.661377
-45.798157
-30.716614
-24.955963
-85.08765
-68.09613
-60.39081
-25.917053
-16.336182
-40.423553
-53.077545
-51.655914
-39.724213
-44.628265
-93.74802
-57.155884
-56.24359
-109.442474
-34.577057
1.3422852
-66.26395
-29.075897
-69.3992
-37.31781
-105.75952
-69.842804
-44.190308
-37.01407
-91.47931
-82.1398
-83.39789
-35.138916
-25.421112
-48.427795
-37.978943
-56.44034
-55.463867
-40.70871
-83.63025
-109.35263
-104.46564
-134.99255
-30.854767
-89.09491
-76.11578
-53.018616
-56.54831
-44.596954
-32.33383
-66.05896
-40.943085
-34.67566
-36.601624
-40.77713
-12.532837
-29.544678
-28.348663
-15.320892
-27.056458
-44.00586
-39.91626
-44.13159
-23.193024
-26.017273
-13.256409
-6.3940735
-13.988739
-37.354034
-19.546509
-30.469513
-35.197235
-15.620483
-22.713654
-27.350372
-23.029419
-45.778748
-18.159882
-53.55545
-43.554718
-42.915924
-16.832977
-12.856293
-80.963776
-52.49063
-37.301605
-34.696716
-63.74237
-67.734314
-41.21646
-34.43509
-34.612366
-67.848785
-56.4458
-75.386536
-60.748627
-50.538116
-44.71991
-52.542053
-46.74774
-43.348022
-5.468689
-82.05426
-99.69574
-48.248413
-68.164276
-53.686737
-36.08011
-39.631042
-77.052155
-65.2944
-31.607452
-51.13147
-76.67569
-81.89624
-81.84314
-40.801575
-76.279175
-113.61301
-43.109406
-36.476105
-45.98343
-12.622986
-30.006226
-27.83722
-89.86978
-32.15866
-92.12875
-58.885254
-92.42261
-30.949005
-62.228577
-38.927094
-41.485718
-41.64206
-24.350342
-12.917633
-55.198975
-29.456818
-37.740326
-1.295044
-81.81949
-40.11789
-59.160522
-33.692352
-44.87796
-47.990326
-37.374664
-22.802246
-40.701782
-29.905212
-63.303284
-35.694885
-56.303772
-97.24249
-27.95874
-30.690948
-29.428406
-89.1676
-38.132416
-15.862366
-22.026337
-14.401123
-38.291534
-57.314117
-44.455048
-46.973816
-23.632904
-73.67581
-40.463562
-43.310394
-52.33844
-61.247498
-46.851715
-41.398712
-47.3956
-31.863068
-52.238007
-39.620758
-70.19382
-70.91431
-65.58847
-44.78473
-62.11252
-8.043915
-67.64319
-52.555084
-27.434204
-49.667145
-10.961853
-54.32251
-27.477661
-55.571777
-63.503265
-41.432648
-85.212006
-40.749176
-68.401245
-71.2865
-55.351044
-73.07593
-86.979065
-69.598206
-24.374207
-60.778687
-72.911285
-77.381836
-28.362183
-92.588684
-93.107025
-39.31317
-25.272491
-29.4859
-42.8432
-42.948364
-41.55887
-21.137604
-40.648987
-59.6597
-66.62256
-47.03781
-45.341675
-64.372406
-63.238068
-79.35742
-66.56613
-88.26108
-59.358
-94.69162
-43.418488
-32.722137
-23.601044
-68.72598
-122.24582
-63.082123
-68.60855
-51.021515
-25.735474
-55.94275
-69.93735
-30.675232
-65.9252
-47.855957
-45.562134
-78.55423
-63.946472
-94.90506
-38.441254
-46.851074
-35.23166
-35.88748
-88.3009
-30.90271
-27.950836
-44.40857
-27.349396
-76.36902
-21.469757
-40.300293
-47.918
-43.842346
-43.72351
-41.618134
-12.455383
-40.478027
-88.556335
-74.207825
-70.37616
-41.208405
-20.652954
-60.996735
-24.246979
-40.800415
-36.282043
-73.450745
-58.757996
-44.939056
-31.197876
-52.570953
-64.77731
-60.58014
-57.34616
-30.668732
-44.841278
-30.10785
-64.08487
-73.48035
-67.6499
-48.35208
-83.35965
-43.024475
-35.451477
-49.42267
-28.739166
-27.945282
-28.147552
-19.642853
-59.297913
-38.379852
-33.53296
-17.868683
-67.30884
-50.145264
-32.34778
-53.72058
-70.88385
-36.037415
-44.506958
-28.056946
-27.65799
-83.234406
-55.723083
-53.842743
-65.07541
-32.971985
-28.406403
-35.399628
-99.11774
-43.75064
-31.5708
-46.67865
-30.766418
-63.68399
-39.045715
-24.03366
-43.85092
-18.348816
-57.758026
-15.692017
-54.86789
-56.200775
-27.01593
-17.676575
-45.256683
-36.00705
-37.368073
-61.433228
-44.528442
-55.142853
-28.0083
-23.80075
-35.22711
-4.1231995
-68.68692
-44.86969
-51.26004
-39.987762
-53.957977
-32.43402
-49.910065
-27.754547
-55.09424
-40.90265
-51.081085
-31.626587
-34.714264
-66.45734
-38.856934
-60.897247
-40.50894
-35.83069
-67.93964
-51.628723
-54.321533
-18.57132
-51.90854
-38.79004
-31.27713
-59.703827
-51.270447
-31.245178
-30.84256
-41.192505
-51.11548
-55.283722
-49.589508
-55.72281
-19.939392
-58.42035
-35.59308
-35.803345
-40.719574
-33.183136
-39.008667
-41.89322
-62.4382
-40.276947
-26.408356
-56.077087
-54.092712
-62.118988
-40.26602
-52.587616
-76.486206
-42.55844
-49.958984
-68.802826
-64.23816
-50.9382
-92.688965
-43.70752
-64.19562
-46.527924
-30.452515
-94.2941
-43.06073
-49.17502
-42.712555
-72.470245
-75.87836
-89.60675
-76.76648
-95.107086
-50.850555
-57.594635
-27.451202
-99.65979
-77.09491
-65.25043
-87.64111
-38.758453
-50.764587
-42.681244
-56.578766
-39.08017
-87.48212
-37.181946
-50.185303
-24.826721
-49.19934
-64.38602
-53.45224
-50.846283
-75.87433
-55.48166
-52.32724
-46.57791
-26.202179
-33.17206
-57.954742
-74.74548
-76.43677
-44.66986
-49.15808
-61.812775
-52.9718
-25.340088
-50.750153
-45.612854
-41.273376
-24.806396
-3.8526306
-18.511047
-34.924164
-34.427826
-31.921448
-33.99359
-31.851898
-42.244537
-63.230164
-48.730988
-19.0802
-47.970856
-26.322266
-43.92569
-53.320496
-50.454437
-42.464844
-36.62744
-22.618988
-28.102905
-40.242523
-29.32367
-96.02905
-55.8891
-40.38745
-40.570526
-16.50473
-55.23056
-69.392456
-64.909546
-83.12201
-27.246185
-25.600525
-92.88165
-63.274994
-55.69879
-57.963318
-45.310303
-54.055298
-59.331665
-77.319275
-118.30127
-45.67157
-8.543701
-61.384216
-79.40347
-30.463898
-58.242645
-57.18631
-46.730957
-72.2514
-41.379272
-13.153717
3.9597778
-31.382904
-46.97934
-73.48355
-49.622253
-23.819519
-58.473602
-62.45233
-84.561676
-40.141144
-60.832855
-46.766296
-52.540985
-42.664093
-50.46988
-47.96286
-58.48938
-26.689728
-54.184174
-56.993256
-17.879242
-45.83905
-42.015167
-45.897278
-44.05298
-53.060974
-35.506073
-16.269287
-21.441437
-37.582092
-30.624878
-25.031677
-38.163116
-28.79602
-22.359406
-22.775635
-35.831696
-83.143524
-42.695923
-40.273163
-46.644196
-18.361359
-56.736847
-59.89987
-55.568146
-28.311646
-45.23703
-26.908081
-45.003723
-45.748962
-45.775085
-38.865906
-45.541626
-28.943756
-1.9730835
-22.03772
-21.57602
-59.591614
-39.933746
-34.166687
-60.509888
-83.37952
-50.770752
-48.403748
-49.921326
-26.959442
-24.7742
-19.857147
-60.582428
-39.00067
-40.091156
-34.33252
-28.920593
-26.602295
-63.793457
-29.595978
-35.01657
-45.22104
-72.105255
-33.994934
-34.425446
-50.54605
-43.398254
-43.695892
-50.47522
-64.30115
-42.37494
-82.467865
-50.38498
-59.86151
-30.70514
-88.402985
-118.1098
-57.098755
-56.33908
-21.437561
-46.194824
-71.10779
-60.959045
-67.6203
-51.6875
-72.20416
-58.32727
-34.346283
-62.302948
-52.64029
-69.088684
-30.304077
-47.26706
-38.74164
-41.055115
-33.823883
-52.65103
-43.66266
-56.652313
-44.868744
-31.170715
-74.733826
-80.197205
-65.488556
-60.828125
-52.50058
-42.13565
-47.962494
-48.033264
-45.598145
-63.7193
-97.74689
-24.304657
-38.524323
-61.68347
-73.899414
-38.278107
-58.89923
-86.51547
-11.502716
-12.687561
-41.525085
-91.26907
-23.20993
-73.25394
-89.74512
-42.904694
-12.917145
-32.132385
-47.23813
-20.93692
-78.97641
-6.2839966
-19.024628
-32.60196
-20.30185
-94.286316
-95.85333
-67.696686
-56.894623
-60.743805
-54.466797
-58.78357
-46.2901
-67.92325
-52.0372
-50.623993
-14.706329
-44.732544
-57.6109
-40.58368
-23.670166
-51.23703
-50.423096
-48.19098
-51.21167
-45.252625
-37.806183
-58.060455
-46.887543
-64.29013
-60.796112
-75.515076
-88.36154
-94.60272
-58.96817
-64.02957
-39.25699
-48.130524
-53.94635
-30.772644
-70.43103
-60.933655
-29.956299
-52.838104
-43.218872
-48.45932
-38.831177
-54.14673
-84.41312
-97.41104
-71.22858
-114.02301
-29.273499
-42.65027
-52.188812
-7.2100525
-66.19559
-98.88956
-71.54901
-85.22388
-29.07544
-74.72763
-72.10297
-68.84918
-55.4906
-71.06625
-38.272766
-65.135254
-73.19748
-60.39093
-38.75345
-52.47754
-48.197784
-23.773499
-44.801636
-56.188293
-46.739807
-47.088776
-29.023346
-13.227783
-10.392853
-41.953644
-26.615784
-42.39026
-47.130493
-61.846313
-53.022278
-29.336578
-19.795288
-25.881409
-29.651306
-23.138092
-40.653778
-37.89331
-48.8078
-67.14816
-49.20282
-58.81888
-76.01236
-30.032654
-41.111053
-28.11499
-62.898254
-65.8645
-25.284546
-12.315765
2.503296
-26.769226
-34.633057
-39.20636
-37.200897
-34.581604
-64.85016
-49.34616
-30.042877
3.8559265
-43.051636
-32.08728
-28.727448
-28.307251
-18.277893
-21.725983
-5.839691
-58.36133
-28.67163
-59.715088
-26.048065
-60.60669
-18.314087
-49.424744
-13.548157
-23.267303
-34.148865
-54.539764
-23.91629
-39.487793
-41.923462
-46.83075
-47.836334
-54.63858
-69.50891
-48.087738
-35.643494
-20.242249
-27.605225
-22.238892
-31.54599
-46.596466
-63.200623
-61.746002
-15.920502
-16.814362
-48.433075
-16.019836
-19.166168
-45.295624
-26.034576
-47.40103
-32.018738
-40.494934
-62.57202
-63.088013
-71.43686
-51.833527
-36.870056
-41.27115
-29.149414
-27.54776
-36.463135
-58.257446
-68.01608
-51.222107
-24.46634
-59.495697
-15.769897
-31.641602
-68.18155
-36.137238
-54.275787
-79.015594
-19.220703
-39.853027
-80.052734
-67.247345
-22.190887
-54.15689
-59.95871
-40.721863
-39.321777
-56.78897
-44.565796
-39.62091
-13.950592
-69.32211
-69.698425
-79.29529
-82.601685
-98.49237
-49.696808
-28.81607
-36.735443
-68.50491
-9.959717
-36.35977
-78.70471
-52.83432
-37.881866
-43.579163
-88.16318
-105.08594
-50.952423
-44.851593
-44.855347
-37.57605
-27.741302
-41.733612
-16.501282
-50.61499
-32.62439
-24.479004
-24.077393
-31.784302
-16.228302
-24.013947
-28.367645
-26.935272
-27.430756
-36.090027
-25.722687
-24.468933
-17.369965
-59.023254
-20.81314
-31.243835
-45.314606
-45.052032
-32.914673
-15.231659
-27.730835
-37.832825
-23.495697
-42.621277
-30.92868
-47.83792
-25.866638
-30.061035
-24.424896
-49.376007
-51.588318
-62.5755
-27.87918
-67.64105
-18.634033
-40.422546
-23.53247
-55.639862
-56.115143
-17.377441
-63.714874
-67.54031
-50.194977
-40.382324
-52.09073
-57.12848
-59.632385
-75.43643
-49.240326
-41.21524
-26.205475
-26.828125
-52.54016
-62.631836
-67.36551
-69.91965
-25.508484
-28.608673
-62.160767
-42.604065
-27.076935
-38.715485
-26.244232
-38.25995
-15.030212
-45.283966
-33.715546
-29.950256
-37.97525
-40.190735
-41.35733
-20.93692
-66.11093
-36.505432
-46.743805
-66.9418
-43.975403
-69.24835
-84.58841
-35.966797
-52.194763
-62.787445
-40.122803
-37.422455
-65.302185
-42.6203
-63.143463
-44.542694
-58.56314
-61.915527
-31.026672
-68.53958
-45.979584
-56.15753
-51.984344
-70.20102
-50.09384
-29.288391
-36.28293
-49.67096
-35.091003
-53.13687
-64.39792
-29.552399
-33.56024
-34.51364
-60.10495
-41.406555
-46.70804
-46.279938
-60.943817
-41.050903
-39.817688
-47.953674
-23.520813
-50.946747
-47.339813
-11.402466
-44.945526
-56.044647
-61.30957
-57.100403
-52.226776
-58.883636
-63.19272
-68.332184
-43.43756
-24.618683
-71.32263
-62.375458
-33.16974
-66.2103
-36.33734
-28.422638
-39.37973
-49.381714
-43.508606
-25.512177
-36.118317
-42.43863
-41.317932
-20.574158
-62.47119
-36.63669
-29.04422
-42.378265
-77.79782
-56.6528
-58.131042
-52.637238
-69.34381
-39.977234
-56.536102
-54.03824
-39.14209
-66.57001
-83.41278
-54.17688
-81.88541
-20.325226
-3.3578186
-41.76126
-43.660034
-18.156433
-12.58078
-31.14618
-31.304077
-38.975372
-50.719635
-76.999054
-51.770508
-38.036285
-34.188995
-80.27112
-34.052063
-43.733337
-64.84369
-45.440765
-53.436737
-53.249084
-68.22278
-40.42279
-34.35849
-51.71817
-37.40558
-58.609406
-59.706207
-61.814575
-13.641205
-53.03598
-59.16101
-47.93576
-42.328156
-66.487
-44.96823
-43.423798
-51.619263
-29.889801
-59.38211
-38.828674
-21.662964
-66.40314
-62.953125
-93.325226
-42.57785
-62.72934
-53.54727
-64.22235
-57.152954
-44.24884
-20.374817
-31.479004
-45.57904
-56.31598
-18.486969
-40.177216
-43.66214
-38.051178
-43.399475
-33.5849
-26.92694
-57.5354
-39.389343
-26.51059
-39.927216
-54.38629
-31.016815
-62.0654
-23.82611
-31.975159
-24.934113
-32.62854
-59.49109
-50.80768
-54.795685
-49.98242
-34.726837
-45.835236
-45.981873
-27.270172
-80.76471
-43.267273
-54.933624
-32.426758
-25.137146
-47.13733
-46.615234
-51.148895
-66.3808
-53.181732
-38.236572
-48.633636
-19.857758
-37.860016
-54.35742
-62.87494
-54.610596
-26.404633
-39.80124
-20.355804
-26.555786
-77.29538
-25.721924
-48.068604
-49.53241
-59.312775
-55.75064
-45.990204
-29.249695
-24.164215
-42.683105
-24.73822
-43.844727
-47.389374
-55.97354
-80.43274
-52.574738
-75.80441
-66.89285
-24.33258
-73.1033
-29.731812
-99.34335
-55.37317
-84.03433
-87.916565
-77.0022
-52.64914
-37.894012
-63.28131
-69.84598
-122.21341
-78.15195
-82.58908
-66.39157
-59.10202
-72.53046
-63.765076
-63.508453
-109.97229
-91.89609
-59.75833
-94.095
-58.99063
-148.53238
-104.02649
-99.21515
-52.483185
-53.50421
-81.44125
-61.037537
-57.635406
-82.14224
-114.456024
-110.72507
-62.962067
-46.49524
-77.90082
-61.430573
-39.992188
-63.38138
-43.042145
-167.3624
-59.0643
-90.38846
-112.59512
-59.802643
-114.99603
-87.46213
-118.18747
-85.22189
-104.731476
-50.034576
-45.972504
-44.275818
-77.2486
-51.739532
-19.260132
-40.57013
-54.841675
-41.219025
-41.93808
-100.60428
-61.72931
-62.263824
-83.93088
-109.71927
-73.77301
-64.083984
-29.337006
-43.48877
-38.70804
-58.082977
-48.927338
-31.292267
-44.84613
-63.91449
-73.01517
-78.839355
-42.979065
-57.758972
-17.70285
-48.64096
-64.58963
-63.796356
-55.391144
-65.50891
-54.758514
-43.845947
-47.552948
-25.587677
-79.80545
-40.80652
-31.149994
-83.68674
-36.127655
-48.020172
-42.64746
-60.635742
-56.26886
-60.16638
-20.831696
-24.434357
-48.83185
-45.568268
-87.44983
-58.122467
-37.046265
-42.24716
-122.16666
-73.69025
-68.93695
-41.823853
-60.702637
-39.43033
-70.838196
-40.841736
-47.7576
-45.87027
-30.537842
-47.166687
-96.6658
-61.96817
-113.846344
-22.999664
0.3711853
-56.710724
-60.54373
-21.792938
-23.754395
-15.473846
-23.546082
-44.344086
-33.535492
-46.89502
-27.891998
-27.724792
-29.699646
-21.425232
-28.667603
-27.523315
-65.46741
-31.99228
-53.466125
-54.29538
-60.6044
-20.847076
-19.080292
-34.33365
-19.641937
-8.346588
-43.73709
-10.735504
-46.2218
-48.33185
-29.394012
-8.998535
-29.350769
-16.492981
-39.656403
-38.283173
-62.227173
-50.442688
-78.49893
-29.581665
-43.172333
-40.55966
-4.51593
-68.66818
-25.41504
-44.31482
-53.21222
-32.763855
-49.51706
-37.154205
-52.62204
-83.92331
-83.32071
-42.768524
-73.039154
-74.40381
-36.91812
-26.057709
-13.338348
-55.680176
-91.90845
-44.725677
-75.55237
-19.839233
-48.591125
-37.96637
-47.10675
-68.04285
-28.592407
-43.016632
-15.080017
-55.2782
-56.319427
-42.568146
-37.010406
-57.234406
-10.196716
-57.433716
-37.68698
-37.642487
-50.911926
-37.489014
-37.700592
-40.509644
-12.7230835
-46.612762
-46.259857
-13.165161
-48.91162
-32.78842
-48.756775
-45.367188
-32.760834
-74.89316
-55.77234
-28.36969
-40.836456
-40.03827
-33.32953
-40.089294
-22.10202
-36.804565
-45.934387
-33.47171
-74.60376
-47.298492
-96.54553
-53.656647
-66.93051
-54.567383
-45.493164
-31.211609
-26.018066
-56.657074
-50.241425
-63.57437
-29.624512
-56.276398
-56.814026
-25.433197
-31.012634
-46.162903
-27.780182
-33.875763
-29.249329
-54.078156
-57.883545
-48.960236
-46.16223
-21.29956
-65.329834
-60.541473
-18.253906
-56.46579
-67.99182
-14.128113
-51.710907
-35.82495
-55.93857
-52.820526
-24.855194
-23.241852
-60.556
-73.05731
-26.042084
-41.092407
-68.61197
-36.77057
-50.079346
-41.22986
-51.137177
-52.56958
-57.511597
-54.67569
-62.191803
-67.514496
-74.68536
-70.34317
-40.628754
-54.145752
-48.772614
-51.528534
-41.513794
-75.99606
-77.9187
-69.38568
-41.726685
-59.056305
-92.32864
-43.327972
-42.911987
-51.29001
-62.676666
-37.19574
-80.514984
-38.10028
-38.92737
-75.0582
-54.777405
-24.357117
-33.206512
-51.054626
-65.19754
-0.32998657
-71.23392
-35.32141
-75.74509
-45.18268
-21.061035
-21.760803
-61.70645
-42.16452
-52.656708
-42.445007
-66.36951
-92.173645
-118.019135
-27.203552
-77.763916
-55.700012
-26.753265
-78.79407
-61.00995
-50.679016
-66.92621
-54.163025
-37.752075
-52.93466
-52.240265
-84.08664
-60.51648
-58.43048
-78.26871
-52.641388
-56.746033
-75.94345
-25.994629
-81.76596
-73.21835
-82.24524
-34.098694
-19.751923
-70.90677
-84.48984
-23.472168
-58.65381
-69.72748
-55.491974
-48.28424
-116.48578
-17.939484
-53.51248
-30.801697
-29.785645
-54.303223
-24.823822
-56.08258
-47.433624
-41.41507
-44.22525
-19.06247
-14.989014
-35.73703
-2.802124
-23.4292
-29.190948
-37.87674
-62.970673
-62.673767
-33.343872
-30.036407
-34.42459
-29.676453
-27.492828
-65.8038
-37.658264
-44.44635
-33.90558
-47.69397
-44.73941
-66.60419
-38.410797
-44.243805
-66.10803
-43.799957
-82.283325
-91.263
-7.5010986
-71.70932
-55.06424
-74.194244
-50.824158
-58.258057
-30.188843
-62.57425
-16.65738
-46.0271
-38.069702
-32.322906
-52.214935
-42.20285
-43.170227
-31.91037
-57.244537
-55.987427
-35.584167
-63.13028
-61.913116
-53.229706
-55.24353
-41.821503
-70.306244
-44.203735
-60.539032
-33.848602
-50.04135
-74.81244
-60.247467
-62.087616
-77.20462
-67.76126
-39.0932
-30.06543
-49.659607
-58.449036
-9.037445
-68.38165
-38.053864
-53.455566
-31.721313
-27.562256
-46.656128
-25.020935
-32.263184
-35.862152
-41.89206
-20.973724
-36.2128
-38.00363
-17.177155
-36.132935
-26.904785
-24.026733
-36.572083
-41.756134
-1.2897034
-50.459656
-46.453888
-31.642548
-23.695404
-15.009644
-64.23868
-47.973755
-50.265686
-26.025146
-59.90851
-22.417847
-55.00232
-59.67575
-19.35608
-76.305725
-23.359375
-75.90051
-50.769928
-48.60092
-54.886322
-45.848328
-52.923798
-63.42456
-38.398926
-35.57364
-82.3472
-43.819214
-57.37622
-75.267456
-34.442383
-85.11609
-81.31683
-87.862
-59.02893
-28.832733
-34.077362
-41.655457
-42.17688
-42.05316
-59.499176
-84.795685
-70.09375
-38.34558
-44.373047
-106.69827
-11.816528
-29.13153
-54.19931
-89.33325
-72.644745
-74.90784
-72.19568
-41.976044
-69.46405
-65.7634
-22.820587
-13.793884
-36.98889
-38.06659
-78.735016
-11.79187
-44.511536
-33.913574
-52.54889
-28.986694
-66.973785
-33.539
-79.730835
-51.680695
-38.005737
-45.507416
-32.85437
-42.74118
-57.341003
-81.106445
-24.64795
-32.524048
-51.34369
-46.99286
-32.621735
-63.575317
-68.46692
-19.690308
-33.387848
-32.03067
-48.258026
-100.231445
-71.94638
-11.42215
-57.97934
-19.734375
-37.376465
-79.5137
-17.00711
-55.105286
-81.80365
-60.858734
-38.794556
-41.714447
-57.067627
-53.602386
-24.633698
-51.575348
-65.7999
-34.722107
-28.273651
-37.242218
-53.044647
-46.276794
-70.176056
-83.66876
-31.570587
-71.97296
-54.19275
-60.12195
-58.363464
-39.48694
-73.15964
-59.5596
-61.71524
-29.170532
-27.73056
-27.015167
-28.833008
-48.051605
-48.21396
-35.128937
-53.544678
-39.652405
-40.086823
-40.515564
-18.939545
-54.189728
-13.924835
-61.165344
-43.3143
-65.05328
-61.968018
-85.89511
-49.6279
-53.985077
-27.463928
-28.957947
-64.24533
-15.6822815
-38.823853
-61.15912
-60.20047
-56.031708
-19.10434
-67.2254
-17.513977
-85.78229
-62.724304
-29.986023
-48.47809
-79.54379
-86.53656
-26.838867
-56.142914
-35.197266
-75.64035
-34.13791
-37.782562
-9.380981
-37.944122
-43.356537
-91.18851
-27.401917
-39.31955
-76.65262
-40.006866
-32.833466
-63.64798
-47.35327
-48.910706
-23.537659
-19.333435
-34.425476
-72.854095
-32.432526
-31.28955
-56.18344
-9.668762
-57.043
-67.599304
-29.971283
-38.632843
-35.601135
-51.090546
-65.06555
-74.02011
-62.696106
-90.91
-44.594666
-26.180267
-49.384827
-70.14679
-53.012177
-76.74997
-84.913025
-12.969635
-79.54492
-54.019165
-60.608917
-58.862152
-42.07309
-57.53943
-6.8821716
3.8814697
-63.180664
-28.666504
-100.114105
-25.32721
-70.93283
-78.9722
-58.19809
-10.016357
-52.938934
-29.749847
-43.430573
-28.80896
-31.64737
-29.109589
-29.048157
-65.608826
-36.70346
-21.681458
-40.360687
-36.058228
-37.231354
-55.20517
-76.862335
-33.97226
-40.738525
-24.469818
-50.890594
-42.41681
-54.73172
-43.34134
-38.812347
-84.00424
-51.97177
-50.37146
-33.362488
-42.638397
-53.480957
-40.562164
-24.442596
-79.85248
-12.865204
-54.49057
-54.970215
-42.44113
-51.622223
-55.169037
-63.576996
-59.318207
-45.21576
-37.42993
-70.68005
-57.1687
-93.328735
-23.047241
-55.24875
-80.64075
-74.725525
-40.019745
-25.508026
-28.325348
-69.39993
-67.80377
-43.84491
-86.475586
-76.26987
-42.346466
-83.58151
-67.233215
-51.157654
-52.50226
-45.61487
-41.84778
-38.76471
-77.333435
-42.939575
-64.55252
-61.070496
-43.26761
-33.196686
-36.646454
-33.9563
-35.461
-25.981903
-24.604279
-50.016357
-57.215668
-49.763275
-95.51178
-23.687988
-51.43643
-36.437042
-20.235443
-34.65219
-15.528748
-44.243195
-74.40918
-22.907654
-38.03784
-33.18103
-45.579468
-35.69278
-44.33139
-26.263
-31.475708
-46.5726
-33.55548
-38.048492
-26.102112
-25.191925
-58.648346
-32.37845
-58.494385
-30.575134
-45.006714
-50.888367
-41.348633
-61.317993
-49.367157
-42.99533
-45.24185
-52.472748
-55.354065
-42.204468
-78.00296
-82.21561
-47.258606
-33.27304
-50.95862
-38.41812
-58.94931
-46.72113
-45.3584
-23.23059
-28.403381
-52.490356
-52.401123
-37.98587
-57.10675
-49.812653
-33.220917
-31.191895
-47.416138
-53.608917
-27.553528
-35.767548
-49.003357
-47.09192
-63.289246
-32.752686
-58.016968
-25.85556
-34.30841
-59.827637
-18.500916
-21.038025
-70.69833
-30.543976
-44.188263
-43.853333
-33.373566
-38.05789
-38.15216
-33.3024
-36.1662
-20.501373
-32.816803
-16.89096
-39.93289
-44.15219
-35.347748
-41.603485
-45.965973
-45.91275
-20.934174
-63.878906
-20.315552
-36.86673
-32.998596
-41.876038
-47.588165
-36.030823
-89.767426
-32.901703
-49.348877
-54.496063
-61.98105
-27.82965
-55.683777
-40.190063
-33.64688
-66.55893
-26.397827
-22.77597
-13.101807
-63.853394
-21.407532
-48.142853
-50.766266
-46.125336
-58.9729
-40.654236
-45.100006
-38.69983
-69.8432
-30.40036
-37.898804
-47.66873
-45.756897
-52.401947
-26.294434
-66.68692
-73.175415
-58.332733
-75.55716
-48.210114
-37.558075
-36.412262
-36.358246
-82.473114
-82.76068
-52.363342
-33.515076
-59.667206
-60.605164
-40.801147
-72.26276
-26.704437
-55.097504
-51.507507
-64.11932
-74.84598
-61.1044
-78.68207
-73.038635
-62.603455
-21.042847
-46.004456
-79.51642
-63.16623
-65.10721
-32.96106
-14.815308
-10.458099
-3.4432068
-11.677582
-42.771484
-4.4550476
-27.120361
-6.7546387
-33.08667
-60.81909
-23.07251
-29.394714
-31.127258
-34.157898
-48.66559
-17.281708
-64.7811
-20.203583
-41.242737
-36.52417
-25.268982
-70.35559
-17.56845
-79.50186
-34.204407
-52.524475
-37.6149
-50.0282
-51.888855
-28.947601
-53.47104
-82.46448
-43.782623
-20.947968
-55.111267
-50.062073
-33.57953
-7.44812
-22.26413
-68.92502
-48.175232
-37.75757
-40.203674
-60.42624
-10.988647
-40.28247
-33.83365
-55.898773
-25.998718
-17.657074
-25.002808
-48.453796
-28.141449
-42.369537
-50.291656
-12.298309
-35.31537
-27.790558
-37.09027
-32.582306
-15.577057
-9.279816
-11.097656
-28.1055
-48.114624
-26.13147
-36.28781
-41.933075
-32.684387
-28.426819
-5.1353455
-15.808472
-24.351685
-8.561249
-26.968689
-10.966309
-23.511932
-30.279633
-30.300476
-28.814056
-31.362976
-25.73413
-25.902527
-34.599792
-22.835266
-23.43158
-28.436249
-45.2677
-24.49939
-30.459747
-10.457611
-41.937134
-19.60257
-41.332855
-29.674927
-15.53363
-27.387146
-28.13617
-16.970337
-24.913757
-63.624146
-36.34256
-6.485779
-34.63385
-38.340424
-38.704773
-34.182556
-19.41858
-35.901886
-19.444702
-48.346222
-50.512787
-50.420013
-37.85965
-30.45633
-55.144928
-32.54547
-44.73706
-51.604828
-62.80887
-22.879852
-54.014008
-38.881866
-51.799133
-52.384155
-63.891388
-84.14993
-64.94556
-71.037476
-42.342102
-67.15744
-46.131836
-73.732086
-66.72757
-44.69107
-30.673157
-35.68335
-55.601868
-82.48401
-46.99286
-27.798859
-66.54819
-40.220245
-73.31488
-36.495514
-56.673462
-62.398804
-50.916687
-52.633698
-44.049744
-78.72461
-55.12198
-67.30295
-53.376648
-57.209534
-37.614014
-73.720215
-63.161255
-66.171936
-92.63333
-63.57776
-52.416412
-86.80548
-52.967194
-82.876434
-74.91461
-99.956665
-59.86264
-23.81073
-34.04132
-47.341125
-52.725677
-23.838531
-56.424408
-79.39902
-53.89789
-58.972107
-39.76599
-39.333252
-29.655884
-50.45581
-48.61371
-45.315704
-30.688965
-43.4411
-42.34091
-36.090454
-58.448547
-42.722504
-36.26532
-24.879486
-41.09314
-56.395355
-23.903748
-52.78946
-41.025635
-48.73462
-53.884033
-44.439545
-55.453827
-28.60846
-59.323364
-57.52176
-33.315643
-88.75009
-31.708038
-27.332825
-43.26187
-32.678345
-35.45337
-32.483
-61.118683
-27.755829
-22.155365
-39.632263
-32.722534
-52.027405
-34.042114
-31.638367
-34.034515
-52.77771
-45.0791
-45.72586
-50.805573
-15.419159
-49.033875
-44.0394
-43.96292
-20.119354
-39.475494
-32.296936
-36.91971
-36.118378
-49.97986
-45.8291
-45.46289
-33.328064
-46.28763
-32.359955
-24.794525
-38.91382
-53.125427
-57.36914
-26.827515
-52.719727
-43.7182
-81.749146
-56.42572
-84.629425
-42.951996
-19.602936
-83.47128
-60.705017
-5.3724365
-38.595123
-66.079834
-36.832764
-47.349945
-52.241272
-40.13623
-41.914337
-47.2511
-49.636444
-56.467163
-53.18164
-19.72818
-39.534363
-37.692993
-46.223175
-38.8696
-18.652405
-53.92569
-35.835236
12.125946
-50.479004
-37.18686
-37.101562
-32.03253
-33.89688
-12.865906
-40.323456
-33.35028
-55.294495
-18.216797
-42.165985
-36.46161
-36.230774
-33.234253
-53.18103
-47.450256
-27.593079
-77.417175
-29.875671
-69.41199
-26.019562
-47.596954
-55.66977
-34.76111
-39.952576
-32.73871
-56.058655
-17.350159
-42.531555
-58.147552
-44.176636
-21.746796
-42.674133
-78.196625
-26.686584
-41.80423
-37.856384
-20.904266
-53.5224
-35.83435
-43.618805
-54.67752
-52.811462
-54.28897
-65.7218
-30.298584
-92.348755
-50.569153
-69.56787
-55.78607
-52.792145
-40.34897
-25.71637
-2.216217
-46.33481
-46.673096
-42.04251
-60.31839
-33.141907
-49.399414
-42.549957
-27.974396
-10.134766
-64.62094
-52.38199
-36.68808
-40.51346
-36.6976
-25.394073
-42.937866
-60.7211
-54.76303
-27.20462
-40.123444
-51.19449
-40.156372
-46.89792
-62.3743
-61.280823
-54.683746
-38.232605
-39.823334
-55.618256
-69.11719
-37.2688
-24.278595
-28.329407
-46.291992
-59.479492
-79.35153
-84.55261
-111.52188
-41.609924
-78.74448
-68.48993
-73.9003
-13.1683655
-37.793884
-55.41098
-17.842987
-35.356903
-40.035736
-25.225311
-50.44055
-35.170258
-59.19693
-41.863068
-74.48633
-40.331726
-56.18805
-23.200653
-48.142853
-36.04187
-35.509247
-57.57187
-41.677124
-47.440887
-54.9758
-49.217834
-65.51672
-80.273865
-29.855957
-39.959198
-62.657806
-30.37378
-54.129547
-44.2955
-31.099487
-54.182617
-53.049988
-43.912964
-22.196533
-72.93173
-58.320435
-41.321045
-25.949707
-56.836
-62.612885
-35.741425
-47.871124
-52.34909
-72.553925
-19.67395
-21.205353
-84.54718
-56.148346
-83.77359
-50.60019
-52.308594
-97.457306
-41.847534
-69.19711
-60.536133
-54.505463
-50.91046
-23.80783
-30.786804
-33.11978
-66.919556
-35.27713
-37.03891
-58.486755
-35.48474
-65.04486
-12.949036
-39.721863
-45.362427
-7.414093
-21.52591
-48.75464
-1.6972351
-29.380829
-37.177246
-73.39523
-24.529297
-16.641937
-45.92096
-52.658356
-65.7905
-24.278198
-51.144043
-32.365143
-29.694305
-33.08606
-44.07602
-60.899414
-47.23172
-34.301422
-30.314423
-34.541412
-97.52316
-65.23312
-55.305542
-51.98233
-60.604218
-60.13159
-60.55905
-102.08447
-67.06311
-81.09262
-64.71347
-80.932556
-31.996399
-41.557648
-75.145905
-25.214844
-22.179108
-78.65985
-74.68866
-62.992065
-29.289612
-45.630768
-15.580536
-99.25729
-79.44766
-48.648956
-49.905334
-39.901
-34.531067
-61.952698
-91.62561
-72.3721
-61.21457
-51.268494
-38.584747
-45.615814
-56.75241
-21.688965
-42.389954
-34.30844
-9.935028
-10.392792
-23.036926
-31.200104
-19.863678
-28.80606
-24.031769
-20.709473
-21.712921
-25.193665
-26.940857
-30.528534
-10.387146
-36.852905
-33.49872
-22.530182
-25.903229
-55.51895
-43.140015
-55.259155
-20.84961
-59.871338
-23.62146
-21.196106
-50.70694
-45.499146
-49.823822
-60.00644
-33.620026
-25.832458
-44.37451
-48.353943
-33.621277
-17.42862
-18.519165
-42.229065
-69.54706
-43.615265
-59.189026
-64.05356
-78.94815
-44.353607
-47.798553
-43.58316
-82.14728
-35.73706
-70.75537
-58.188354
-61.647247
-39.315796
-57.316772
-31.242523
-32.21457
-49.92038
-46.273468
-61.123596
-43.14987
-49.53363
-75.82175
-81.15689
-72.16904
-6.5013733
-43.48221
-50.437042
-48.548492
-51.172577
-75.935455
-30.29425
-46.83847
-44.232147
-28.356598
-64.655914
-34.160583
-50.737946
-60.02469
-60.059784
-35.24997
-42.236145
-53.571777
-59.144318
-53.74008
-80.43524
-86.226776
-52.361603
-29.176819
-12.584045
-37.562164
-49.287567
-71.8678
-24.245453
-59.647736
-57.829773
-39.15622
-42.940582
-83.0051
-36.03781
-81.28595
-50.583252
-59.85672
-90.8255
-7.543396
-40.558228
-58.489197
-47.399628
-65.170074
-67.22705
-36.96756
-52.32422
-65.317505
-27.088196
-45.906616
-86.90585
-30.647308
-99.52026
-75.867004
-48.2865
-90.50397
-32.988617
-41.028625
-67.51669
-53.41681
-59.935883
-61.405365
-64.5867
-127.639984
-42.960327
-67.95679
-90.596924
-30.174164
-40.429382
-62.24933
-59.758514
-73.11029
-69.774475
-44.6474
-42.346405
-63.80594
-62.505127
-59.022705
-42.881256
-40.29132
-48.302002
-47.353485
-57.421753
-53.736084
-61.670044
-99.05905
-67.56787
-50.506134
-90.08899
-59.279877
-78.29419
-71.45413
-62.94388
-101.835175
-28.48462
-46.071564
-64.75406
-63.738068
-86.448425
-27.097076
-59.42929
-82.57315
-25.013214
-65.84415
-28.823975
-85.82172
-65.01825
-50.73819
-61.944122
-42.283813
-63.21057
-44.799652
-52.30652
-37.191925
-35.848907
-77.667816
-87.55881
-32.28781
-73.709564
-60.591034
-59.15103
-54.728516
-53.812683
-61.447205
-59.70508
-50.470703
-74.32651
-52.27237
-23.87442
-78.364716
-81.17935
-41.88684
-50.17154
-30.014465
-56.540924
-78.36951
-81.891235
-85.98245
-59.40399
-40.07608
-50.057617
-80.13599
-83.320984
-82.15091
-51.79477
-31.553406
-105.98639
-59.93878
-37.438995
-44.244232
-26.954407
-69.30417
-69.473816
-20.206543
-43.441406
-75.747955
-61.77655
-62.703156
-36.046722
-36.483673
-61.795776
-40.64981
-26.757294
-52.117554
-62.821686
-25.659851
-36.26416
-58.389465
-47.698456
-40.30728
-35.98291
-63.21222
-52.22992
-65.853546
-52.2377
-50.820953
-70.58203
-45.85965
-28.553741
-6.939026
-35.236115
-60.809814
-43.13684
-32.483307
-50.992523
-60.86264
-63.975433
-55.491486
-72.37979
-42.82016
-60.00116
-31.657013
-30.078766
-38.606506
-38.26471
-51.24533
-20.494293
-40.0065
-71.34213
-23.170624
-31.325989
-29.214233
-52.34076
-40.452423
-35.376465
-67.6752
-51.604248
-36.43985
-38.383484
-38.700073
-53.893677
-40.848816
-55.203857
-26.341156
-33.001923
-41.98456
-28.660095
-59.658234
-68.00372
-38.63626
-47.225555
-34.570526
-86.39285
-69.26007
-75.15219
-54.16806
-46.831238
-65.850525
-58.37729
-47.817505
-43.819244
-37.94928
-58.768646
-30.592224
-44.91971
-56.389313
-67.184326
-48.55356
-62.085327
-33.46158
-55.41925
-43.22061
-51.644318
-38.011566
-53.80899
-64.59784
-72.27255
-43.656525
-53.63504
-41.45282
-81.18268
-61.700806
-50.84442
-51.16165
-21.983276
-51.198486
-45.371857
-36.94626
-61.801666
-57.40689
-66.72287
-36.56952
-68.64371
-64.987335
-48.92871
-57.39337
-81.49643
-37.423645
-43.42566
-40.730286
-50.770782
-42.131897
-42.827667
-59.892242
-53.776367
-43.65982
-58.48346
-53.51056
-80.001495
-42.83853
-50.194275
-59.083313
-70.58325
-51.509705
-53.308838
-60.178864
-24.71753
-38.253387
-45.916534
-66.61807
-44.967834
-68.86395
-49.041565
-53.81125
-69.85626
-54.54779
-38.34784
-25.938477
-71.024445
-36.447998
-25.67804
-43.99286
-17.60147
-40.01349
-21.247162
-62.993195
-38.067078
-25.531982
-51.447357
-22.03601
-45.92334
-25.82312
-45.16211
-60.599
-33.740875
-31.212158
-36.1994
-41.408783
-22.957306
-28.954712
-48.095734
-20.664368
-38.632202
-50.100006
-42.36737
-74.30643
-53.21942
-40.552094
-50.55768
-67.07434
-34.867645
-63.970795
-45.70749
-50.045227
-50.310577
-36.80847
-74.06802
-87.13632
-49.516815
-75.8584
-44.244995
-96.13623
-55.601013
-104.32623
-51.687256
-43.42517
-19.321655
-48.047546
-33.62439
-38.415527
-31.277954
-41.68802
-69.352234
-50.747772
-40.16986
-37.505646
-58.737946
-36.826324
-48.621613
-44.361877
-48.000183
-26.821075
-64.67029
-62.413513
-51.555756
-80.036285
-81.69943
-29.334534
-38.160797
-37.055847
-39.12564
-67.023315
-45.492615
-54.25586
-41.711975
-28.466156
-66.9769
-65.83789
-78.46149
-40.30365
-21.78302
-58.535767
-36.212097
-61.856964
-62.97003
-41.990204
-52.751923
-43.06552
-41.962494
-53.17505
-62.515045
-60.932068
-53.70981
-36.832886
-30.02539
-48.20749
-44.694122
-47.2959
-69.215
-55.14789
-48.752014
-50.64081
-24.235931
-56.83087
-53.879272
-44.454834
-40.80667
-34.746002
-49.73944
-64.789795
-34.15381
-29.9393
-58.9787
-68.12259
-50.543945
-28.388184
-51.73001
-81.8833
-56.478607
-43.09265
-55.643982
-52.908783
-65.95392
-92.05435
-45.77011
-47.293213
-80.2186
-57.77826
-84.01834
-72.67975
-101.54529
-58.593903
-53.8042
-48.172974
-48.378967
-68.45526
-62.27487
-68.061646
-65.89444
-71.8613
-51.569
-81.989624
-43.34256
-68.21289
-62.368835
-82.342804
-70.0376
-95.368225
-63.214478
-78.1116
-60.212738
-47.32657
-63.880585
-61.51065
-35.45346
-85.327545
-80.31494
-71.249176
-82.83652
-34.215332
-67.29706
-97.697296
-32.09308
-71.95883
-49.563873
-45.619446
-76.617645
-74.07117
-92.806885
-19.910187
-91.847534
-74.807495
-53.20633
-69.10922
-83.65439
-40.316864
-74.087494
-67.82791
-63.85846
-96.143524
-68.28534
-66.06366
-66.418
-99.045654
-84.99527
-44.404633
-100.63571
-65.262634
-59.409058
-85.115265
-49.47937
-70.6734
-59.585236
-71.996124
-72.41376
-63.44742
-49.70157
-59.34326
-69.72925
-43.649353
-56.47348
-60.03012
-60.691803
-27.72519
-62.054108
-55.30902
-64.15857
-61.870148
-42.101135
-68.23563
-35.286438
-52.209778
-65.406555
-64.64435
-77.330414
-79.65692
-43.42682
-53.671295
-55.352142
-86.02963
-66.49097
-70.73462
-60.10977
-34.740143
-55.888916
-73.84784
-53.87332
-34.46591
-55.844177
-38.022797
-30.531677
-47.89624
-49.521973
-44.499268
-29.603241
-31.521545
-38.421204
-51.597687
-33.242065
-29.872437
-43.71939
-49.162567
-38.970642
-28.714722
-50.498627
-73.736084
-38.665253
-61.79059
-74.00629
-52.362885
-60.746155
-50.056458
-73.03705
-27.488312
-63.396576
-46.800934
-79.583374
-52.269623
-60.18268
-68.59573
-61.95996
-74.26517
-65.06607
-32.66263
-49.781494
-58.257355
-51.561493
-52.93344
-79.345825
-71.80606
-65.76288
-49.57376
-48.17224
-48.944855
-62.84027
-77.68051
-68.589264
-42.77368
-53.783905
-58.423798
-53.172363
-40.263123
-44.716125
-57.721344
-67.875916
-58.95221
-76.953674
-37.418488
-18.952942
-39.669525
-19.024506
-59.591858
-50.521393
-19.701782
-46.352997
-46.568085
-53.81253
-57.466797
-53.69452
-61.517303
-65.13507
-21.221191
-53.130646
-43.46353
-47.738525
-50.543243
-64.44345
-33.578064
-50.79709
-51.63391
-38.210724
-54.859802
-61.531128
-26.250214
-33.511047
-31.694061
-69.48346
-57.912445
-79.09415
-18.55487
-33.53656
-36.787262
-51.0672
-46.755157
-23.69342
-33.606842
-34.144012
-61.623535
-51.991028
-80.80826
-51.57199
-63.850983
-45.25305
-21.889557
-65.91791
-71.07971
-14.0017395
-52.660553
-28.986511
-60.253967
-35.29706
-53.822357
-71.87927
-74.449585
-72.476166
-53.770233
-56.128265
-40.428314
-56.222565
-56.661194
-77.97427
-59.226562
-73.27695
-43.342224
-46.2352
-67.69589
-27.602936
-45.02466
-61.154053
-58.272247
-55.472107
-80.622314
-66.96521
-95.743774
-70.12381
-64.63052
-53.02466
-59.843414
-73.75641
-55.210846
-65.84552
-81.559204
-89.55075
-57.382294
-73.74863
-78.81369
-69.270935
-98.178375
-21.872833
-58.63092
-60.31891
-55.521027
-47.55072
-46.75476
-64.03204
-46.42862
-51.919952
-58.468445
-44.967224
-63.415466
-45.014923
-31.594574
-76.135956
-44.977997
-42.849854
-61.290863
-51.022675
-55.970856
-67.74887
-52.069824
-80.45236
-46.17639
-20.283234
-41.69162
-108.54364
-49.841858
-33.217743
-81.96701
-73.222534
-47.756897
-50.97995
-43.299957
-26.865234
-75.04111
-16.572083
-58.836395
-55.481873
-43.868683
-45.252014
-67.12689
-78.548676
-51.63501
-48.38263
-42.72336
-60.862793
-40.81552
-53.270752
-46.121124
-48.12152
-46.148773
-38.30948
-32.01523
-62.462738
-73.249725
-55.927704
-67.322845
-45.16858
-85.97089
-58.26837
-67.86258
-78.86365
-44.583527
-60.85025
-75.9032
-61.498352
-68.82019
-77.82846
-58.120087
-69.131195
-87.60123
-78.90268
-36.909912
-67.482544
-83.79587
-106.28949
-87.23459
-62.48474
-59.75421
-64.62518
-87.57843
-67.25772
-96.80759
-64.04022
-60.95804
-89.68533
-83.23276
-59.950043
-104.45166
-81.775055
-60.091156
-97.57028
-75.745056
-85.6965
-112.94412
-106.737366
-72.89023
-77.52548
-76.85474
-99.1315
-137.75818
-67.29544
-50.061584
-66.00128
-63.020966
-45.5907
-59.90561
-37.253143
-34.09137
-33.65988
-53.10434
-54.65979
-63.477356
-55.634583
-40.023376
-33.459686
-23.598694
-11.054352
-16.121307
-56.753937
-23.696075
-25.704468
-42.309387
-22.56842
-30.214752
-18.10971
-28.241913
-32.13388
-4.3895874
-32.55603
-23.360107
-23.682892
-30.23584
-28.698486
-36.345764
-19.072113
-26.229675
-45.45169
-40.554718
-35.46106
-44.40692
-53.228394
-72.40265
-44.151367
-23.644562
-34.70935
-36.253723
-35.317627
-41.150574
-44.56952
-61.654907
-67.05365
-61.628265
-53.11615
-38.085052
-52.24417
-32.665558
-56.9776
-59.476166
-72.14569
-55.298492
-39.786102
-60.504913
-35.9245
-66.92139
-49.776886
-55.642517
-36.540863
-53.27185
-46.125946
-58.49942
-41.95941
-57.279846
-27.189209
-43.811127
-41.420563
-28.663513
-42.049347
-33.542603
-58.0643
-31.102966
-49.125916
-56.605896
-55.84268
-69.62543
-44.0632
-52.663483
-71.12369
-63.573242
-65.34558
-40.832092
-48.848297
-28.431885
-56.28305
-45.417175
-42.437073
-51.914093
-58.183685
-56.094574
-73.003815
-38.91446
-29.744781
-37.28543
-51.92392
-74.24469
-48.22345
-71.23517
-57.84433
-44.68286
-18.76123
-63.726685
-40.762817
-55.782227
-37.477356
-20.561157
-53.42975
-43.34903
-69.22974
-55.03653
-71.73013
-75.94281
-69.93121
-60.383453
-45.79193
-52.723114
-73.36221
-60.053497
-56.13968
-49.00885
-88.47461
-48.33658
-65.67407
-30.954895
-41.984894
-27.481598
-94.118866
-35.681
-61.46762
-42.937653
-44.76291
-57.168762
-58.573578
-58.582397
-67.96033
-60.656464
-71.94867
-48.2901
-51.036987
-27.361908
-45.778625
-65.43875
-51.910828
-62.309265
-30.923035
-40.514862
-47.15335
-47.75772
-35.577423
-41.262268
-58.081604
-37.42273
-44.466827
-69.17941
-69.30774
-57.20044
-16.122406
-29.384186
-42.095184
-43.959076
-49.8768
-15.608063
-53.147644
-19.023315
-76.57263
-48.89389
-71.62195
-50.902832
-30.36911
-46.884644
-39.980927
-41.633087
-53.721497
-64.25293
-51.84909
-60.19034
-52.539154
-51.886383
-66.59302
-70.11191
-51.34677
-31.340515
-36.38156
-54.81427
-70.987915
-52.555725
-40.273743
-32.394073
-37.455414
-38.43982
-24.25351
-14.344452
-52.87143
-55.615356
-31.838135
-38.260193
-39.34247
-25.811554
-50.77408
-54.675262
-46.19693
-29.05243
-38.86145
-61.440765
-53.89612
-49.035126
-52.528687
-50.676636
-69.03427
-77.68417
-81.012146
-41.978973
-67.486145
-47.958588
-41.732697
-83.89133
-96.05209
-103.95364
-66.6149
-25.43869
-37.576416
-63.591766
-40.792328
-50.35028
-62.68564
-41.70935
-37.732697
-69.27542
-65.94852
-44.534058
-31.516571
-56.138916
-36.09842
-20.596588
-19.60791
-25.159363
-55.790527
-48.27893
-15.356873
-64.401764
-54.308685
-27.416779
-38.4187
-18.3237
-30.643738
-27.40039
-32.885834
-42.21158
-35.561005
-55.534454
-31.10559
-49.36795
-40.12085
-51.791534
-33.29059
-54.991882
-56.267517
-42.828644
-42.749237
-44.33664
-51.720245
-46.54245
-52.853638
-50.166992
-57.315308
-77.960754
-52.009735
-48.868988
-65.43289
-64.53839
-53.463257
-74.81531
-82.2001
-66.55948
-75.89697
-76.17728
-62.80365
-75.69711
-61.10739
-67.70392
-60.501007
-85.50223
-101.48175
-65.41159
-90.13782
-75.37955
-74.279755
-47.03012
-89.26871
-44.760193
-68.89612
-58.51831
-49.66617
-34.79834
-49.477875
-47.409668
-70.357544
-70.50253
-34.9841
-67.882355
-38.934357
-46.846985
-65.994934
-44.22769
-38.989655
-32.634125
-61.15164
-45.876007
-26.593567
-30.764557
-25.643646
21.604889
-42.32541
-13.319885
-36.328247
-37.928497
-39.875458
-30.845337
-15.855591
-38.413483
-29.480316
-39.15329
-36.32141
-30.288727
-36.797028
-25.315155
-23.043549
-40.293488
-33.84906
-54.032684
-46.6481
-53.682495
-43.70636
-58.142303
-44.132874
-54.53833
-59.038788
-48.432404
-47.72403
-55.85031
-72.41455
-40.05356
-61.73401
-65.3988
-59.87738
-73.676025
-36.465485
-45.37085
-32.91913
-42.769714
-35.63977
-28.700745
-59.389343
-21.606903
-71.57535
-43.998383
-43.083282
-31.880615
-23.665619
-69.941864
-42.77066
-52.402344
-48.503967
-82.19913
-49.299927
-27.179718
-12.295532
-43.207733
-32.990936
-73.42432
-11.767944
-50.652924
-82.324524
-29.513092
-49.28302
-74.299774
-25.921295
-33.535736
-70.48157
-23.365417
-33.171204
-32.466675
-65.2363
-38.324646
-47.9476
-46.434296
-50.59323
-51.702545
-46.167755
-53.863403
-72.86548
-64.86517
-35.117615
-41.92566
-54.171783
-71.15506
-48.485077
-72.63141
-60.971313
-58.21759
-76.92609
-50.932343
-80.65906
-53.37088
-45.03705
-51.29471
-47.54767
-39.355164
-46.701935
-38.993042
-40.562866
-57.161896
-49.708984
-49.79016
-60.283813
-55.68454
-44.016296
-55.074524
-81.13138
-30.420563
-24.86322
-54.25409
-34.867157
-59.82602
-31.324615
-63.89081
-44.084564
-28.284088
-52.478394
-32.56433
-68.99255
-75.51001
-67.6687
-36.763092
-38.31308
-38.11902
-55.730927
-17.530518
-68.224396
-74.41708
-72.20883
-60.97809
-89.57999
-71.18036
-82.07974
-35.15088
-74.69055
-62.350647
-49.11148
-84.43991
-60.861176
-65.85547
-47.866302
-67.19031
-72.58127
-63.433105
-51.039734
-64.063934
-56.948822
-83.15088
-60.316498
-71.11734
-61.193512
-66.32648
-86.729126
-58.92047
-73.79678
-62.909515
-24.65332
-55.94989
-67.61603
-73.245575
-51.407867
-78.80875
-58.90985
-62.948853
-63.331635
-78.21347
-69.10254
-64.42148
-63.528656
-92.52408
-66.64557
-69.50998
-56.43112
-53.384857
-36.93048
-58.84735
-43.37799
-47.682983
-46.382263
-51.70523
-43.819427
-60.283203
-49.19513
-55.247864
-47.927948
-58.76712
-45.696808
-61.713196
-69.80405
-48.352814
-62.484955
-62.258972
-79.07782
-57.61743
-56.936554
-81.15228
-76.151
-51.45926
-57.43109
-73.83066
-71.74161
-68.91614
-61.312775
-69.88809
-30.407928
-43.439972
-73.94165
-72.62213
-66.40433
-86.44092
-52.600372
-88.17578
-69.38208
-56.187256
-61.092194
-69.71112
-53.999725
-47.226685
-91.47629
-66.470825
-72.6066
-53.65851
-61.056305
-47.656372
-85.99771
-80.64227
-41.878693
-56.562286
-54.467255
-48.60797
-95.86209
-68.28406
-76.700745
-42.186096
-74.34396
-87.11865
-61.510803
-48.668488
-42.209595
-79.66058
-47.525665
-57.927063
-33.77408
-50.935303
-46.671997
-56.318787
-26.491882
-24.200989
-55.653717
-46.79767
-50.552094
-49.529846
-45.44284
-36.86844
-85.42413
-49.585724
-49.781586
-81.65958
-58.152374
-63.833313
-105.47882
-60.34668
-40.11084
-44.111694
-54.112244
-59.489044
-74.04819
-41.63095
-78.44565
-57.80069
-56.384674
-60.65811
-38.70694
-57.63916
-18.353394
-49.35858
-59.30258
-67.0889
-55.714386
-80.45859
-61.491516
-53.278748
-35.100586
-58.476227
-57.569794
-71.10535
-86.2594
-84.53705
-57.68225
-87.43881
-62.796783
-34.797333
-76.72977
-35.37204
-23.345367
-64.05792
-6.586426
-73.434326
-66.24524
-51.37503
-76.85474
-57.103973
-65.8988
-68.52988
-56.09778
-58.436523
-70.47772
-42.516388
-68.601654
-46.92151
-46.28409
-54.51581
-63.303192
-49.539154
-64.21295
-56.514984
-52.912476
-48.099945
-41.048553
-61.29721
-50.16977
-32.848083
-62.572906
-75.98743
-57.632202
-70.57687
-67.25238
-50.357727
-49.282898
-28.986786
-58.387695
-78.15991
-72.74472
-81.999176
-65.14514
-41.629517
-46.534546
-25.082306
-57.878326
-65.49112
-58.989227
-68.93689
-50.684357
-72.66928
-68.67667
-71.49777
-61.74185
-60.522827
-72.23096
-36.636566
-50.64334
-49.46161
-51.41629
-39.231873
-44.289642
-36.992584
-36.37915
-46.877594
-45.818024
-58.836334
-44.202423
-64.9874
-61.71637
-44.09308
-26.629578
-57.471375
-56.538147
-27.780212
-55.12027
-54.212128
-45.73239
-61.248535
-42.36856
-51.638306
-50.580353
-33.315735
-47.922363
-31.863617
-55.525665
-46.006622
-61.513855
-55.463715
-61.307465
-36.219543
-57.900513
-88.93497
-54.79718
-52.174164
-56.8544
-57.54837
-20.15509
-55.96048
-40.560516
-51.454193
-52.457794
-53.270203
-63.191376
-26.416077
-41.44519
-43.538147
-24.597961
-44.745636
-36.803955
-60.87549
-52.23752
-53.523773
-40.56955
-54.22574
-55.191193
-48.075653
-62.744293
-40.20862
-45.596466
-55.11563
-38.547516
-57.01483
-54.739563
-53.596924
-33.914856
-63.194977
-43.101807
-41.53894
-43.17685
-59.332397
-64.57489
-54.88916
-39.480316
-60.319
-55.35492
-44.52173
-69.30945
-57.600372
-62.99991
-56.96588
-32.914124
-73.76831
-34.68164
-52.373413
-41.19687
-53.515472
-76.089905
-78.57681
-44.340332
-47.83261
-67.36029
-32.46701
-63.79315
-44.857117
-65.727356
-28.046814
-8.168915
-54.45102
-38.056488
-59.99109
-33.01999
-71.153564
-40.653687
-50.643677
-63.927887
-81.049225
-48.924896
-77.49341
-39.154236
-49.263214
-77.57474
-63.73291
-73.99579
-62.799805
-86.733734
-39.63037
-50.08075
-77.85794
-54.934143
-47.12033
-39.72879
-42.22223
-47.84839
-43.701416
-53.141083
-27.6633
-52.709473
-47.101105
-58.802917
-44.1799
-63.660583
-46.850098
-63.386627
-20.378723
-37.194946
-40.70273
-40.970795
-18.360504
-52.31952
-61.39322
-37.074738
-35.77954
-50.573425
-61.692657
-41.66034
-51.39746
-54.888336
-29.178741
-93.34067
-45.989685
-63.067963
-39.56601
-54.702026
-40.5683
-67.27957
-39.233093
-63.699738
-64.780396
-26.63919
-101.358826
-78.001434
-44.85315
-66.58688
-50.03778
-57.786163
-52.499023
-28.645294
-58.645264
-57.993652
-64.06012
-64.15631
-41.369904
-67.08859
-59.45114
-62.48523
-72.683136
-71.25223
-55.140533
-63.970734
-66.87637
-77.513275
-59.755188
-58.61194
-47.198547
-62.303497
-60.27838
-65.028534
-55.60733
-55.665222
-48.314606
-30.050262
-82.640656
-69.638885
-57.251984
-77.67056
-64.59378
-43.426086
-44.72586
-66.01425
-46.05719
-60.302856
-43.63202
-60.172363
-74.75833
-63.822296
-60.58896
-63.729156
-64.34079
-70.760925
-49.35086
-70.36694
-64.27457
-62.119385
-49.851776
-90.37039
-56.365906
-93.76178
-35.94217
-102.09268
-39.876465
-72.59042
-76.09927
-51.699707
-27.621124
-72.48343
-62.713776
-59.51126
-77.44876
-56.83008
-50.608307
-71.6694
-56.58539
-33.36203
-54.918884
-48.306824
-63.93805
-34.648804
-67.36618
-63.23416
-51.06668
-64.74054
-49.210266
-73.739746
-41.755554
-64.75354
-57.177704
-59.62787
-68.62628
-42.917053
-63.210266
-59.767456
-47.693665
-51.25345
-49.747925
-64.80011
-51.876923
-50.622284
-54.754913
-62.3956
-53.51477
-61.41812
-63.511017
-52.633026
-60.09558
-72.0925
-37.99582
-20.884949
-59.35733
-38.291534
-37.40094
-47.47107
-54.810486
-53.668488
-50.36319
-51.049164
-67.904785
-42.244843
-56.242035
-51.36969
-58.13336
-75.05356
-60.10196
-53.105316
-56.789276
-33.605286
-63.344025
-53.299957
-50.94107
-63.3938
-61.762543
-47.786163
-75.400635
-57.792664
-65.80667
-63.249695
-56.97702
-73.67377
-62.844177
-60.586487
-46.253326
-65.66803
-60.193512
-71.90277
-58.314514
-52.707184
-70.22574
-77.47101
-65.187805
-43.255432
-34.74008
-49.602722
-28.29477
-52.568604
-55.516693
-45.253418
-78.996
-48.4451
-45.487793
-48.226532
-65.819855
-42.050507
-59.73343
-46.39392
-57.402313
-31.969421
-53.219177
-46.22995
-71.408936
-59.58557
-58.19638
-62.43976
-61.84955
-52.232025
-64.134125
-68.36771
-82.07553
-67.086395
-20.939636
-65.9581
-87.474945
-59.965332
-61.866974
-58.390015
-51.65558
-53.40793
-66.98688
-81.57562
-75.56946
-73.00055
-71.26825
-54.62256
-43.40985
-78.67413
-72.04376
-35.938477
-64.80179
-72.399994
-68.03711
-66.40973
-63.92276
-72.478424
-39.919098
-57.14615
-38.105835
-59.62726
-51.614746
-54.479767
-51.067078
-74.041626
-63.170746
-56.67227
-48.80069
-57.80475
-75.13092
-57.784973
-51.431976
-68.82187
-72.308044
-85.13724
-80.28702
-71.92093
-91.863495
-49.852936
-49.869354
-62.959747
-68.141235
-87.36594
-66.46802
-82.4874
-78.70853
-52.805298
-79.77933
-27.625092
-50.569
-40.085876
-28.08374
-13.207092
-5.5917053
-69.94693
-53.485077
-69.770966
-40.191223
-52.063446
-50.017
-27.597443
-40.372772
-66.91724
-41.14615
-59.611053
-51.25775
-60.153687
-63.204742
-47.755096
-48.796814
-43.450836
-38.06247
-50.339844
-39.20761
-24.976257
-67.6073
-53.76761
-31.508545
-58.53479
-40.559143
-45.07129
-23.501343
-48.523804
-50.22992
-47.121613
-51.37097
-47.765564
-47.85443
-56.34613
-48.24405
-39.09204
-19.99649
-44.503113
-35.54419
-49.270935
-60.298676
-53.197144
-62.722656
-61.76242
-68.610596
-43.52762
-47.95343
-67.97803
-59.107727
-78.24963
-59.715942
-63.05548
-64.27588
-61.27838
-48.46341
-29.938995
-53.13925
-52.916748
-66.57532
-61.438995
-56.507263
-66.93475
-33.091644
-56.981903
-54.66687
-70.45575
-49.47
-29.166138
-68.44733
-59.355347
-52.045013
-58.78122
-40.593506
-17.3862
-38.56195
-49.523987
-37.991943
-21.07965
-37.189606
-38.788574
-53.00293
-60.34897
-59.532043
-33.600098
-70.06586
-49.326874
-61.405243
-54.934235
-55.059326
-44.578674
-55.229004
-40.856995
-36.50644
-51.960785
-50.376495
-69.59555
-65.08182
-49.130676
-69.917145
-45.01538
-34.15213
-39.557556
-53.094635
-50.6521
-40.159485
-78.64737
-45.619812
-64.744965
-66.04883
-67.793976
-64.46472
-41.404694
-37.874817
-40.715515
-33.84021
-66.7023
-47.010406
-51.6976
-58.99289
-28.038025
-72.53055
-41.327362
-17.288849
-34.8898
-44.229675
-38.143677
-64.246796
-50.126892
-34.975006
-31.555756
-48.766907
-45.12915
-46.719604
-48.39395
-56.31122
-73.92517
-63.242737
-56.51532
-59.37915
-35.969788
-40.80533
-81.315094
-79.59949
-50.55243
-73.86224
-61.737183
-41.86029
-56.10608
-57.78482
-41.097656
-54.053406
-48.336853
-55.5838
-66.39761
-59.870728
-63.2731
-62.37268
-42.086792
-58.182037
-62.062042
-84.819824
-54.697205
-50.588593
-67.10394
-66.2984
-32.85904
-29.959473
-64.595
-16.401306
-39.474182
-33.60739
-52.640533
-48.170624
-50.026337
-31.791748
-42.348755
-38.20227
-65.694916
-53.953125
-56.174133
-72.12225
-53.705322
-25.862793
-30.168
-47.805084
-57.542755
-51.76599
-54.279938
-59.956665
-39.251526
-30.963104
-28.197601
-32.042633
-51.784424
-54.92737
-56.43106
-57.150635
-66.16208
-32.188293
-72.65094
-38.307983
-2.6046143
-57.36728
250.65915
4.6999817
-0.9519348
26.599396
69.983826
52.773438
61.55002
72.037415
66.25079
47.72574
87.01346
36.178986
58.744446
34.507782
59.124603
59.026123
20.741455
45.706482
74.33801
63.105164
97.65024
-3.5504456
46.362
58.636505
4075.114
3965.5977
373.83258
5396.619
3585.1252
6010.66
1972.2302
690.1798
24931.668
260.87793
535.5928
51989.51
-161.48438
667.46704
17384.621
2415.6514
17622.604
1595.5332
3336.5576
22150.758
3967.7346
3757.6
16898.28
3501.334
1175.2249
1589.4875
23426.068
88.686035
-1169.4141
-607.1692
-286.41772
514.7828
195.24847
115.7301
2137.3906
1089.9858
925.01465
1134.5485
903.1494
217.564
-29.151855
10.216705
-32.80075
-3.844757
4.119232
-0.094833374
38.39966
-0.17080688
0.053588867
-0.00010681152
0.00015258789
-0.034561157
0.0014343262
0.0074768066
-0.0011901855
-0.040390015
0.00010681152
-0.031723022
-0.0007324219
-0.029968262
1.0243225
0.00012207031
0.00024414062
-0.009124756
-0.00012207031
-0.0057373047
-0.00012207031
-0.00010681152
-0.00044250488
0.07901001
-0.00047302246
3.0517578e-05
-0.002609253
0.00021362305
-0.0056762695
-4.5776367e-05
-3.0517578e-05
-0.00064086914
0.0004272461
-0.013900757
-0.00016784668
-0.014633179
-1.5258789e-05
0.006668091
-0.0017242432
0.0
0.0007324219
0.0020446777
0.00012207031
-0.0015869141
-0.00016784668
-0.0012512207
0.0
0.00076293945
-0.00030517578
-0.00093078613
-0.0013427734
-0.00038146973
-0.02720642
-0.0029754639
-0.00024414062
-9.1552734e-05
-0.11407471
-1.5258789e-05
-4.5776367e-05
0.0
-0.00012207031
7.6293945e-05
-0.00039672852
-0.0028381348
-0.0005187988
-0.0042266846
-0.0005187988
-7.6293945e-05
-0.00033569336
-0.0019989014
-0.013000488
0.0043640137
9.1552734e-05
9.1552734e-05
6.1035156e-05
-0.00074768066
-0.0006713867
0.001449585
0.0025939941
-7.6293945e-05
0.00016784668
-0.032089233
0.01600647
0.00033569336
-0.0040740967
3.0517578e-05
6.1035156e-05
0.006652832
0.0
0.014526367
-0.01020813
-3.0517578e-05
-0.0001373291
0.0
9.1552734e-05
-3.0517578e-05
0.0
0.029907227
-0.00032043457
0.0
-0.000289917
-0.0028686523
-0.00016784668
-0.0014953613
0.0012664795
0.018310547
-0.00022888184
4.5776367e-05
-0.00012207031
-0.0012817383
0.022354126
0.0
-0.00050354004
-0.003036499
0.0018463135
