15089.766
13052.209
8030.957
6206.125
5358.376
4769.433
4312.2354
3951.0586
3633.037
3377.914
3140.729
2953.542
2773.022
2619.712
2480.2476
2364.5264
2247.0322
2132.5864
2030.2802
1930.1007
1832.477
1748.9896
1659.3535
1581.4653
1502.9258
1427.3464
1355.2831
1291.8927
1228.8499
1164.2703
1103.1637
1044.0056
985.65967
929.52905
875.63275
821.0024
769.8661
720.00085
671.15826
625.6046
585.48364
538.26135
506.3451
469.33063
434.1417
401.5255
372.05582
340.91788
311.94342
290.52747
262.9621
243.96817
222.79294
196.95837
180.31885
161.79715
147.99768
134.10342
120.38381
106.13133
92.787125
83.41396
72.26009
63.852867
55.01301
45.54275
38.189064
33.98621
25.663773
21.883503
13.600639
6.986473
7.4073143
-0.024383545
-0.40795135
-4.599209
-6.524353
-6.795494
-12.885094
-7.5484085
-12.853569
-12.764984
-16.68541
-17.542942
-16.587399
-15.862579
-14.485168
-12.741833
-14.839935
-14.959011
-12.546032
-10.762249
-12.632206
-8.985012
-8.396862
-6.2569504
-3.869732
-4.146118
-2.4757957
-2.1097794
1.1151505
1.7654648
-0.2825775
2.1303673
1.9702606
5.7442513
2.120758
1.7459526
2.2963104
2.4267883
2.2675018
1.813179
5.4522476
3.0672073
0.6292801
1.451046
3.6323357
-0.43109512
0.4433174
1.54039
0.997097
2.2174377
3.3422508
4.064419
3.7430687
2.8733902
1.276844
1.5964661
2.3980484
2.7347603
3.5933914
2.6664581
3.8082886
3.8226547
4.196121
2.8884964
3.3840828
4.3673935
4.402691
7.331524
4.2507057
4.234474
3.6381302
4.014183
4.392456
4.0827713
1.7577553
3.5378304
6.903187
4.258976
1.8609352
3.515976
3.1507378
5.230217
2.7157784
1.8795853
1.0707779
2.822197
1.0745468
1.0037231
0.37136078
-0.054851532
1.9652443
1.6619263
0.80119324
1.883812
1.4347382
1.4512596
1.1213112
1.0406532
1.7598114
2.4965096
0.5470314
4.1259193
3.4261703
3.9370537
2.7873993
3.0270386
2.9460487
2.4020157
2.733017
2.858242
2.4612541
1.6068764
2.9258041
1.0751152
1.4965706
2.3365173
3.1518364
1.4427834
1.239872
1.9419441
1.3505135
3.3756905
0.6178055
0.90613174
-0.24245453
2.112648
1.5437164
2.2872162
1.9841232
2.6672363
5.8440704
4.804413
2.1685104
2.5752602
3.5514908
2.9895515
2.0545502
1.8367615
2.3085403
3.9459648
2.371231
1.7451477
2.341282
2.2463264
3.043808
2.3773956
2.1263885
3.3845558
3.2809105
2.878498
1.4391899
1.9584541
1.141243
0.48212814
0.54489136
0.98174286
2.7728386
2.139843
1.0298843
2.3493729
1.3352966
1.8721733
1.5592728
1.3787003
2.1124191
1.0123291
1.7686234
2.0166283
1.8785744
2.0728493
0.6973381
1.2546997
4.1263275
2.094326
2.0854683
2.7875252
2.4218178
1.2286873
3.2982178
2.7635307
2.7417831
1.7693596
2.7245598
2.5127907
1.6978264
2.0750122
1.9063072
2.5283813
2.0096397
1.5930328
2.3366165
3.4440155
2.0007324
2.4971657
2.5670738
2.5140762
2.580616
2.6593933
1.7179527
2.3612366
2.2007446
1.5888138
1.2712784
0.7139435
1.3222122
0.31369781
0.8196869
1.7654419
0.1267128
-0.72468185
1.2673874
1.0069962
0.050617218
0.608963
0.6194229
0.89395523
1.6003265
2.357521
1.3207321
1.4633064
2.123146
0.8744011
2.837204
1.4996262
2.1028442
2.425991
2.3539696
2.3986511
3.1208687
2.5048141
2.5777702
2.616825
2.745308
2.2643585
1.7585297
2.550476
2.0004845
2.912819
1.3116302
1.3249512
1.5264244
-0.2746086
0.9066391
0.77767944
0.96746063
0.9475708
0.41739273
1.1587715
0.9582672
0.8174362
0.79693604
1.1221733
1.3010864
1.4257965
1.3617706
2.359745
2.5707817
2.2212982
1.0392647
3.0272713
2.541069
1.5220718
1.4576378
0.27783966
1.7310905
0.89117813
0.8715782
1.7223015
1.787056
1.8020515
2.3794174
1.5918198
2.8562202
1.8505859
2.0457764
2.7534332
1.2248421
2.1042519
2.3300095
1.1646042
1.6932526
2.0749168
1.7226639
1.1087685
0.83786774
0.44366455
0.2263794
0.6789322
0.25335693
0.93753815
1.6191635
0.65948486
2.2034302
-0.086120605
1.0205231
0.40688705
-0.16864395
0.63422394
1.7512589
1.56353
0.9409332
1.3967552
1.6491928
1.4909439
1.6825371
2.1152496
3.605114
4.798874
2.443531
3.837494
2.2136688
2.850956
3.6788216
3.2869873
2.5109558
2.4121742
1.1328773
2.1418304
0.7504082
0.38186264
1.9276276
1.033844
0.98825455
-0.018302917
0.7789383
0.3747673
0.19924164
1.0282173
-0.557415
0.8235779
-0.12859344
1.6657372
0.9591522
0.5354881
0.67367935
0.94067764
1.3363762
0.46052933
0.31389236
3.4587593
1.4720078
0.88853836
1.1925392
1.2292671
4.090458
0.55661774
1.4083481
1.3643303
1.5971336
0.92375946
0.6553383
1.5755234
0.8636551
2.6702194
0.66036224
1.1973076
1.1159363
1.3683548
1.3710022
1.8592072
1.3536148
1.3290634
2.31353
1.6608429
1.5907822
2.0061455
1.511589
1.8399124
1.8848572
2.2985954
1.0844193
0.7208824
1.1462822
1.6556396
0.70363617
0.29838943
0.056152344
0.75697327
0.56165314
-0.13932037
1.0016823
0.6503258
1.4519272
1.2480164
1.524723
0.7475395
1.3339958
1.6978607
1.500679
2.037365
1.8898048
1.7622223
1.9110756
1.0497284
1.8408966
1.9387283
1.4337769
1.2329254
1.2072372
1.2419815
2.023571
0.20260239
1.1087112
1.1085815
0.6102791
0.5571594
0.527195
0.6104317
1.3167992
1.6486435
1.7869453
0.8925972
1.0735664
0.5285301
2.1141052
1.9087524
1.6588783
1.5763474
1.3300934
1.5895653
1.1457825
0.49577332
1.9497108
0.75320053
1.3204498
0.18900299
0.9294052
0.6255722
1.3744965
0.81059647
1.234642
0.94683075
1.289917
1.458744
1.1650429
1.1382217
2.1212883
0.9075203
1.2424164
0.74404144
1.1025314
0.52874756
0.70635223
0.73955154
0.682724
1.3948975
0.300148
0.8626137
0.8395195
0.71866226
0.4073639
0.5315895
1.491539
1.8028336
1.043026
1.2026329
1.9487495
1.8690643
1.9490814
1.4591408
2.6651497
1.4194908
0.8971367
1.6621399
0.65198135
1.2935219
0.6888504
1.119976
0.61577606
1.2497253
1.1956444
0.94657135
1.2745781
1.0121994
0.5420265
0.35786057
0.8212204
1.217411
0.8962517
1.3886452
0.7600746
0.73680496
0.89899063
0.67393494
0.70706177
1.3883476
1.6852531
0.7557068
1.9660301
0.95241547
2.338974
0.86128616
0.8854675
1.4851112
0.9651413
0.6752434
0.41241837
1.254261
0.3213234
0.5652809
1.4887009
0.9753227
0.55065536
0.5547638
0.9196663
0.45892715
1.0961761
0.66314316
1.5085335
1.1022377
1.3478241
2.2349434
1.0257568
0.37457275
1.1280518
2.448063
2.9205475
0.92700195
0.79657745
1.4228935
1.335495
2.3553238
1.0422745
2.5945702
1.1772003
1.4697456
1.1459045
0.75717926
1.1031456
0.5409355
0.11633301
0.63609314
0.68307877
0.21482849
-0.022769928
0.1274147
0.42528534
0.4315071
0.531662
0.7957916
1.7230415
1.1125603
0.6360512
1.713604
0.47375488
0.7953148
1.0858078
1.6459961
1.866085
1.0356293
1.5701561
0.5165863
2.1974945
0.46696472
0.93071747
0.24832153
0.3292923
0.88702774
0.45121765
0.29615784
0.38792038
0.24908447
-0.4371643
0.21582794
0.058517456
-0.18627167
0.076438904
0.34889984
1.0045357
1.350174
1.9045105
0.7032623
2.0942001
2.1826248
2.4709244
2.388462
1.2173767
2.0114212
2.7574196
1.1975365
1.8041267
1.2499161
0.44636917
0.61328506
-0.08384323
0.14630508
-0.19295502
-0.19766235
0.24933624
-0.17879486
0.19092941
0.6849899
0.6040993
1.0564346
0.69644165
0.89203644
0.7420616
1.3384933
1.2810593
0.741024
0.72330093
1.0114326
0.54080963
0.55716705
0.9576607
0.060756683
0.9665756
1.0044556
1.1025505
0.83849335
1.5258255
1.1075363
0.9863014
1.7600594
1.1403809
1.1496239
1.5727539
1.1866798
1.2460213
0.7930565
0.9006958
1.2281914
0.8300438
0.57868195
1.8250504
1.3946877
0.8622818
0.36014557
0.82746506
0.487648
0.5453415
0.27347946
0.5081291
0.54735565
1.1004028
0.87402344
1.3627739
0.89627075
0.58141327
0.6174507
1.20961
0.997345
1.0940475
0.897892
0.0013542175
0.7355499
0.22628021
-0.23716736
-0.30211258
0.007946014
0.27841187
-0.04454422
0.36058426
0.09119034
0.337265
0.6807251
1.0115585
1.4502983
0.7055626
1.2062378
1.7213898
1.6568756
2.4545517
1.8564949
1.898922
2.1889954
1.2331657
0.8315582
0.72914124
0.30891037
-0.27783966
0.49549103
-0.4746933
-0.49767303
0.16482544
0.7026329
0.45784378
0.5954666
1.1724777
1.364357
1.6894379
1.0437813
1.0526619
0.7917938
0.37031174
0.22140121
0.7238121
0.61385345
0.67214966
0.38392258
0.65065384
0.49273682
0.9725876
0.69670105
0.5211754
0.85237503
0.6183357
1.1585541
1.4060211
0.47738647
0.38633728
1.4804001
1.2990875
1.0904312
1.2164154
1.6864204
0.6848068
0.85530853
0.8935013
0.65473557
0.265213
0.57299805
-0.26585388
-0.774601
-0.07647705
-0.34128952
0.059013367
-0.60383606
-0.022285461
0.7661438
0.6953087
0.8450775
0.6728401
0.98963165
1.7782784
1.68079
1.2551613
1.6863174
1.9537086
1.3142357
1.002594
0.9517174
0.91205597
1.0353928
0.6147728
0.63158035
0.8769417
-0.059207916
0.4264679
0.37355804
0.5090561
0.47394562
0.2169075
0.28757095
0.83002853
0.29132462
0.41181183
0.6287041
0.23726654
0.7141342
0.85476685
2.1300125
0.6376343
0.8510742
1.1303864
1.5051727
0.69002914
0.39305496
0.6452408
-0.13611221
0.07927704
-0.20859909
0.82526016
0.44744492
0.8872223
0.6525192
0.7660866
0.4514656
0.9295311
0.44844818
0.80690384
1.5127983
1.0164185
0.62903595
0.8420677
0.47605133
0.70565796
1.189537
1.178894
0.28930664
0.541626
0.14839935
0.8723717
0.35114288
0.03931427
0.29716492
0.78638077
0.1735878
-0.0038719177
-0.024635315
0.25351715
0.30688095
0.22584915
0.44410706
0.73783493
0.710392
0.40182495
1.3486023
0.7273216
0.8639221
0.8283119
1.1664696
1.1739197
1.2327652
1.0598907
1.4831161
1.1621971
1.0064163
1.3202133
0.42744064
0.18915558
0.24189377
-0.2939148
-0.14757538
0.35725784
0.036678314
0.27243423
0.08932114
0.48142242
0.2914276
0.2477951
0.777935
0.7521744
0.46567154
1.286499
0.8364754
1.28648
1.098793
0.7149544
0.46847153
0.26704407
0.4957161
0.64974594
0.4452858
0.026649475
0.048667908
-0.28963852
0.21739578
-0.114162445
0.8095665
0.57632446
0.9871483
1.2132797
0.79966736
0.81908417
1.3251839
1.2928925
0.65057755
0.8420334
1.0666275
0.63986206
1.5127525
0.52021027
0.6400032
0.20005035
-0.019443512
0.28530502
0.80913544
0.5270767
0.5450897
0.64424896
0.3619995
0.9564476
0.69545364
0.52830124
1.1297798
0.38783264
0.09664917
0.2846985
0.18271637
0.6498337
0.3367958
0.16497803
0.30626678
0.43172836
0.41162872
0.47084808
0.10321808
0.17850876
0.7000313
0.60396576
0.6607933
0.6757469
0.96912384
0.820179
0.49500275
0.75650406
1.0938492
0.5543976
0.51467896
0.65636444
0.5701904
0.28009033
0.8238144
1.3326759
0.72392654
0.1080246
0.48282242
0.7130585
0.9837456
0.8278198
0.64429474
0.6779213
0.89212036
0.7868233
0.8131294
0.27259445
0.73950195
-0.029521942
0.4884262
0.3201065
0.32133865
0.29887772
-0.3391838
-0.2864685
0.17976761
-0.42733765
0.055217743
0.37537003
0.9852905
0.8907814
0.37384415
1.1707382
0.93458176
1.1463318
0.6915779
0.74289703
0.28113937
0.42178345
0.8665657
1.2282028
0.95248795
1.0780754
1.0961342
1.2251205
0.5431671
0.8655014
0.4458313
0.06605148
0.1282196
0.2615509
0.7942734
-0.11004639
-0.41311264
0.09968948
-0.0930748
-0.48550797
0.2538643
0.4145317
-0.15629959
-0.2428093
-0.32198334
1.1413803
0.24307632
0.6536102
0.8180008
0.8130646
0.7432289
0.97367096
1.2080574
0.8999939
1.2949066
0.46727753
0.6855278
0.65688705
0.48999405
0.19827652
0.90621567
0.54858017
0.6264496
0.32569122
1.1181641
0.8350525
0.49365997
0.34732437
-0.013408661
0.44545746
0.01921463
0.14611435
0.2244873
0.56559753
0.5783539
0.8434677
0.31334305
0.38723755
0.9511795
0.48950958
0.6288147
0.46886063
0.26721573
0.4616661
0.52960205
0.32608795
0.38889694
-0.15360641
0.31590652
0.31871033
0.10836029
0.22372055
1.0965691
0.3520279
0.36265182
0.92507553
0.43392563
0.26423645
0.5368042
0.37574768
-0.30656052
0.39456177
0.64823914
0.35045242
0.099823
0.7351265
0.76558304
0.58945084
-0.21318054
0.15390015
-0.04335785
0.2919731
0.4715805
-0.0061569214
0.3997116
1.464756
0.64842224
0.7337189
1.1612282
1.0543709
0.8027992
1.1851578
0.622921
0.4842224
0.0116119385
-0.053020477
0.48309326
-0.28248215
-0.60196304
-0.1435585
-0.24275208
-0.39593506
-0.3266716
0.2301178
0.5770302
0.62158966
1.220684
1.2729301
1.0898018
0.9199829
1.1657867
1.7274742
0.7076416
0.7901535
0.17445374
0.7778282
0.25077438
0.36158752
0.06573486
0.23202133
-0.4855652
-0.18566513
0.1606369
0.36066818
0.46360397
0.6206627
0.56331635
0.5599098
0.9908447
0.70186615
0.64949036
0.6643524
0.74798965
0.006427765
0.47224045
0.8981781
0.13970566
0.037654877
0.0030517578
-0.017093658
0.08508682
0.754055
-0.39141083
0.25683975
0.048221588
-0.12149811
0.47434616
0.75852966
0.121406555
0.30789566
-0.0512619
1.0034256
0.40550232
0.46326447
0.43201447
0.9300957
0.3308792
0.412014
0.26073456
0.46242905
1.0478439
0.22124481
0.34734344
0.3681221
0.7329521
0.86551285
0.3212967
0.4208374
0.40404892
0.87493134
0.6682091
0.010383606
0.7606201
-0.14340973
0.25867462
0.28540802
0.72872925
0.45388412
0.351696
-0.57128143
-0.06962967
0.07671738
-0.2336731
-0.14570999
0.44400406
0.19043732
0.35385132
0.88998413
0.522007
0.5772095
0.44984055
0.9353943
0.9309578
0.6776314
1.4856567
0.72026825
0.65019226
0.18980408
-0.7437172
-0.53422546
-0.6776161
-0.1536293
-0.38794708
0.010360718
0.9979782
0.13833237
0.7969971
0.09954834
0.3276024
0.62133026
1.1571312
0.9516792
0.5293236
0.64356995
0.42995453
0.09311676
-0.38733673
-0.3298645
-0.09500122
0.75047684
-0.14243698
0.02917862
0.06999588
1.0974464
0.59833145
0.6714287
1.0211449
0.8512306
0.89025116
0.78617096
0.9061165
0.1805687
-0.06354141
0.4275856
0.12865448
-0.4780655
0.0019111633
-0.37234497
0.25077438
-0.091430664
-0.004447937
0.34866714
0.48563766
0.9924507
0.20399475
0.32233047
0.13672256
0.0836525
0.2493782
-0.35995102
-0.25061798
0.47162628
0.34052658
0.84851456
0.56383514
1.1221466
0.25803757
0.85588455
-0.07004547
0.30405807
0.45742035
0.20667267
0.7330513
0.23209763
0.41120148
-0.071144104
0.46765518
0.24475479
0.16502762
0.7378731
0.72197723
0.23553848
0.5156708
0.25448227
0.9283638
0.24074554
0.80472946
0.47301865
0.30088806
0.36985397
-0.26620483
-0.33084106
-0.7298851
0.22528839
-0.40333176
0.012931824
-0.013450623
0.2579193
0.21380997
0.70542145
0.7970276
0.95884705
0.21512604
0.40114212
-0.012470245
0.29506302
0.4195404
0.72070694
0.3499031
0.32570267
0.3394661
0.32473755
0.40254974
0.10548401
0.36805344
0.2786064
-0.1556015
0.44760895
0.11337662
0.25695038
0.6225357
0.19994736
0.53274536
0.27775955
0.3448944
0.688179
0.84368515
0.8757858
1.0470467
0.700943
0.27500153
0.7396774
0.9897804
0.14392471
0.32255554
-0.51107407
0.16433334
-0.11920166
0.21049881
-0.38703537
-0.52010345
0.15159988
0.014583588
0.203228
0.1528244
0.6087074
0.20646667
0.39456177
0.63290405
0.7634735
0.5133095
0.3648758
0.5787468
0.41609955
0.5620117
0.067466736
0.21327972
0.37483978
0.2280922
0.35946655
0.04339981
0.1596756
0.1360321
-0.22240448
-0.594059
-0.10938263
-0.081386566
0.04669571
0.31051636
0.0078048706
0.78671265
0.3751297
0.32191467
0.67004013
0.40272522
0.93535995
0.7743187
1.2601395
0.16680145
0.8149605
0.13396835
0.1338501
-0.15233612
-0.07912445
-0.2403183
-0.47082138
0.2715187
-0.2052536
0.446064
0.48357773
0.48349762
0.86011505
0.42430878
1.1006737
0.21592712
-0.06912613
0.2197609
0.2309494
-0.11046982
-0.05155945
-0.81716156
-0.39292908
-0.35776138
-0.23105621
-0.19264221
0.46156693
0.10140228
0.18989944
0.36865997
1.4182816
1.0172272
1.225811
1.6011963
0.5553436
0.42003632
0.0039787292
-0.3829193
-0.22797012
0.32180023
-0.3467369
0.509079
-0.2514763
0.57566833
0.5462494
0.57782745
0.11653137
0.26136398
0.2735672
0.30430603
0.2677307
0.08937836
-0.005264282
0.19265366
0.38983154
0.278862
-0.35235977
0.5628967
0.25862885
0.24188995
0.7946701
-0.10102844
-0.3793106
-0.1580925
0.27231598
-0.0044555664
0.54945755
0.2183342
0.8463402
0.8472786
0.5147095
0.40259552
0.14951324
0.16088104
0.19504547
0.07904816
-0.03571701
0.14974976
-0.06613922
0.579525
0.26636887
0.6714554
0.09279251
-0.18573761
-0.17842484
0.21657181
0.29180145
0.47779465
0.7171593
0.45085907
0.6975136
0.61844635
0.7981758
0.98262405
0.6526451
0.5539322
0.72581863
0.15395737
-0.20783234
-0.45565796
-0.73789215
-0.6427574
0.21808624
-0.31757355
-0.41970062
-0.36507797
0.11711502
0.7718544
0.6057968
0.82086945
0.9842987
0.73823166
0.81172943
1.73452
0.41223145
0.18536758
0.06961441
0.69786835
-0.6004257
-0.14076614
0.16992569
-0.14367294
0.21046829
0.26322174
0.1416626
-0.19719315
0.13914108
0.20794678
0.44304276
0.2693596
0.12753296
0.2831955
-0.33935165
-0.48547745
0.17142487
-0.0002861023
-0.044467926
0.62148285
0.99360657
0.6661377
0.46385956
0.45186234
0.5388527
0.37049103
0.19117355
-0.09413147
-0.16744232
-0.2330246
-0.46574783
-0.54411316
-0.47948837
-0.47992706
0.536705
0.3314743
0.39501572
0.60674286
0.55566406
0.28744507
0.4532814
0.44076538
-0.0028533936
0.26696396
0.18811798
0.6571007
0.5070152
0.6973953
1.179287
0.76319885
0.85020447
0.13075256
0.60658264
-0.39577484
-0.11965561
0.88497543
-0.60943985
0.01832962
-0.49814224
-0.045261383
-0.6927948
-0.26727295
-0.3849144
0.14626312
0.44937134
0.49372482
-0.23426819
-0.105400085
0.26390076
0.98405075
0.28581238
0.70500565
0.93244934
0.6747055
0.5070915
0.43153
0.024993896
0.22016907
-0.00901413
-0.041454315
-0.03501129
-0.48176193
-0.289299
-0.5159836
-0.12634659
0.50387955
-0.20068741
0.44511032
0.2288971
0.3685112
0.6320801
0.6393089
1.1066055
0.84466934
0.67230606
0.6742554
0.034820557
0.22725677
-0.5798683
-0.20324326
-0.05311966
-0.47257233
-0.23997879
0.18875504
0.1347084
-0.18612671
0.45971298
0.729023
0.45760345
0.21834183
0.059173584
-0.42676926
-0.17608261
0.08671188
0.1665802
0.06650543
0.18853378
-0.18309402
0.12971878
0.10648346
0.11688995
-0.14142227
0.19290161
0.5351219
0.45191956
0.48418045
1.2024002
1.0258026
0.607708
0.75138855
0.6142311
0.04399109
0.9768982
0.9628296
0.5599899
0.03469467
-0.15671158
-0.20095825
-0.6267586
-0.65686417
-0.52228546
-0.9228821
-0.99905014
-0.007976532
-0.21688461
0.017360687
-0.2310257
0.7534752
0.6895256
0.87340546
0.9790344
1.0962715
1.0555
0.7527695
0.097328186
0.0975914
0.11369705
0.15046692
-0.45832062
-0.32183075
0.24681091
0.26823807
-0.18660736
0.1195488
0.39318848
0.41884995
0.07363129
0.2918663
0.100917816
-0.10843277
-0.002670288
-0.28546906
0.27256775
0.10203934
-0.4096222
-0.10071945
-0.008956909
-0.35512543
-0.4124298
0.36475372
0.4858551
0.16329575
0.92183685
0.57518387
0.550724
0.42501068
0.15572739
0.88013077
0.24362183
0.32767105
-0.14916992
-0.22517776
-0.35660172
0.07485962
-0.12708282
-0.21492767
0.012371063
0.027107239
0.5082321
0.4328575
0.45767212
0.100925446
-0.27890778
0.19096756
-0.17248154
0.2482605
-0.008201599
0.10467529
0.09282684
0.27204895
0.1558876
0.07529831
0.68476486
0.7900276
0.47068405
0.258358
0.49599457
0.6069603
0.4848404
-0.24184418
0.46918106
-0.23872375
-0.25148392
0.30602264
-0.19858551
-0.10653305
0.1405716
0.5171776
0.35316467
0.10110855
-0.037361145
0.7624817
0.5670204
-0.024139404
-0.07491684
-0.35416412
-0.15266037
0.24279404
-0.6018295
0.06253433
-0.22672653
-0.0074920654
0.0347023
-0.23550415
0.36771393
0.36068344
-0.09021759
0.29048157
0.6073456
0.10456085
0.19442749
0.48921967
0.7215996
0.39120865
0.79250336
0.849041
0.31279373
-0.19624329
-0.6126976
-0.6863899
0.12654114
-0.34005737
-0.5932121
-0.9579582
-0.11946869
0.7161064
0.5927849
0.7744789
0.57390976
0.37106705
0.46977615
0.20641708
-0.08735657
0.2767601
0.33811188
1.0283661
0.084163666
-0.26906586
0.21482086
0.12527847
-0.13476944
-0.2848091
-0.12659836
0.1839943
0.22057724
-0.5766411
0.10939789
-0.19827652
0.29852676
-0.42432785
0.42939758
0.5176964
-0.017520905
0.0004005432
0.35023117
0.4317131
0.27438736
0.11205673
-0.48090363
0.5001259
-0.02135086
-0.46858978
0.18605042
-0.10528946
0.36288834
0.1221199
0.07356644
0.2573204
-0.16915894
0.39308548
0.5745659
0.35354233
0.9589157
0.5940285
0.1278534
-0.091602325
0.46377182
0.19347382
-0.30543137
-0.46445465
-0.26485062
-0.23409271
-0.25947952
-0.4910202
-0.047416687
-0.11746979
-0.061141968
0.3612938
0.45151138
0.07164383
-0.35369492
0.116291046
0.2533188
0.1557846
0.13838196
0.16812897
0.23711777
0.86091614
0.2303772
1.2897224
1.0212746
0.5057564
0.5783844
0.124320984
0.57292175
0.21237946
-0.14537811
-0.614418
-0.60297775
-0.31220627
-0.5485611
-0.15612411
-0.14999008
1.0166283
0.36585617
-0.07508087
0.26123047
0.121650696
0.13182068
0.9823799
0.22432709
0.26737213
-0.6359024
-0.108112335
0.57378006
0.50255966
0.55218506
0.45228577
0.06618881
0.36053848
-0.41947174
-0.30360413
-0.630703
-0.48262405
-0.67339325
0.55358124
0.05286789
0.33330154
0.5642586
0.7867737
0.15171814
0.7741585
0.7835922
0.1937027
0.09887695
0.11046982
-0.4686737
-0.36816788
-0.21455383
-0.37766266
-0.021289825
0.09957886
0.079761505
0.35734177
0.89078903
0.447258
0.7349777
-0.14626694
0.3286667
-0.049129486
-0.23517227
0.26430893
-0.13661194
-0.6518326
-0.60041046
-0.2849388
-0.01505661
0.12940979
0.7129593
0.77345276
0.025997162
0.54271317
0.27189255
-0.12315369
0.59791183
0.37675858
-0.21312714
1.0754395
-0.21554184
-0.40198898
-0.1444397
-0.71979904
-0.68421936
-0.39287186
-0.051223755
0.4642334
-0.028018951
0.3674469
0.6968155
0.30578995
0.6308212
0.44444275
0.9470558
0.31169128
-0.1379776
-0.05450821
-0.31160736
-0.32204056
0.3875618
-0.10096741
-0.10865402
0.2353363
0.6780014
-0.39878464
-0.38900375
0.64146423
0.048748016
-0.72745514
-0.06636429
-0.24367142
-0.26102448
-0.25123596
0.08016968
0.46128845
0.5900421
0.7115097
0.838974
0.8044205
0.93268967
-0.029590607
-0.34420395
0.40728378
-0.60858154
-0.15311432
-0.47130203
-0.36938095
-0.4514389
0.35811996
0.77220535
0.5514374
0.30490494
0.13198853
0.25662613
0.11979294
0.09573746
0.8037567
-0.23580551
-0.02199936
-0.30220413
-1.0601463
-0.3660164
-0.4225998
-0.5646858
-0.29528046
0.6180649
0.34303665
-0.1402359
0.11815643
0.9246445
1.5347099
0.74139404
-0.057338715
-0.010913849
0.10890961
-0.19031143
-0.39189148
-0.55789185
-1.2732239
0.32144928
0.6195946
0.015415192
0.9699707
0.15271378
0.497509
0.15865326
-0.2869072
0.24843597
0.5247116
-0.16787338
-0.6045456
-0.52789307
0.7952957
-0.4159317
-0.23178864
0.028755188
-0.024990082
0.4644966
1.0870781
0.2647438
0.3969803
0.18795395
-0.335701
0.15367126
-0.48648453
-0.095962524
-0.8743477
0.7875824
0.27095795
-0.056175232
-0.38755417
0.65927887
-0.1162262
-0.246315
-0.13124084
0.025882721
0.25152588
-0.43606567
0.078445435
1.211319
0.37236023
0.25751877
0.22097397
0.4778595
0.01769638
0.06913757
-0.11114502
0.025279999
0.3061142
-0.10953522
-1.5498238
-0.57556534
-0.41594696
0.22515106
-0.123802185
0.5817642
0.64199066
0.3903885
0.12112427
0.17028046
0.61977386
-0.76408386
-0.33145523
-0.04458618
0.4779396
-0.1000824
0.12030792
-0.08369064
-0.279747
0.56043243
0.12338638
0.0064926147
0.70706177
-0.47507858
0.00037002563
0.22176361
0.8024826
-0.1410904
0.6758499
0.03117752
0.09587479
-0.2095604
-0.87192917
0.47637558
-0.64058685
0.5221138
0.6655159
0.93616486
-0.20930481
0.025680542
-0.03917694
-0.7939987
-0.4711914
-0.41700745
-0.7994728
0.20270538
0.5085869
0.43139267
-0.18894958
0.39660645
0.28087616
-0.1476326
-0.37601852
0.5127182
0.6787987
0.008430481
-0.1001091
0.268322
0.84465027
-0.37329483
-0.27574158
0.30360413
-0.60689545
-0.12891006
-0.057174683
-0.6970749
-0.117622375
-0.2046814
-0.8345413
0.12083435
0.77044296
1.2471199
0.8825226
0.69358444
-0.31770325
0.646328
-0.0512352
0.4729538
-0.30364227
0.12123108
-0.1195488
-0.5208359
0.23969269
0.0058670044
-0.4799614
-0.056228638
-0.19805908
-0.021713257
0.17434311
0.1655426
-0.05262375
0.04233551
-0.75486374
-0.34074783
0.50743866
-0.24872208
0.7287178
0.89292526
-0.059741974
0.28139114
0.03297043
-0.14427567
-0.38991547
-0.52778625
-0.8554611
-0.14768982
1.2298698
-0.025447845
-0.37260056
-0.20123291
0.6449547
-0.5066185
0.6958542
0.37105942
0.5812607
0.7418022
-0.12288666
0.52114487
0.66370773
-0.33351898
0.5345421
-0.46712875
0.04523468
-0.29811478
-0.32147598
0.054611206
0.5079346
-0.23772049
-0.47919464
-0.5826874
-0.1576004
-0.5905075
0.024166107
-0.09784317
0.8621826
0.7429848
-0.15410995
0.39319992
0.24288559
-0.62739944
-0.81031036
0.060596466
0.667408
-0.75037
-0.41019058
0.24969864
-0.27840424
0.76894
0.32670593
-0.3011589
-0.3865738
0.20161057
0.86499023
-0.2662773
0.39894104
0.6872368
-0.2299118
0.033111572
-1.2346344
0.19588852
-0.1475792
0.09278488
0.41119766
-0.22351456
0.09250641
-0.1115036
-0.067409515
0.0578537
0.36320496
-1.0480232
0.5270462
1.233139
0.7982979
-0.8110962
0.16580963
-1.1880531
-0.5007858
-0.20158768
-0.29662323
-0.044631958
0.24860382
1.4033852
0.48163223
0.43115234
-0.60699844
-0.64388657
-0.3623314
0.053310394
-0.04647827
-0.07946777
0.58558655
0.014793396
-0.67326736
-0.239254
0.95391846
-0.20549011
0.6620064
-0.024562836
0.929966
0.48371506
0.40580368
-0.43531418
-0.7478905
-0.48467636
-1.1448898
-0.85137177
-0.33102417
0.5303116
1.0102882
0.24490738
0.5314598
0.77049637
0.8958664
0.6013527
-0.23723984
-1.0578461
-1.1743317
0.5794411
0.16523743
-0.10775757
-0.4170456
-0.50258255
0.69166565
0.106090546
0.4949684
-0.52547455
-0.27936935
0.65813446
0.37469482
0.31755066
-0.022850037
-0.9790306
0.17182922
-1.0658798
0.60834885
0.82401276
-0.48996353
-0.076560974
0.32209396
-0.011096954
0.6021919
0.76996994
-0.76698685
-1.3870697
-0.5907898
-1.2067947
0.93740845
-0.27299118
0.7463951
-0.10178757
1.9660568
1.0791512
0.4101143
-1.3237801
-0.8016548
-0.9040451
-0.63482285
-0.07237244
-0.5794678
0.5792618
-0.1716423
1.5510025
0.4240036
0.95788574
-0.6312828
0.55879974
0.18029785
0.21340561
-0.9836197
-0.98734665
-0.5150261
0.20664978
0.1152153
-0.025547028
0.06783295
-0.194664
0.056194305
-0.26923752
0.35142517
1.338398
0.19726944
-0.3520317
-0.39734268
0.28305054
0.79662323
-0.15830994
-0.20900726
-0.20465851
0.23293686
-0.9428406
-0.2270813
-0.20070648
-0.21366501
-0.31276703
0.32315826
0.6838875
1.7362518
-0.5391998
-0.78585434
0.59493256
-0.29400253
-0.7681465
-0.18589401
-0.00075149536
-0.36363983
0.091033936
0.18937683
-0.454113
1.3876839
-0.32566452
0.056179047
0.14707565
-0.115501404
-0.27789307
0.35990143
-0.6048813
0.062763214
0.4063034
0.19045639
0.34486008
-0.9820328
-0.81528854
-0.5599365
-0.6347885
0.7164688
0.17213058
2.0848312
1.5156822
-0.10618973
-0.60546494
0.014373779
0.062755585
-0.8438034
-0.36223984
-1.0370064
-0.39367676
0.29697418
-0.6111946
0.56926346
-0.082271576
0.97354126
0.5937309
-1.1097107
0.08229828
-0.79533005
-0.5775871
0.35949707
1.0642548
0.42116928
0.45014572
0.32655716
-0.54590225
-0.19002533
-1.6778107
-1.1908417
-0.6440239
0.6274681
0.2513275
1.3647346
1.5006294
0.10151672
0.1634674
-0.16106033
0.64250183
-1.4317589
-2.476963
-1.0475426
-0.10413742
1.4047279
0.6910591
0.034366608
-1.0108757
0.049545288
1.0157585
-0.285717
0.251503
0.10878754
0.7105484
0.063194275
0.57185364
-2.1384811
-0.36621857
0.8787613
0.34926987
0.025066376
0.8494377
-1.383461
-1.0838585
-0.6601486
-0.1754036
0.61260986
-0.19034958
0.45119858
1.5891533
-0.10405731
-1.2126198
-1.0811653
0.57386017
-0.9207535
-0.89957047
-1.0440865
0.8625603
0.3348236
-0.012310028
-0.7078552
2.5568237
0.57637405
0.74567795
0.8098221
0.8299217
-1.0130348
-0.89886856
-0.7501221
-1.7723312
-0.28115082
-0.3641777
0.3122368
0.7104416
0.71328354
0.2286148
-0.22867203
-0.37685776
-0.10160828
0.3275795
-1.159832
-0.4356575
-0.14745331
0.47043228
0.46447372
-1.1511192
0.1291275
0.8367615
-0.80898285
-0.6463928
1.0857811
-0.35120773
0.035068512
-0.6755562
0.34505463
0.48476028
0.16467285
0.67676544
0.072696686
-1.5385094
-0.51115036
-0.0972023
0.27156448
0.045597076
0.6239128
0.783123
-1.186943
-0.91534805
0.47689056
0.6616287
0.72826004
-0.090351105
-0.44498062
-0.4061737
-0.9229126
-0.3837738
1.7823753
0.012634277
-0.2264862
-0.5369568
-0.8406944
-0.032909393
-0.08797836
0.31593323
-0.97270584
0.53699493
-0.5585251
-0.3553505
-0.4446106
1.5835648
-0.20041656
-1.0845222
-0.22557068
-0.123687744
-1.2932205
0.68603516
0.5911102
0.8691902
-0.7479706
0.1866951
-0.831913
0.48257065
-0.5870285
-0.7835655
0.7936325
0.70162964
0.9398346
-0.92959213
0.47750473
-0.6164131
-1.0111427
0.45833206
-0.26820755
-0.9747963
0.22382355
0.12743378
-1.3694916
-0.64544296
-1.4468079
-0.03308487
-0.14521408
0.06555939
0.9806442
1.9609222
0.5593834
0.30334473
-0.5390892
-0.9356499
-1.3659134
-1.4851837
-0.23400116
0.15700912
0.5763321
0.2578392
0.07546997
1.916008
0.08536148
-0.28626633
-0.7420654
-1.5311813
-1.2162399
-0.09440994
1.5014114
0.65208435
-0.31539536
-0.17516708
-0.06716919
-1.7800102
-2.113491
-1.0536995
0.53260803
1.3229141
-0.04560089
1.1479568
1.6190376
-0.17719269
0.23051834
-1.8368568
-1.5078964
-1.2350197
-1.5623665
-0.27651978
1.0767899
3.2176552
1.443531
-0.2551689
0.24040604
-1.2684784
0.4432335
-0.78173065
-0.90408707
-0.5997925
-0.27687454
1.088398
1.2642174
1.6058769
-0.15580368
-0.36255264
-1.9245377
-2.2086525
1.1975174
-1.27845
0.15530014
-1.5923386
0.87716293
1.2726173
-0.5677719
-0.18683624
0.8358078
-0.49639893
-0.571785
0.24191284
-0.35596466
-2.143402
-0.35573196
-1.0159912
0.096027374
2.0312119
1.9960785
-0.82419205
-0.018268585
1.5825272
-1.5438156
-1.256382
-1.3998299
-0.5666809
-0.45113373
2.1588554
0.9095764
-0.63581085
-1.0105705
0.7097206
-0.52036285
0.065898895
-1.0740547
-1.180088
0.37182617
-0.0934906
0.53959274
-0.16044998
1.1402359
1.0854378
-0.5327301
-1.2793999
-2.47649
-1.2197151
1.6559143
-0.2604599
1.3347931
-0.54377365
0.9157295
-1.2527618
-1.0881615
0.0071868896
0.40315628
0.5390663
-0.55498123
1.6475067
2.0472069
-1.7307091
-1.0178299
-3.4607773
1.0949554
-1.9609413
-1.1448212
1.5251923
3.5399704
1.6649361
-0.5335922
-1.0500069
-2.2647476
-0.3588333
-1.3464508
-2.3779068
-0.72940063
0.9170685
1.1339989
0.4359665
1.5617638
-0.1294899
0.6769028
0.45157623
-0.7768898
1.3577614
-2.3365326
-1.0079956
-0.3569908
-0.29721832
0.38211823
-3.6106071
0.3527565
