44274.883
93604.125
44657.035
23317.07
14870.955
10585.451
8017.8076
6359.749
5201.3936
4221.959
3517.6184
2974.4858
2471.228
2084.669
1735.2175
1494.0024
1295.6909
1095.8342
943.072
805.3401
696.0424
602.2864
486.6807
414.89282
363.71994
308.73758
244.99445
203.39822
165.23364
141.55447
116.9436
91.32824
73.10935
63.558212
45.49106
37.38777
26.565125
22.50378
14.8043785
13.989291
9.66933
5.2744355
4.0739603
1.3937602
1.120535
0.6659715
1.1278615
0.52424264
0.5713997
0.6533472
1.1886742
1.3359913
1.5905234
2.015878
2.5580003
2.8254988
2.8194716
3.4387033
4.1103363
3.0560665
3.8025126
3.7858436
3.8803244
3.7101681
3.5291889
3.5457978
3.5205946
3.7555394
3.0666149
2.6835353
2.845893
2.716093
2.4291427
2.4287786
1.9190185
2.116663
1.7673515
1.3966281
1.594872
1.2364647
0.9578591
1.0928476
0.9268719
0.8675593
0.9290117
0.6576238
0.52330124
0.69882524
0.62021965
0.87707627
0.9988973
0.21080059
0.8118748
0.44471905
0.8344596
0.3070378
0.1666307
0.34736627
0.36076528
0.23149419
0.3121904
0.15387747
0.22372559
0.21421328
0.6768702
0.4193611
1.3701171
0.8606322
0.29102784
0.47726855
0.463704
0.33137262
0.19093171
0.38420448
0.43470722
0.25825328
1.0978485
0.6085264
0.32748607
0.8471663
0.3725913
0.50192696
0.51610595
0.38842893
0.54850674
0.2699305
0.54463303
0.22036049
0.34902075
0.23631899
0.2659937
0.46791807
0.17125475
0.20912836
0.24247383
0.24449755
0.3660409
0.18185635
0.22730446
0.24530244
0.31592044
0.31287464
0.4815423
0.17979354
0.46032614
0.21519433
0.13859695
0.5634399
0.68389285
0.4807856
1.2606286
0.22712766
0.2579744
0.26728177
0.22276326
1.3786381
0.55169433
0.9342796
0.45426604
1.01036
0.23009199
0.29180706
0.7649869
0.7254668
0.37508765
0.1792306
0.48604867
0.43398944
0.26290494
0.7314774
0.44769105
0.50205976
0.19237795
0.483482
0.20500305
0.59270716
0.37400448
1.0703824
0.5986899
0.110702865
0.45564094
0.29920116
1.3766171
0.17327851
0.24698435
0.6537818
0.6052175
0.3126851
0.3759295
0.27506217
0.28241095
0.5557056
0.38568828
0.71127087
0.27167004
0.1291976
0.21630837
0.14489453
0.20228443
0.23505113
0.36533415
0.24187432
0.789022
0.3183855
0.23306769
0.5126463
0.28849462
0.23087174
0.3298434
0.14341496
0.30046624
0.7157949
0.25226814
0.40917397
0.22344324
0.3214491
0.3173919
0.78995824
0.20118022
0.6622899
0.2949594
0.5103304
0.262001
0.2551398
0.49685544
0.21099834
0.22732368
0.2831174
0.2844902
0.42965555
0.17124169
0.4576436
0.4763152
0.22212353
0.2326012
0.26487303
0.7131382
0.3305428
0.2652852
0.16436613
0.17623311
0.36449996
0.45339766
0.5691677
0.27211607
0.29849964
0.14461239
0.4116566
0.26973012
0.29435748
0.3182719
0.2344962
0.24776277
0.2099942
0.33158958
0.4480437
0.17825076
0.4491975
0.15682358
0.12868936
0.28005698
0.16188945
0.25864792
0.4029857
0.4655052
0.30654022
0.3515911
0.21040462
0.362172
0.21947244
0.21487598
0.60076374
0.20927988
0.21519095
0.2486826
0.15871179
0.36861438
0.46642542
0.29786286
0.84595907
0.2881557
0.59938794
0.29060873
0.2647213
0.4857468
0.15827622
0.22448501
0.2960774
0.1935154
0.25651336
0.30583227
0.9080514
0.09764283
0.38743955
0.48168394
0.73853374
1.2594283
0.27833608
0.30952936
0.3917237
0.1486462
0.37181112
0.476852
1.4141684
0.21600221
0.37654027
0.20810948
0.21428287
0.41374734
0.30854106
0.30902228
0.11708779
0.51626897
0.6307725
0.22715208
0.28625324
0.2062938
0.3417993
0.19133711
0.20633301
0.69985056
1.0951068
0.32995513
0.26764825
0.22394443
0.53103405
0.19754247
0.90444356
0.21852113
0.34719187
0.3493511
0.26867822
0.24703118
0.17852211
0.17078401
0.36693808
0.13475995
0.2658843
0.42105117
0.49240947
0.4358606
0.30457732
0.11202712
0.118453555
0.31203258
0.49154
0.29589093
0.29136935
0.25317854
1.0613939
0.15931001
0.14669734
0.47188175
0.3842891
0.11777441
0.3189197
0.2650084
0.6690858
0.84731233
0.32250425
0.7483771
0.32496035
0.1599787
0.38684735
0.26429847
0.7705432
0.44934988
0.20535836
0.10271177
0.26523706
0.5630577
1.4028769
0.25387412
0.2299267
0.26097462
0.27878028
0.5158698
0.18939623
1.6783066
0.18385407
0.1672305
0.36069843
0.59525275
0.23739316
0.19505107
0.13444813
0.17523132
0.57239974
0.21454921
0.5649164
0.21529593
0.25390247
0.1134567
0.16772655
0.33197471
0.17693302
0.16987202
0.29556882
0.7902942
0.25852224
0.14487238
0.15523425
0.2119686
1.0180547
0.056714196
1.2129084
0.2907034
0.21585394
0.43144462
0.17564483
0.28051013
0.13039988
0.16427326
0.3496626
0.22323745
0.42028385
0.6460827
0.9184316
0.41890925
0.6572228
0.16792661
1.2866935
0.30405545
0.4180701
0.17851922
0.4834545
0.37318444
1.0177933
0.47782782
0.32630217
0.28573257
0.24411263
0.4042129
0.2957196
0.33416063
0.8157085
0.21454155
0.90595406
0.45634297
0.270818
-0.01464805
0.8201966
0.38446146
0.19574685
0.38003048
0.44610646
0.17389797
0.39078167
0.2293215
0.4597063
0.4134763
0.6318534
0.4468556
0.2226663
0.07926822
0.15770954
0.32385218
0.24839386
0.8264949
0.20410618
0.9864
0.19847865
0.1990329
0.24707718
0.352184
0.27072734
0.15505801
0.43484467
0.17948762
0.37241
0.24617499
0.80467767
0.2343715
0.6316861
0.45037183
0.34629107
0.57256275
0.23247671
0.36789098
0.15289858
0.17824109
0.3541557
0.22921012
0.15624262
0.16685963
0.13812348
0.11442352
0.17842196
0.4342752
0.06847564
0.19100586
0.35600266
0.13682936
0.21099247
0.15230435
0.11466595
0.30999073
0.3995155
0.3271105
0.148364
0.2381268
0.5019974
0.2628325
0.4054855
0.20253155
0.448998
0.09503651
0.4398814
0.20917122
0.11628421
0.3124929
0.25137576
0.14215535
0.1379371
0.23294581
0.124790356
0.24909943
0.15888211
0.13292737
0.1602973
0.3281491
0.40186784
0.2262172
0.48532975
0.19567864
0.43042046
0.08193527
0.32386672
0.15576264
0.36029026
0.20448746
0.26902074
0.1958486
0.1356976
0.6269606
0.17864925
0.25178695
1.0007008
0.3763058
0.58587533
0.13816571
0.17126638
0.30147016
0.17855147
0.18741512
0.07476702
0.1961236
0.06058361
0.27236962
0.8473857
0.29334316
0.124632105
0.21753061
0.46025914
0.5090816
0.48013306
0.17268538
0.22606899
0.18723421
0.2911237
0.28868684
0.30481464
0.16804317
0.12897076
0.37275237
0.1491398
0.43886766
0.1425752
0.29385146
0.35361022
0.25342414
0.19437988
0.1355125
0.21425068
0.28471595
0.33111286
0.406631
1.0102313
0.10864847
0.48116887
0.6057096
0.119194165
0.34256455
0.1490101
0.21447615
0.49222818
0.17724422
0.4138497
0.39423996
0.28673628
0.18585978
0.18776867
0.447956
0.30229825
0.15203482
0.19568971
0.2561222
0.3981332
1.3177812
0.77805674
0.19215481
0.19381806
0.31773257
0.30698738
0.11123741
0.15708652
0.110459276
0.35441604
0.40022245
0.06685595
0.12962224
0.16237538
0.075048566
0.39517647
0.11816918
0.17889272
0.08478407
0.42184326
0.1984223
0.18098937
-0.068097964
0.18223068
0.15194948
0.36063856
0.2046933
0.18279028
0.28246874
0.2135756
0.3673169
0.19645265
0.15045491
0.3051176
0.40406775
0.14294474
0.21372677
0.23293285
0.14756021
0.31334016
0.5060008
0.15117456
0.21140741
0.6886427
0.17439203
0.26201862
0.5659028
0.14871836
0.22726284
0.14591321
0.80318147
0.12354895
0.12576658
0.20406073
0.56745064
0.17617244
0.25730246
0.6481631
0.15659006
0.20694226
0.6902066
0.6463755
0.7971881
0.15941107
0.6434795
0.40739536
0.14836586
0.41568315
0.17577836
0.3657707
0.017255029
0.29321015
0.14111851
0.7577361
0.24084854
0.28972718
0.2081817
0.8325138
0.047354672
0.13660444
0.1631253
0.10654737
0.18947059
0.37710798
0.17820346
0.19247031
0.24676898
0.16327682
0.23634587
0.52185017
0.35238728
0.41010463
0.24930882
0.37506685
0.45529345
0.2399964
0.24439953
0.22983435
0.18045767
0.12872788
0.6411911
0.24716085
0.10560388
0.5700475
0.5579121
0.18595299
0.24570929
0.1007267
0.38328063
0.16099508
0.96662045
0.21993823
0.15320955
0.36554435
0.29322934
0.034556568
0.42995268
0.23022687
0.33177945
0.3286279
0.20660926
0.24500462
0.45413524
0.4310131
0.16650824
0.7180908
0.5178236
0.08326094
0.2997267
0.1258064
0.5364445
0.18087023
0.17673607
0.661279
0.11281377
0.6866465
0.5789351
0.51765597
0.65007067
0.37133777
0.2630704
0.15207426
0.18284231
0.49045932
0.07025042
0.4521744
0.28069684
1.0242747
0.32382578
0.19189078
0.6205566
0.5505335
0.38413572
0.22959363
0.39462742
0.3107202
0.33255804
0.20296238
0.6450048
0.6321958
0.3146879
1.3770813
0.07628308
0.19006656
0.10715072
0.4082963
0.9783263
0.43670702
1.5270928
0.30568358
0.29292676
0.94852614
0.3604782
0.39839584
0.4078365
0.2623895
0.25403392
0.4536488
0.9167987
0.26020187
0.88858026
0.27826977
0.28095692
0.2948684
0.18740852
0.47307265
0.48327926
0.3229391
0.1198342
0.46831036
0.4993076
0.42795178
0.36183113
0.5707143
0.53594476
0.21052116
0.09785104
0.12641084
0.6378904
0.3709064
0.2632915
0.14505547
0.110438615
0.29794884
0.19060844
0.28015837
0.3568726
0.2480798
-0.13387296
0.080170095
0.19225311
0.20764981
0.11438839
0.27705315
0.339713
0.40905744
0.2000497
0.24518609
0.6247113
0.2760747
0.24410398
0.097853884
0.11524542
0.14459912
0.07498116
0.4169549
0.21680118
0.10162419
0.43309742
0.22929755
0.14236861
0.3097297
0.06277974
0.21182086
0.27379414
0.031770766
0.09988227
0.37611577
0.06931941
0.50292355
0.24718335
0.26147148
0.31281736
0.2286336
0.08264766
0.2087568
0.07051712
-0.008093705
0.38966164
0.12699966
0.04490503
0.17482941
0.32704315
-0.018571675
0.20503104
0.18373336
-0.17459665
0.27433822
-0.026519425
0.06566239
0.3053481
-0.05155547
0.021991862
-0.12479857
0.10645796
0.2618315
0.067789435
0.107309766
0.22832596
0.58411944
0.36284363
0.12117837
-0.02023087
0.18516637
0.24226755
0.27341762
0.34300613
0.023492957
0.07097209
0.11047172
0.00915363
0.19339557
0.03212881
0.36880755
0.18372433
-0.008762598
0.18118791
0.30596286
0.12471649
0.16093087
0.15594696
-0.0039498173
0.1579954
0.013470883
0.120663494
0.017639862
0.11835897
0.29219168
0.31992963
0.40501073
0.28199157
0.22216094
0.056192093
0.19583137
0.19296876
0.17857459
0.12930818
0.22029662
-0.1265918
-0.08340359
-0.017785143
0.2238788
0.08477945
0.22843876
0.15958238
0.14779104
0.07221548
0.45519444
0.09935392
0.054383006
0.26144677
0.16969007
0.28677335
0.29691473
0.08936541
0.20151564
0.01412848
0.17149432
0.15507343
0.17649733
0.06452116
0.022184342
-0.044227354
0.032069597
0.09632021
0.06791063
0.14437976
-0.03670557
0.15116335
0.42574778
0.19341348
0.3401144
0.35277647
0.22964437
0.39437523
0.3453803
0.15120074
0.18076187
0.026372198
0.39055213
-0.03005619
-0.007347945
0.09380247
-0.007208435
-0.03364219
-0.020417273
-0.04829643
0.05892013
0.17010114
0.22278747
0.35066232
-0.04747577
0.14795718
-0.012786357
-0.14507878
0.011345205
0.12475733
0.07361696
0.11061763
0.23213364
0.19163783
0.06412874
-0.05441027
-0.034937285
0.12673797
0.5292601
0.12970567
-0.035308994
0.4488022
0.060036276
0.11268508
0.09864427
0.06647709
0.1845371
-0.027548593
-0.019259801
-0.107851125
0.18212466
-0.01665479
0.06500479
0.19283538
0.29736334
0.053398438
0.2540291
-0.0960133
0.27596533
0.08826082
0.0019062682
0.04994426
0.09152644
0.012625597
0.10006641
-0.050750047
-0.1012054
-0.026145808
-0.016019419
0.31051373
0.028099196
0.18796365
-0.1485821
0.15817733
-0.16073444
0.16902569
-0.10036071
0.18355182
-0.017274339
-0.028691603
-0.091637135
0.2139968
0.0039833337
0.012583867
-0.2175245
-0.15515047
-0.043806612
0.26327607
0.04897072
0.10082082
0.48507264
-0.116476305
-0.10879725
-0.34710872
-0.054189615
-0.03915269
-0.16265665
-0.121102214
-0.18905604
0.484904
-0.15754563
-0.11790242
-0.2556997
0.008867032
0.05513524
-0.079562955
-0.16734357
0.05215574
0.11262614
-0.1010177
0.026503641
0.19293253
-0.2850706
-0.06814296
0.001732833
0.13805832
0.014330447
-0.2462298
0.26429662
-0.03916001
0.18551177
0.008846483
0.19982338
0.2261658
-0.15083034
-0.030487854
0.14794126
-0.13472243
0.2224569
-0.08587297
0.33861613
-0.018318594
-0.34622967
-0.1057253
-0.27778625
-0.067537144
-0.30699956
0.072388746
-0.14813429
0.20624341
0.5055782
-0.09380613
0.71713495
0.35892195
-0.060818657
-0.11993399
-0.015434088
-0.042259634
0.036260206
-0.088877216
0.16310455
-0.06875175
-3.1910837e-05
0.11296172
0.3642293
0.21652311
-0.1345451
-0.19243851
-0.09118589
-0.011616219
-0.18500744
-0.2577484
-0.17842281
0.002276522
-0.008654058
-0.1494095
-0.24540482
-0.08023736
0.35260212
-0.13821575
0.1129277
-0.07563719
0.057335723
-0.08352556
0.018825183
0.17887738
0.6206191
-0.26315135
0.35815948
-0.008595696
0.16737422
0.17595378
-0.26736596
0.114750415
-0.27555472
-0.09654116
-0.37541932
-0.06746516
-0.21184248
0.044658028
-0.03956073
-0.00093333505
0.18701303
-0.086020716
0.05084528
-0.18163557
-0.054170884
0.09172943
-0.12800364
-0.022552215
-0.01940559
0.116515316
-0.025337745
0.117409594
0.0059944745
0.0856957
0.16520718
-0.16275322
0.013523102
-0.09002218
-0.2645192
0.36564204
0.090564996
-0.02432102
-0.24350746
-0.094143264
0.015826799
-0.12769333
-0.3085137
0.48273474
-0.20262274
-0.3352688
0.064398915
-0.15376808
0.00018037582
-0.27822626
-0.08286531
-0.34883955
-0.27968848
-0.048876166
-0.19819318
-0.13137132
0.09368266
-0.008081213
-0.005647421
-0.17287801
0.04365757
-0.2146706
0.04605123
-0.097303055
0.16010053
0.58986956
0.13183375
0.4222411
-0.21956657
0.10784645
0.04328063
0.02200137
-0.0042099333
-0.2891454
-0.14100985
-0.31416106
0.12637162
-0.21142456
-0.16139434
-0.35839766
0.15695557
0.044617508
-0.27643108
-0.3577065
-0.22669251
-0.21854417
-0.25346518
-0.21858297
0.15896569
-0.31219888
-0.16471897
-0.16200921
0.077175625
0.20311917
-0.21503723
-0.2146449
-0.07678252
-0.020058585
-0.10280773
0.14949432
-0.16842934
0.18686837
-0.07999443
0.26427594
0.4936665
-0.0074494556
0.27749687
0.03616888
-0.21405849
-0.11616516
0.04135274
-0.03151855
0.108882084
0.043250512
-0.1357071
-0.34189
-0.02292399
-0.083502
-0.139364
-0.06828188
-0.16766986
-0.21344921
-0.034034546
-0.06426113
-0.3423554
-0.114666164
-0.19157287
0.022409242
-0.25861096
-0.1644904
-0.0026497473
-0.19003771
-0.30087656
0.21708313
0.03674757
0.003628917
-0.13918693
-0.23805073
0.022114683
0.21308084
0.5499399
-0.17707112
0.5379056
-0.07745674
0.018747786
-0.010039223
-0.024638116
0.034333102
-0.14652045
0.07134368
0.016219258
-0.0034747329
0.44128793
-0.053404573
-0.29898334
-0.24174029
-0.14110436
-0.21401909
-0.04371778
0.66099805
-0.13450848
-0.09522774
-0.2669071
-0.20257886
0.7045841
0.4766016
0.22549927
-0.020624664
0.21654756
0.09638994
0.44383177
-0.014440944
-0.07077503
-0.18139277
0.035425834
-0.13670547
-0.2269215
0.17836213
-0.40044025
-0.03134101
-0.10008454
-0.016743764
-0.3044242
0.23756951
0.5073403
-0.08768469
-0.20707126
-0.13541047
0.23653391
-0.2571802
0.12334368
-0.29342082
-0.08057462
-0.17365764
-0.100232065
-0.20563212
-0.26169774
-0.02324761
-0.18191147
0.05645463
-0.34421524
-0.27287856
-0.22453482
0.03827085
0.090564534
-0.19715989
-0.2461854
-0.29835054
0.06836343
-0.4143837
0.075676166
-0.17517641
-0.040070586
-0.09148446
0.33403638
-0.314952
-0.30383456
0.365152
-0.20502536
-0.13638031
-0.14404418
-0.21765219
-0.2935525
-0.04898505
-0.23344561
-0.15562788
-0.18043652
0.101271674
-0.23201132
0.8168638
0.26910922
-0.13307668
-0.08011131
-0.34514105
0.44792575
-0.21042022
-0.073697925
0.0601011
-0.12281547
0.504643
-0.06579927
-0.14851299
0.26490226
-0.006685093
-0.13280053
-0.23700212
-0.19680351
-0.10876278
0.07724369
0.055345103
0.13754141
0.0006354358
-0.08072076
-0.06670521
-0.24381086
0.44523537
-0.24594702
0.30278993
0.3906088
-0.2401846
-0.2729532
0.12120718
-0.08022998
-0.21624482
0.23257491
0.25649604
0.5189844
0.18804902
0.10268833
-0.21601272
0.26796305
1.4486362
-0.06777609
-0.22920547
-0.34198228
-0.13888696
-0.12687223
0.005627351
-0.4168564
-0.055539258
0.19220531
0.13621229
-0.356505
-0.15641281
0.015905498
-0.34326923
0.46360427
-0.32225955
-0.16256617
0.04015697
-0.3714943
-0.12665705
-0.006885564
-0.15435584
-0.24046871
-0.16793722
0.0732989
0.21664
-0.26236996
-0.012902752
0.25604782
-0.160274
-0.032137096
-0.17264391
0.39993507
0.011949675
-0.09680724
-0.18851411
-0.0030101407
0.094522014
-0.21044403
-0.22525004
0.18584241
-0.099700145
0.22881705
-0.33834964
0.17267542
-0.32718307
0.29907584
-0.036961198
-0.34730342
0.24861678
-0.04882581
-0.29602662
0.09287198
-0.1739331
-0.27742368
0.325693
-0.052884147
-0.04217058
-0.054222852
0.19791102
0.63741386
-0.14447369
-0.18676776
0.2754901
-0.30020034
0.007184267
0.06167409
-0.40568748
-0.2622734
-0.17587613
-0.027324978
-0.2566787
-0.04707139
-0.00802362
0.056049235
-0.0836944
0.0018865797
-0.34131098
-0.13302249
-0.17551208
-0.29779166
-0.14595608
0.38032794
0.2927609
-0.10129527
-0.06769449
-0.21813972
-0.13578112
-0.25947618
-0.017103225
0.62097
1.2105558
0.2432884
-0.1286711
-0.29045203
0.49651864
0.5317191
1.1132119
-0.35527682
-0.17865056
0.18321475
-0.16388464
-0.22132042
-0.24387589
-0.06842809
-0.26079398
-0.082847476
-0.18863654
-0.00635913
-0.27670127
0.21044365
-0.081358306
-0.4291044
0.21422333
-0.20309979
-0.054394178
-0.074977875
0.027011897
-0.1674442
0.39297968
-0.042371333
0.014352091
-0.41138595
-0.39604938
-0.15505297
-0.33006424
-0.14701086
-0.248535
-0.047835365
-0.18196855
-0.21922235
-0.17407155
-0.23798966
-0.4225096
-0.061253536
-0.3198936
0.37823248
-0.039081216
0.032580763
-0.15275767
-0.38013592
0.0020332541
-0.30982658
-0.29026127
-0.072471574
-0.32358173
-0.23503351
-0.27068543
0.44661874
-0.2452675
-0.34958798
-0.07093183
0.010215862
-0.42905152
-0.3142674
-0.20892164
-0.21562105
-0.40806186
-0.2856137
-0.4524498
-0.32875717
-0.16476262
-0.3095789
-0.3529248
0.05993682
-0.14036374
-0.2539469
-0.07784135
0.009382337
-0.37222648
0.0743779
-0.23745656
-0.24242508
-0.3852757
2.336299
0.07788744
0.15958561
-0.39104703
-0.028861096
-0.050707266
-0.31981322
-0.3591079
-0.2867964
0.6378208
-0.25794104
-0.39129558
-0.21856342
0.03701121
-0.4018357
-0.009598784
0.14057049
-0.3465766
-0.23271117
-0.26257667
-0.14344347
-0.028570175
-0.29322094
0.045701385
-0.355886
0.28516218
-0.26663268
1.1924207
0.743375
-0.21115081
-0.2352482
-0.3942399
-0.39806855
0.46411186
-0.09118819
-0.22038592
-0.15907684
-0.17872086
-0.2378675
-0.42150855
-0.17462185
-0.3314962
-0.23564611
0.52340424
0.3855084
-0.43451545
-0.40776646
0.50463575
-0.24970634
-0.21657094
0.5611733
-0.26828533
-0.21259356
-0.31369546
-0.26670194
-0.11654571
-0.07387092
0.069214635
0.30197263
-0.13206089
-0.27433857
-0.27462012
0.061992526
-0.41182306
-0.22035238
-0.30078822
-0.11363648
0.05691624
-0.13217953
-0.26300758
-0.22816265
-0.1888686
-0.31091404
-0.3312599
-0.24948363
-0.06106087
-0.385132
-0.19909677
-0.15042835
0.15456271
-0.19582434
-0.04412119
-0.20885718
0.04051163
-0.18147628
-0.08533759
-0.27023113
-0.39633387
-0.28720123
0.12838356
-0.24954054
0.38049144
-0.039117157
0.08870131
-0.31121048
-0.2070769
-0.1328534
0.13764653
-0.2920241
-0.11278446
-0.006436661
-0.40467304
0.4773051
-0.17990008
0.13995346
0.2969449
-0.26076138
0.15289485
-0.2662681
-0.17279476
0.2985544
0.21204029
0.4336809
0.43236157
0.023756359
-0.20177211
-0.39018095
-0.35044587
0.35123295
-0.30206984
-0.09698784
0.2505003
-0.17461455
-0.19540304
-0.29418766
-0.1438419
0.01132397
-0.048918508
0.20924397
-0.13078786
-0.19793957
-0.11864233
-0.34501806
-0.18912598
0.003222365
-0.28521585
-0.16607672
-0.22125322
-0.28810143
-0.38531914
-0.23505521
-0.24006824
-0.10776002
-0.09744906
-0.44789422
0.034696043
-0.20771256
0.0672175
-0.19016822
-0.048942953
-0.21525252
-0.11286938
0.011540145
-0.37925118
-0.086826615
-0.07742873
0.26841885
-0.3660067
-0.4338681
-0.16841614
-0.25236347
-0.40826043
-0.15026951
-0.29169157
-0.40824252
-0.2545622
-0.3263206
-0.354441
-0.3922267
-0.39799643
-0.4381722
-0.11131498
0.46116358
0.2505967
-0.16238871
-0.32004446
-0.21535778
-0.37429565
-0.22770303
-0.34382507
-0.08151007
-0.36335295
-0.07562752
-0.3847596
-0.20544265
-0.40687326
-0.31610096
-0.2073704
-0.40181556
-0.42728546
-0.2340551
-0.22707741
0.8022564
-0.2818969
-0.39524812
-0.36800885
-0.42296082
-0.23038626
-0.26530358
0.53629565
-0.41926748
-0.3119091
-0.2191798
-0.042962313
-0.4323089
-0.22828983
0.5917328
-0.30062792
-0.38759094
-0.18660368
-0.39065352
-0.36378318
0.40362945
0.20955259
-0.01599729
-0.09360123
-0.26192814
-0.35695362
-0.028057177
2.0988758
1.8318154
0.14513096
-0.32673836
-0.31107503
-0.16222928
0.14527786
0.10345322
-0.1512376
0.64408094
0.05987078
-0.117184095
-0.038993336
-0.3971015
0.18348406
-0.13939033
0.903569
-0.27784157
0.29290444
-0.19032902
-0.23301579
-0.012826983
-0.12700957
-0.14276987
0.70069873
0.05477622
-0.24129155
-0.16895336
-0.23243804
-0.29196763
0.2262966
0.0016701408
-0.12347489
-0.017847126
-0.4052573
-0.43458438
0.3327266
-0.25384977
-0.44059443
-0.041727275
-0.34792265
-0.16236562
-0.12900904
-0.17812604
-0.24086612
-0.3900421
-0.28148752
-0.42740196
-0.35819125
-0.26376474
-0.28409815
0.17607278
-0.3927556
0.3554125
0.16857365
-0.366408
-0.2832325
-0.34300652
-0.02243489
-0.14954953
-0.01403892
-0.2192577
-0.27243426
0.026421182
-0.27401376
-0.33516598
-0.33030888
-0.27695373
-0.09111816
-0.28800106
-0.37115753
-0.3267985
-0.14456445
-0.43415305
-0.20806137
-0.22524631
-0.36326504
-0.09254588
-0.33782566
-0.41261572
-0.03800676
-0.29638347
-0.26108256
-0.2812519
-0.36252397
-0.23330295
0.044582725
-0.3360542
-0.40024197
0.008397775
-0.37494284
-0.3612432
-0.3765446
-0.41200447
-0.26074576
-0.2923956
-0.36459202
-0.44080925
-0.022159398
-0.28147775
-0.32708353
-0.20640135
0.08080214
-0.049748972
-0.16546363
0.2800803
0.46776342
-0.32216817
0.070909515
-0.37085345
-0.39464164
-0.18188699
-0.36346722
0.02967465
-0.12363219
-0.11359575
0.4835918
-0.20854095
-0.22261138
-0.42163077
-0.046896547
1.4392759
-0.17472188
-0.14014392
-0.36061853
-0.040267352
-0.034841478
0.03266871
0.19120373
-0.15139334
0.062347054
-0.19758624
-0.33755702
-0.12572046
0.7059537
-0.27142167
-0.3272536
-0.20626244
-0.31076005
-0.38196003
0.0013584197
-0.081866264
-0.16972767
-0.4041919
-0.23338303
-0.32826424
-0.42110744
-0.36673987
-0.4223383
-0.34631583
-0.07428086
-0.42451134
-0.25063324
-0.39337012
0.31485945
-0.41018865
0.07042813
-0.34110028
-0.05811809
-0.31941733
-0.37715828
-0.17882445
-0.09676719
-0.051910758
-0.24705815
-0.1863109
-0.30640006
-0.43078518
-0.33069375
-0.3865658
-0.3395574
-0.20938537
-0.33419573
0.2746309
-0.35689932
-0.335758
-0.40155166
0.8880106
-0.15530445
0.40611827
-0.052926444
-0.14748046
-0.32899374
-0.22690552
0.24531019
-0.13847631
-0.3414585
-0.31255734
-0.30883852
-0.27980644
-0.33288857
-0.4091516
-0.23484698
0.12763676
-0.36781812
-0.17371935
0.16573209
-0.41177037
-0.14788553
-0.3589289
-0.03687823
0.21118319
-0.14885607
-0.28461036
-0.32661322
-0.41251433
-0.29169255
-0.3858562
-0.4050994
-0.3705823
-0.2701095
-0.3709598
-0.35700077
-0.4292633
-0.42676225
-0.08862016
-0.06757605
-0.44389853
0.14867806
-0.35404348
-0.32697976
-0.40807217
-0.12532993
-0.3741809
0.08100533
0.77717954
-0.39143434
-0.21017553
-0.3116349
0.7894908
-0.40050328
0.2047494
-0.2610952
-0.41381788
-0.27375516
-0.40673587
-0.33536714
-0.3617698
0.33944345
0.50742924
0.059855465
-0.40966874
-0.064520516
-0.3620457
0.010088693
-0.3069792
-0.20109588
-0.3120393
-0.4160183
0.20000857
0.068673044
-0.34252012
-0.43545556
-0.20388392
0.013807334
-0.41654173
0.35234106
-0.14237636
-0.38722032
-0.44972286
-0.3598681
-0.32310882
-0.22060308
0.32243684
-0.2523477
-0.26672146
-0.14582403
-0.3893811
-0.362708
-0.29204625
-0.07483536
-0.045820843
-0.43298396
0.1986984
-0.108430505
0.47295523
-0.13967451
-0.39590618
-0.18980993
0.029332314
-0.030449314
-0.29944223
-0.3113883
-0.024949614
-0.2539041
-0.4386291
-0.38346964
-0.3911196
-0.26185107
-0.029872488
-0.42702764
-0.33898646
-0.3402168
-0.42301482
-0.42384756
0.0816365
-0.23081389
-0.41248715
-0.16543698
-0.20884998
-0.42051002
0.11332354
-0.2500705
-0.42295665
-0.3868847
0.09104158
-0.3613547
0.035752892
-0.30416447
0.54879653
-0.42679372
-0.11833018
-0.40031612
-0.10380385
0.84762216
0.6069293
-0.3471601
-0.016275415
-0.2249872
-0.23889682
-0.12042878
-0.1606487
-0.27167612
-0.31909555
0.069072396
-0.1299954
-0.17715141
-0.38597333
-0.029207714
-0.2619083
-0.4223065
-0.42515832
0.043595076
0.51606715
-0.23832569
0.22700076
-0.35793704
-0.15228999
-0.3936413
-0.1407277
-0.05075109
0.337429
-0.005569808
0.34289816
-0.3378704
-0.28580654
-0.26461658
-0.37281734
-0.14930825
-0.36131662
-0.18319826
-0.20648855
-0.21587497
-0.3349567
-0.26177236
-0.03862557
-0.2740336
-0.40519083
-0.33042568
-0.35309935
-0.4079553
0.40194553
-0.26089382
-0.1742934
-0.31385547
-0.052615326
-0.13479795
-0.3760394
-0.18139184
-0.18683577
-0.24757089
-0.1644006
-0.057166487
-0.31233746
-0.35029358
-0.23173404
-0.42613947
-0.25308436
-0.09942055
-0.41680422
-0.38447082
-0.12455668
-0.16178584
0.40183318
-0.1386231
-0.17109157
-0.30807027
-0.16142142
-0.23513648
-0.014108181
-0.2588287
0.08749664
-0.18804446
-0.3806249
-0.20456977
-0.4151514
-0.32923678
1.0468286
-0.4099291
-0.17553158
-0.0061863083
-0.22365284
-0.42255932
-0.26412928
-0.13107897
-0.037003696
-0.28302768
-0.28529185
-0.08594105
-0.38848865
0.013300708
-0.43641382
-0.43477377
-0.33714247
-0.39440694
-0.14139672
-0.3905714
0.11747925
-0.29590452
-0.29106277
-0.3258906
-0.40122044
-0.2100907
-0.06611374
-0.34093437
-0.2891952
-0.21857052
-0.36147892
-0.29866105
-0.3071689
-0.12461078
0.09704575
0.010466911
-0.2131026
-0.24417081
-0.23016235
-0.3667554
-0.31742865
-0.14308852
-0.20721027
-0.39181328
-0.19585544
-0.3650707
-0.11812875
-0.16456525
0.42614055
-0.4029243
-0.39767247
-0.30534297
-0.41079402
-0.17112476
-0.43235287
-0.066734314
0.6090183
0.3076053
-0.42782173
-0.4018703
-0.25585657
-0.3938853
-0.35973376
0.02053796
-0.41492566
-0.24749297
-0.39577824
-0.40114525
-0.26510635
-0.39435765
-0.43322855
-0.40979594
-0.28968334
-0.10624541
-0.41251576
0.19280556
-0.20510358
-0.27776083
-0.28873086
-0.3346377
0.013606548
-0.334537
-0.43629336
-0.33314335
-0.16013779
-0.41664648
-0.39347583
-0.21825784
-0.17357409
-0.21745566
-0.4204387
-0.17627987
-0.38294756
-0.42576197
-0.2881632
-0.43997374
-0.25104785
0.15279365
-0.43638724
-0.13758397
-0.40926355
-0.22277743
-0.3636347
-0.13256617
-0.35252553
-0.06120494
-0.29319525
-0.228057
-0.18907332
-0.21433401
-0.3885499
-0.071972385
-0.31509098
-0.17484629
-0.36673632
-0.4353101
-0.07041919
-0.19624949
-0.43069386
-0.42654037
-0.16410413
-0.3166331
0.58296484
0.4410463
-0.26202163
-0.37272277
-0.24750257
-0.36160767
-0.39215538
-0.44034693
-0.33847255
-0.23931012
-0.31842786
-0.34873587
-0.30661696
-0.39371383
-0.34124416
-0.36654925
-0.4295559
-0.39310366
-0.2091364
-0.007868059
-0.3986112
-0.33134893
-0.27647606
-0.4362538
-0.40597773
-0.33878344
0.15099716
-0.28586566
-0.3750614
-0.12435216
-0.2829385
-0.43664932
-0.3082912
-0.42429855
-0.30801874
-0.17089644
-0.39670768
-0.061184347
-0.39471918
-0.21344025
-0.22605658
-0.1712926
-0.43863153
-0.39267278
0.07451876
-0.13699663
-0.3025005
0.013398297
0.06567764
-0.38416684
-0.31750852
-0.18975192
-0.4115168
-0.11658262
-0.3387868
-0.11309482
-0.21220332
0.2851466
-0.338817
-0.27352446
-0.35849392
-0.059545152
-0.3760142
-0.03136814
-0.2550208
-0.32394922
-0.2183347
-0.29164407
-0.3697214
-0.26170444
0.3150667
-0.2399531
-0.36811048
-0.3588738
-0.030276893
0.00304126
0.07998903
-0.26913822
-0.40048665
-0.3704908
-0.4206697
-0.3802592
-0.08233686
-0.43018526
-0.42736182
-0.29355907
-0.072769
-0.4133588
-0.23250853
-0.27542412
-0.38958135
-0.40662813
-0.30487984
-0.21163607
-0.36354184
-0.4079752
-0.39436287
-0.12053045
-0.2757827
-0.33242607
-0.41085368
-0.35444283
-0.41435105
-0.24290954
-0.3561436
-0.39402172
-0.29874337
-0.11767727
-0.34440744
-0.40606555
-0.40479544
-0.26448974
-0.18156527
0.45086992
-0.28931987
-0.42856994
-0.38538045
-0.32014027
-0.4136048
-0.41161275
-0.29551435
-0.3977793
-0.3642325
-0.4319691
-0.35692865
-0.21678102
-0.38260558
0.14617717
0.05684839
-0.42012423
-0.38500312
-0.3776634
-0.2593091
-0.44237745
-0.27843267
-0.30203766
-0.36066908
-0.45004812
-0.41795543
-0.41512823
-0.21669401
-0.41891778
-0.1750118
-0.21450897
-0.38104022
-0.05484858
-0.10886758
-0.0880748
-0.038545728
-0.380143
-0.27486554
-0.22771557
-0.38686508
-0.17116566
-0.33732083
-0.1602705
-0.3611879
-0.28462723
-0.40597385
-0.24068001
-0.32811475
-0.27425674
0.15747592
0.2778952
-0.40059102
-0.3547524
-0.19905794
-0.33039057
-0.06392628
-0.372626
-0.21897607
0.008799896
-0.41739273
0.13235697
-0.24616544
-0.290168
-0.32855165
0.22286583
-0.39022368
-0.18424988
-0.26860797
-0.3694937
-0.35668057
-0.14224856
-0.124999195
-0.24691328
-0.33932942
-0.3910162
-0.36355484
-0.38495713
0.14977868
-0.42454708
-0.34710264
-0.3853762
-0.05775088
-0.032461874
-0.31927323
-0.16042325
0.009680867
-0.20955224
-0.07081702
-0.0070278887
-0.08832137
-0.35756296
-0.43497232
-0.25712407
-0.37075925
-0.39519304
-0.36582372
-0.045972794
-0.3927508
-0.34576732
-0.37562114
-0.3139264
-0.03462746
-0.3911104
-0.2819028
-0.19665639
-0.42248595
-0.30851245
-0.34112272
-0.22947961
-0.3003666
-0.4339164
-0.35368538
-0.35904506
-0.1696715
-0.4248711
-0.42535326
-0.2160808
-0.4278475
-0.22941984
-0.32221037
-0.30279383
-0.3307969
-0.30316034
0.14585584
-0.40010655
-0.42365032
0.058962584
-0.11677277
-0.08204901
-0.13117711
0.23779146
0.37460598
0.22007328
-0.40679765
-0.34111786
-0.23372471
-0.17416489
-0.20596918
-0.37952316
-0.1495836
-0.15802127
-0.33690134
-0.3700014
-0.15118517
0.03773725
0.0033927371
-0.1998672
-0.28485113
-0.26167518
0.009855032
-0.1887852
-0.40365154
-0.35501173
-0.326495
-0.10218626
-0.21579736
-0.42905474
-0.24707474
-0.2086248
-0.31090596
-0.44165412
-0.42952666
-0.34341753
-0.41981584
-0.33693364
0.16984832
-0.29084912
-0.319898
-0.3771596
-0.41336888
-0.035382565
-0.40901712
-0.053008318
-0.15254366
-0.38920534
-0.37634566
-0.25327262
-0.17340218
-0.15680505
-0.0011989567
-0.11851589
-0.2971313
-0.16044492
-0.18852937
-0.108792245
-0.3987405
-0.19469985
-0.37456942
-0.4421424
-0.37219197
-0.31116652
-0.20535657
-0.42180535
-0.26371643
-0.21039964
-0.25302604
-0.2084018
-0.37942377
-0.2747236
-0.2573816
0.25042418
0.11234668
-0.20291328
-0.32128325
0.06265129
-0.23348802
-0.12892301
-0.32176292
-0.20544557
-0.19593765
-0.07448992
-0.21459264
-0.14187801
-0.41258067
-0.32886672
-0.42267227
-0.1768872
-0.06522954
-0.42287126
-0.21300158
-0.4294344
-0.38078856
-0.07478473
-0.27299887
-0.43938944
-0.25484908
-0.08812168
-0.12282345
-0.40135884
-0.35544285
-0.42802796
-0.35159534
-0.22626318
-0.37567633
-0.023300007
-0.39534825
-0.36849716
-0.42810562
-0.39893004
-0.3824967
-0.07805747
0.026452776
-0.10954106
0.108889595
-0.24572687
-0.3030034
-0.0057287663
-0.408991
-0.29368865
-0.30101985
-0.44238243
-0.43104237
-0.29560634
-0.20358074
-0.43290377
0.0585804
-0.13472876
-0.40208238
-0.21219729
0.066743076
-0.101434834
-0.3830378
-0.40173817
-0.36199185
-0.37921202
-0.27801055
-0.35463938
-0.22901581
-0.31422997
-0.4384979
-0.35992777
-0.40532243
-0.33920705
-0.44133735
-0.40611282
-0.44120902
-0.36873257
-0.42351943
-0.28600332
-0.2826645
-0.35206205
-0.19685142
-0.43381837
-0.15835762
-0.16928089
-0.34341368
-0.25276992
-0.25612095
-0.41389573
-0.42831787
-0.3078472
-0.29875943
