43330.332
30495.188
12718.394
7631.8896
5853.0947
4874.051
4188.5664
3653.7175
3207.3318
2815.6353
2497.8726
2232.297
2004.6467
1814.2363
1650.0007
1512.1266
1387.803
1277.2067
1173.3892
1076.7559
986.73865
903.5571
831.615
763.1609
701.0614
646.2274
596.55914
551.73145
512.99365
475.57422
443.75287
413.95496
386.67035
363.2881
340.59613
320.20157
302.0312
284.1824
268.45593
253.923
239.71364
226.95903
214.29767
202.92888
192.1825
182.19702
172.53192
163.56596
155.17892
147.38383
140.0172
133.04051
126.235374
119.918625
113.92511
108.51882
103.28262
98.024704
93.510605
88.74044
84.27493
80.23779
76.194016
72.143654
68.6393
64.92045
61.472702
58.17742
54.964657
51.999702
49.013275
46.22309
43.47576
40.792534
38.439266
35.980667
33.736443
31.60025
29.394224
27.407194
25.530426
23.763033
21.997597
20.41058
18.83766
17.364597
16.030325
14.729727
13.466694
12.276775
11.211664
10.20426
9.290688
8.335876
7.5752482
6.8045015
6.0851493
5.4147644
4.841007
4.279007
3.8052137
3.2983112
2.9379334
2.5428085
2.2003021
1.9233344
1.6322043
1.4270651
1.2357038
1.0523995
0.86106145
0.73741955
0.62879837
0.5164738
0.42343584
0.36106008
0.28413272
0.2338579
0.18697605
0.16544591
0.13771582
0.10993424
0.09577937
0.08041829
0.08356008
0.08457949
0.06897321
0.07993972
0.0660053
0.07494188
0.05809239
0.06800288
0.06985027
0.06954614
0.07743822
0.08950641
0.07426635
0.08302717
0.08560395
0.0841404
0.07943678
0.07706876
0.08145688
0.08091214
0.08601976
0.1025937
0.08303133
0.08248332
0.07106601
0.08219893
0.0781327
0.081161484
0.088367715
0.07398914
0.07529648
0.07314083
0.07412694
0.06770505
0.07189298
0.06892132
0.08095658
0.06799386
0.0646551
0.06265065
0.06755623
0.06219811
0.064317785
0.062389825
0.04996818
0.057744924
0.06874756
0.059855215
0.047470324
0.05127855
0.06685326
0.05537107
0.07351668
0.05734157
0.06888094
0.05978829
0.053790092
0.07764643
0.056590796
0.056344055
0.061157096
0.0666087
0.05522675
0.06616634
0.057057917
0.07434301
0.057706572
0.06458483
0.065100245
0.05364036
0.056728717
0.056314375
0.055095885
0.06592131
0.06412931
0.06179279
0.062063288
0.05512573
0.06288605
0.055998668
0.04175081
0.05702245
0.0719349
0.048934486
0.07076417
0.06728725
0.05660095
0.06351791
0.063587524
0.07082023
0.071913786
0.07219448
0.055610318
0.05256681
0.062030654
0.061484225
0.059035737
0.06298373
0.055628523
0.06293345
0.06270568
0.06342546
0.0583539
0.07627124
0.0604884
0.065709226
0.060245544
0.056102294
0.053986568
0.056027006
0.061979823
0.06703335
0.07840566
0.06545526
0.05517313
0.06908543
0.06889266
0.05353991
0.059910882
0.054835975
0.057280626
0.070676535
0.061875373
0.059393574
0.05393365
0.06678865
0.05538492
0.0592953
0.08498627
0.057948023
0.059981022
0.06960367
0.06553019
0.060214758
0.05819823
0.05932087
0.04727441
0.07549993
0.059764735
0.06757921
0.069898635
0.058986194
0.07673264
0.05272747
0.06300165
0.061687727
0.059318915
0.06427641
0.053981647
0.064323075
0.055536695
0.058789294
0.056179002
0.07563921
0.06350046
0.06288864
0.058953583
0.054874625
0.049537186
0.06901381
0.060650993
0.06205453
0.0675922
0.05411563
0.059052683
0.053520564
0.063522086
0.07137566
0.06769346
0.05176724
0.048052322
0.072335854
0.052141584
0.05575402
0.05252203
0.07086601
0.05393589
0.057746857
0.053738788
0.070614316
0.056401096
0.073010236
0.05502835
0.057627063
0.06049467
0.054260954
0.051983353
0.06452752
0.06025041
0.06044126
0.06362009
0.057306092
0.06227835
0.05853013
0.054178555
0.06203461
0.060642313
0.042911403
0.06603329
0.05682522
0.060286313
0.07036551
0.063326955
0.06689748
0.060858533
0.06915035
0.061090462
0.06438088
0.07578012
0.06376136
0.058264215
0.062580265
0.056221906
0.06612374
0.047860052
0.06703864
0.051330782
0.045649163
0.06188217
0.060525276
0.059150033
0.06121473
0.060923904
0.059205398
0.063298814
0.06389613
0.05496009
0.058459178
0.05995426
0.058145665
0.06413062
0.048624825
0.059547998
0.060379833
0.06373609
0.055429533
0.05389484
0.06125709
0.062329113
0.05673101
0.05064924
0.05958657
0.05887724
0.055590045
0.059687354
0.07733
0.058591805
0.065055944
0.05110577
0.06566426
0.07086904
0.059175216
0.0601244
0.05060799
0.06558207
0.05037001
0.062772825
0.06440133
0.05313405
0.049777187
0.058760297
0.0659816
0.06050477
0.05160683
0.06348614
0.04107913
0.065433204
0.062027693
0.0566251
0.05968059
0.060837545
0.06473006
0.072773054
0.062194616
0.057022117
0.048274856
0.05303501
0.07210537
0.06300645
0.055165716
0.044406306
0.03867337
0.052282352
0.060539283
0.048884083
0.05451768
0.05610894
0.06447819
0.045993954
0.062142998
0.0506461
0.042168748
0.057599857
0.05579613
0.043816026
0.04998679
0.059662078
0.050388876
0.05627046
0.051942993
0.045354906
0.054784972
0.04550862
0.057353634
0.062176414
0.054268982
0.04663675
0.06695722
0.05106319
0.055312213
0.059986025
0.05816034
0.05976789
0.05650184
0.060250968
0.05495398
0.055737857
0.061193675
0.070513025
0.06768569
0.059644513
0.06700792
0.059589677
0.065511845
0.057087485
0.06413848
0.07251583
0.06067312
0.07022305
0.058741488
0.054531667
0.045163706
0.051143564
0.063248046
0.05669583
0.0446095
0.060625073
0.06634388
0.057373967
0.061209965
0.053862825
0.06505393
0.06149669
0.04673679
0.045384947
0.046926506
0.06245817
0.058328692
0.050405458
0.062158942
0.059140086
0.062164668
0.05295629
0.06877007
0.054550547
0.067254074
0.070085876
0.0624628
0.057380535
0.06473498
0.06424681
0.04223991
0.06272726
0.07398639
0.04793078
0.05861168
0.04654676
0.06177679
0.056190938
0.05278163
0.0584824
0.04966995
0.05807035
0.05281387
0.062757716
0.052388474
0.0505891
0.051579498
0.061484635
0.053777676
0.061121248
0.06505805
0.051896937
0.06534924
0.051010534
0.06081299
0.05362261
0.06895237
0.052109156
0.048044365
0.06574745
0.057816237
0.060206372
0.061949287
0.058836587
0.054542977
0.05491008
0.07197003
0.059464518
0.06557264
0.046653304
0.05297883
0.05600212
0.056680102
0.061199564
0.06319535
0.046308942
0.06645924
0.05729922
0.05348875
0.063620836
0.051465597
0.057510644
0.056974825
0.049509842
0.047412243
0.072230816
0.06105726
0.052980985
0.05794601
0.071385875
0.055924024
0.056808744
0.052210033
0.05173832
0.048918556
0.056011926
0.06703824
0.060386274
0.058994688
0.051987197
0.05997119
0.05867977
0.046719495
0.064827405
0.053280782
0.06571973
0.06008933
0.06527506
0.056771804
0.0649954
0.058369916
0.063612096
0.05805902
0.06508004
0.055436913
0.04384821
0.04869093
0.06525667
0.051331874
0.06525587
0.055890825
0.05426725
0.057510015
0.055180017
0.06437247
0.059835333
0.04671539
0.06383137
0.0529749
0.05567294
0.053016357
0.05596477
0.056532796
0.050026886
0.06107541
0.06110192
0.05335724
0.05890496
0.052998867
0.07104399
0.054052096
0.06076561
0.051114406
0.056332048
0.052062772
0.056599904
0.062365424
0.061078724
0.050407927
0.06113753
0.061993703
0.061005812
0.04846085
0.05888096
0.07249866
0.05155333
0.048650943
0.061171014
0.061610192
0.051723126
0.05388056
0.056054216
0.06409384
0.059932902
0.053118862
0.0533425
0.06835074
0.06259085
0.047049053
0.062148765
0.04872233
0.051165298
0.047686614
0.06376711
0.051405758
0.07131324
0.06252785
0.06841574
0.060810722
0.056650434
0.052316085
0.047644667
0.058889095
0.055024426
0.051980764
0.056227982
0.046366293
0.059974592
0.060841702
0.04928511
0.06144466
0.06586122
0.065086186
0.06377092
0.04933142
0.051362503
0.050903045
0.061851475
0.049345195
0.047925983
0.052643802
0.049312286
0.05159624
0.050534867
0.043712012
0.055947147
0.044447124
0.057607587
0.051778678
0.07037858
0.056523904
0.05956945
0.05960629
0.042713936
0.050208457
0.055213403
0.06525065
0.05510413
0.04669724
0.057961106
0.061203163
0.07415248
0.06549091
0.048016675
0.05862097
0.049379617
0.04536419
0.07171486
0.05868627
0.04535221
0.059565566
0.057661552
0.05576608
0.061100066
0.049701102
0.06148505
0.053166214
0.050559077
0.059588715
0.056370445
0.054475248
0.052223258
0.05113225
0.047982335
0.040743887
0.046317726
0.04966981
0.04307782
0.06270006
0.04368709
0.05147141
0.04957524
0.06020415
0.05912491
0.05843368
0.044904806
0.049723517
0.05868197
0.07702666
0.051563263
0.054993317
0.047581334
0.05599839
0.046386447
0.05454493
0.059225492
0.05720927
0.05776666
0.047813665
0.058284562
0.056186583
0.05183054
0.06107366
0.044454254
0.05426788
0.05051242
0.05337835
0.06156594
0.05866739
0.06403671
0.05361402
0.054337144
0.055259462
0.05487545
0.06131007
0.058001373
0.06199873
0.049026247
0.06277039
0.052411713
0.054492634
0.048621062
0.060835846
0.05983676
0.0656172
0.061548542
0.045660753
0.054389443
0.053670198
0.05186121
0.04591885
0.058022715
0.0535333
0.05791282
0.048015248
0.05873455
0.049345158
0.05505023
0.054078624
0.04901388
0.042274825
0.059300225
0.052010342
0.05662137
0.052175265
0.04959617
0.05580771
0.044550683
0.051986355
0.05924505
0.05031194
0.05978702
0.057538833
0.048093878
0.05287214
0.049052726
0.054406084
0.056438867
0.06608287
0.039937533
0.056268092
0.061269958
0.055910777
0.051971048
0.06462995
0.06016104
0.070553906
0.06000306
0.055450045
0.04803046
0.052220073
0.06942772
0.04738735
0.051178046
0.058070682
0.05413229
0.04451561
0.04823148
0.06413814
0.04235335
0.06028384
0.05930196
0.05850229
0.055479072
0.049110632
0.05535406
0.044020515
0.049975235
0.05271079
0.05477763
0.04831512
0.044077903
0.054921016
0.054356273
0.05095887
0.054605387
0.061228834
0.050607964
0.04721294
0.051633686
0.05820007
0.060182236
0.052090388
0.054893274
0.045740806
0.057605773
0.05269419
0.05627191
0.055905458
0.05745859
0.056968633
0.05181809
0.06238988
0.052844983
0.050674845
0.05157033
0.056784045
0.053509943
0.058109343
0.050908923
0.05647152
0.054771554
0.056781173
0.048144013
0.049242567
0.05811373
0.048849985
0.054145288
0.054922827
0.060390208
0.050110172
0.062376022
0.060823925
0.048911624
0.05681823
0.055258404
0.058347356
0.048733406
0.04739531
0.046849348
0.055481993
0.061091475
0.049396355
0.054514162
0.05954033
0.059577942
0.059497967
0.05443004
0.0571994
0.05497662
0.053381268
0.053572748
0.053935733
0.05238793
0.06102163
0.059893534
0.0581657
0.05514338
0.05546203
0.05102252
0.05950564
0.057059597
0.056228936
0.04826974
0.0606606
0.044227187
0.048265688
0.04942614
0.0394427
0.056504823
0.045776248
0.05393476
0.04842171
0.060201373
0.055808187
0.054447666
0.04558026
0.06067542
0.060842898
0.060130846
0.058719553
0.04769022
0.061053433
0.061770655
0.0553172
0.053671964
0.051458403
0.05549457
0.058689956
0.047602605
0.062188283
0.053245477
0.05174988
0.057764262
0.05379088
0.049512252
0.059029624
0.05046061
0.05225588
0.042935748
0.03266137
0.059667423
0.056477997
0.046121243
0.054319136
0.053516928
0.046090897
0.06406668
0.053927414
0.061994873
0.051720586
0.050616633
0.051469587
0.04878222
0.044699714
0.04757632
0.057758965
0.06594425
0.06234845
0.06669727
0.044614192
0.037519697
0.054236796
0.050950635
0.04047305
0.048853412
0.05124905
0.054580655
0.045622922
0.06118779
0.055560548
0.047983468
0.055631522
0.050717965
0.053300392
0.055582415
0.05680927
0.06016075
0.046870906
0.05823111
0.050119895
0.046879265
0.046400923
0.05585602
0.043056715
0.056273
0.0426438
0.047462538
0.04857991
0.047805853
0.05396731
0.040455714
0.04834503
0.05045855
0.06659698
0.048906863
0.053055644
0.05007679
0.041642673
0.04785928
0.04820871
0.044067804
0.051405672
0.05429143
0.054455817
0.05487543
0.067905724
0.04834407
0.047169935
0.05168444
0.056717347
0.058768697
0.043869127
0.059889615
0.06412628
0.045013666
0.06265058
0.06272686
0.0588143
0.048252564
0.05445293
0.047145464
0.061519764
0.051987052
0.05802624
0.051775686
0.0530771
0.056045372
0.04310397
0.050335936
0.055203676
0.053658713
0.055549625
0.059513617
0.051131964
0.050535545
0.05467774
0.05479089
0.05293979
0.0386158
0.054906715
0.057566464
0.044390596
0.03707699
0.05481669
0.034318835
0.054080926
0.05500263
0.049061034
0.04566022
0.054247152
0.060175642
0.05194517
0.058769297
0.058936972
0.057394523
0.057372183
0.051103283
0.0549666
0.04790121
0.05797111
0.057753485
0.05809815
0.06898502
0.06023388
0.049180668
0.048403535
0.05664455
0.058483988
0.049286604
0.04306573
0.04587411
0.04832136
0.045999188
0.055545572
0.04748061
0.056539666
0.055429146
0.05150197
0.05566994
0.056872122
0.051409144
0.051721588
0.050367277
0.061590504
0.048959468
0.050801303
0.04349395
0.05601924
0.049663
0.047546558
0.056499165
0.05281452
0.046881627
0.04979594
0.05118106
0.058931127
0.05825546
0.05185658
0.048772827
0.053183205
0.0539773
0.05471506
0.039770108
0.04026184
0.044649888
0.05208729
0.044815157
0.05646544
0.047970355
0.036806297
0.06074114
0.057320073
0.0450985
0.050584145
0.056761194
0.056940593
0.04183614
0.05697559
0.046853863
0.056341797
0.054237965
0.05442212
0.052946422
0.053809453
0.056570668
0.043340843
0.05141504
0.05560516
0.048002146
0.050379403
0.047338787
0.050076094
0.05407298
0.059251487
0.055499442
0.044515386
0.04668563
0.0556994
0.053633414
0.0423116
0.048935536
0.049337324
0.057805605
0.051514253
0.053030636
0.056231946
0.057835292
0.047734976
0.052437212
0.06541397
0.06227708
0.0477002
0.061084144
0.055880446
0.050598122
0.05460208
0.054572564
0.048462115
0.049947415
0.053495787
0.05363022
0.06060566
0.054724757
0.049647145
0.04351014
0.042719666
0.05512795
0.051569585
0.045874216
0.05829805
0.058103096
0.04219072
0.051153693
0.042731546
0.054322705
0.052626897
0.03982098
0.050537866
0.038966138
0.062275205
0.04702077
0.043911323
0.05886864
0.04465145
0.05362483
0.05895897
0.047113888
0.055249427
0.04925684
0.04955304
0.05811947
0.047883473
0.05017378
0.03894269
0.05114461
0.05430952
0.048426308
0.059160702
0.058180533
0.05882798
0.05352929
0.048638105
0.06033887
0.046954367
0.04617104
0.043276343
0.056687985
0.049623556
0.04637177
0.053529263
0.050445404
0.06279826
0.05760348
0.04151633
0.052571774
0.049967017
0.055131245
0.05224462
0.04064744
0.04714775
0.04528544
0.05106006
0.05185433
0.05624195
0.06405104
0.04865523
0.05096776
0.047994647
0.044996258
0.04761191
0.054262545
0.053770836
0.043181483
0.050127458
0.051597647
0.050720032
0.04952405
0.050160542
0.04547792
0.053096734
0.042972196
0.040083885
0.043547343
0.055591594
0.056751017
0.045632835
0.054328382
0.053656254
0.049281765
0.053333916
0.057993684
0.044933427
0.055396426
0.04477564
0.045731608
0.056760944
0.041358184
0.0467481
0.047707826
0.04690199
0.050081536
0.046528175
0.04693264
0.04554571
0.0541016
0.05507336
0.056543976
0.05644716
0.047036547
0.049689144
0.04939876
0.04670905
0.05507425
0.048566256
0.06663937
0.05108408
0.045002684
0.047569383
0.047571868
0.06091531
0.052206695
0.054707583
0.05153134
0.042399693
0.048452135
0.04332083
0.048604447
0.053664077
0.05303224
0.065171756
0.05136094
0.050095573
0.057786234
0.04505364
0.044011462
0.04803147
0.043209046
0.044560943
0.051968828
0.043218248
0.055643108
0.0615506
0.03825266
0.051909618
0.0510345
0.04134672
0.052731402
0.046867296
0.051664498
0.051835924
0.052625984
0.046945546
0.04955123
0.047585536
0.057542093
0.054550555
0.056316033
0.04325355
0.0595622
0.056609917
0.062691025
0.040604193
0.04562625
0.04490716
0.053563725
0.054216012
0.044537958
0.04125648
0.04771078
0.04559751
0.050516337
0.04122878
0.059182514
0.061282508
0.054511603
0.05093106
0.0398664
0.05818615
0.048177674
0.055743102
0.04629097
0.04738469
0.04774848
0.058204073
0.040920213
0.04841525
0.061725885
0.046693273
0.051276345
0.04958971
0.059746206
0.038704023
0.048175078
0.04891348
0.04697122
0.043579172
0.03460624
0.0456743
0.0481099
0.04637195
0.0493554
0.051079106
0.045870464
0.056203134
0.048941042
0.046224523
0.059742965
0.045007452
0.031893108
0.057094056
0.054286897
0.050939556
0.045716718
0.040392984
0.048940234
0.040579196
0.05396201
0.051404312
0.04178756
0.06551248
0.04532972
0.05168691
0.039279155
0.052431375
0.054972496
0.0392802
0.053108934
0.04638865
0.045890275
0.037555445
0.04611973
0.04810475
0.050588753
0.053058684
0.05474473
0.050176006
0.058717094
0.054430053
0.058781043
0.052893404
0.048293114
0.056628115
0.050182033
0.050063588
0.05032299
0.061335213
0.050045844
0.048654065
0.035998568
0.050272603
0.04604436
0.046641897
0.046069063
0.052548364
0.047255423
0.043615934
0.051936254
0.0420649
0.056030165
0.04630933
0.041731194
0.046532694
0.04411656
0.04673211
0.049329046
0.05451017
0.041096397
0.038873225
0.041887812
0.049009502
0.050745204
0.052100245
0.049992904
0.05627383
0.055060588
0.058490988
0.03914882
0.041049637
0.057097442
0.056499653
0.05471737
0.054086126
0.04447848
0.04918481
0.043818116
0.06045495
0.05515239
0.055170562
0.04474075
0.056572758
0.05381362
0.043943003
0.04382685
0.055022545
0.042361293
0.05113898
0.06209537
0.05224086
0.05842874
0.044852994
0.045572527
0.054168385
0.046001256
0.05123989
0.049499217
0.04775693
0.03657906
0.053510584
0.03519356
0.048985753
0.045702115
0.04916458
0.04402167
0.046205305
0.051914442
0.04975168
0.03997926
0.05240876
0.05148427
0.060596783
0.039068684
0.045092754
0.051836845
0.049224485
0.0524635
0.053404227
0.05613473
0.042945202
0.058873646
0.052934956
0.046170764
0.043311667
0.05249133
0.049649645
0.047967225
0.056639224
0.0474836
0.046293482
0.06083239
0.045146156
0.047652975
0.0451939
0.038373202
0.056375217
0.05422097
0.06640563
0.04515245
0.053410903
0.03626455
0.04805746
0.050001543
0.047948588
0.053024944
0.04300392
0.04420184
0.050229754
0.053659074
0.035213884
0.058803495
0.058589824
0.056140278
0.0616016
0.049066763
0.039719198
0.043010138
0.048264492
0.04848053
0.045041937
0.050530687
0.05253166
0.059118744
0.05307981
0.044970892
0.054015547
0.04178189
0.04438484
0.04244335
0.04143274
0.041866995
0.03988915
0.046421114
0.052348416
0.041492973
0.04803991
0.04823822
0.053311467
0.046271615
0.052408144
0.05037448
0.04985542
0.049854733
0.04575768
0.031221056
0.041768868
0.048107564
0.05429209
0.048339307
0.051803328
0.045957483
0.043256104
0.05962888
0.049846273
0.048022546
0.052791916
0.05243589
0.055057775
0.06337184
0.04921857
0.05506589
0.052916642
0.043419063
0.042628363
0.038283575
0.055080324
0.042999078
0.04355309
0.062008824
0.050477915
0.035642914
0.04011754
0.04378345
0.040559232
0.030053092
0.04474653
0.05063499
0.043354355
0.044919655
0.0385945
0.04902399
0.055327486
0.043115195
0.039732672
0.04700708
0.042306278
0.0485142
0.055094235
0.037064508
0.04529626
0.046583295
0.05601598
0.050984707
0.053531572
0.04886241
0.042819545
0.056376785
0.046600427
0.05961186
0.04979989
0.043593056
0.055116415
0.05117415
0.039885752
0.041599136
0.046770066
0.04874033
0.05703391
0.04976692
0.048180915
0.050897703
0.04702662
0.049686383
0.06333362
0.047711954
0.041837834
0.037342444
0.049727093
0.043054767
0.054515786
0.047230657
0.058655243
0.040089797
0.042833414
0.038389843
0.052134782
0.051362567
0.046574168
0.044785164
0.05378827
0.045113865
0.04576425
0.053373788
0.039457854
0.049541928
0.045983464
0.037759036
0.046257842
0.041608978
0.049669582
0.055697102
0.045912687
0.047033448
0.060623582
0.037646927
0.056476522
0.045976155
0.043633047
0.04430123
0.039983705
0.04591917
0.037508618
0.03505939
0.053637266
0.047030184
0.044794846
0.04203027
0.047681797
0.04189638
0.041933626
0.04115073
0.04823281
0.039901283
0.052386824
0.052272823
0.048482783
0.039690133
0.06059289
0.053631514
0.049016703
0.04281708
0.04526147
0.04644393
0.052364197
0.041765783
0.055120543
0.049386382
0.04276121
0.05269617
0.048652243
0.051726017
0.050285302
0.040632326
0.046482496
0.046711102
0.04418101
0.042789634
0.03977351
0.053646635
0.038837265
0.038268536
0.047206175
0.04513646
0.03970436
0.050634485
0.041584052
0.046314277
0.034348868
0.04685652
0.042880613
0.045163028
0.049046088
0.03993185
0.045180697
0.04812777
0.05400388
0.033568792
0.038462922
0.05610396
0.038908
0.049646225
0.05145014
0.046666697
0.055927943
0.0452285
0.048667103
0.040468648
0.059321906
0.047569275
0.04539414
0.0494439
0.045436103
0.046334833
0.03257696
0.045269005
0.044965137
0.04367297
0.041275322
0.035197545
0.034220565
0.042782627
0.04710539
0.03944026
0.03838259
0.042638585
0.035141174
0.03911506
0.033223502
0.04106078
0.044348232
0.046878807
0.037503216
0.043406136
0.03755596
0.031984583
0.03130771
0.042520043
0.03832503
0.04479696
0.039244685
0.047206458
0.04910433
0.04589825
0.046741378
0.044124994
0.043564014
0.042912796
0.037463974
0.04129621
0.043627378
0.041733522
0.043460175
0.04526774
0.03725462
0.05023457
0.041191794
0.045227606
0.045008857
0.04105584
0.037220787
0.03826628
0.045824334
0.04481032
0.041818693
0.04640715
0.034506753
0.037338477
0.044264544
0.051323876
0.03809153
0.038913894
0.037355676
0.036702126
0.035871275
0.034199372
0.037125506
0.040462565
0.05028253
0.04294714
0.031139148
0.042784642
0.041784175
0.03554406
0.041739512
0.048589114
0.051012915
0.03465351
0.040357646
0.043351334
0.036360007
0.04279097
0.04019342
0.04911984
0.03077866
0.03595174
0.035644036
0.044202823
0.040766638
0.054471742
0.03970283
0.057517007
0.019852867
0.035616
0.022940222
0.046670865
0.036300573
0.043719262
0.047598578
0.04255138
0.037698083
0.027297791
0.04868814
0.049062453
0.04200528
0.04082166
0.03592823
0.033939112
0.03629585
0.050568
0.040570527
0.03581244
0.056441244
0.040225305
0.036952432
0.028603364
0.026678326
0.05194541
0.04409208
0.02543177
0.044280555
0.025300335
0.038523525
0.037694328
0.03419637
0.031987462
0.05648786
0.03223891
0.02945278
0.040547423
0.037169166
0.041141354
0.04720231
0.03455163
0.034918673
0.040590055
0.06250067
0.022935757
0.030971617
0.02754622
0.02165692
0.03712309
0.032420546
0.02697076
0.03455913
0.032571897
0.035180483
0.035523456
0.038967803
0.03404067
0.039747346
0.027570944
0.031491034
0.042523872
0.033313002
0.03586537
0.04344091
0.029983914
0.05230425
0.024347894
0.018081326
0.024690948
0.025743987
0.05394113
0.031711638
0.029172834
0.045127112
0.04040087
0.042697188
0.02195619
0.029508369
0.019466374
0.03649499
0.036628418
0.038222007
0.024254173
0.033817723
0.025173659
0.025560858
0.022540545
0.043051794
0.040435493
0.021793969
0.02831708
0.052882582
0.03252577
0.02274499
0.011798453
0.038791984
0.0325039
0.01075886
0.01904633
0.04240897
0.041517355
0.0242977
0.040989064
0.026187208
0.03119612
0.017452141
0.0212951
0.027173392
0.023704061
0.008852117
0.029587844
0.031886715
0.015448861
0.028037881
0.030401532
0.02641092
0.037512593
0.02539021
0.040728837
0.02761354
0.0067663398
0.031262536
0.03769682
0.023629112
0.034567237
0.000295547
0.021769738
0.040565837
0.027376851
0.021998068
0.029231811
0.012435562
0.012850894
0.024762334
0.06948263
0.008957834
0.033890415
0.023395631
0.03346991
0.01717765
0.013063561
0.028454127
0.040576015
0.0108915325
0.0044066943
0.052171595
0.0082055535
0.04614117
0.056299783
2.8716022e-06
0.023584537
0.017486105
0.023121908
0.019879993
0.008550044
0.011538932
0.0097494805
0.032224827
0.05127829
0.021301312
0.016899869
0.0064409226
0.023434551
0.0012047851
0.019006148
0.020226598
0.03860595
0.027837297
0.030858452
-0.0015498142
0.03620304
0.012845841
0.021751171
0.060880296
0.023920678
0.0017274094
-0.0063399184
0.018132068
0.013585677
-0.026337303
0.022735469
0.027770616
0.013627145
0.031276707
0.044031862
0.0037075507
0.029347274
0.02193156
0.00090984255
0.037108887
-0.010267589
0.0020294134
0.01652478
0.047222834
-0.0076976246
0.012995282
-0.018827401
0.012598621
-0.024951022
0.018210562
0.005886807
-0.016680887
0.008599108
0.049638502
-0.0024990109
-0.0063868025
0.003878648
0.024565872
0.03854879
-0.020361079
-0.016705358
0.016856236
0.013974257
-0.0028797823
-0.012528432
0.005406938
-0.032776855
0.03208119
0.026816748
0.03483509
-0.0014587911
-0.045178853
0.01622808
0.04597979
0.0017258972
0.008061659
-0.04064588
0.103043735
0.0074290466
0.025118863
-0.03103939
-0.035089515
-0.040732086
-0.016059158
-0.00890957
0.030492637
0.020059617
-0.009615844
-0.018942038
0.018580586
0.05694674
0.044312313
-0.056622382
-0.008737676
-0.034796596
0.040683534
-0.043750044
0.023987358
0.006284568
0.041221585
0.017407779
-0.016359996
0.0011303145
-0.035494797
0.021296736
-0.039748766
-0.02098632
-0.03702711
-0.0074026105
0.13233437
0.012344123
-0.014199942
0.00714276
0.016240617
0.016465137
-0.004132824
-0.019202823
-0.007068808
0.013598921
-6.9752336e-05
-0.04431183
-0.069117144
-0.010994162
-0.07828553
-0.03813156
-0.01900092
-0.019088292
-0.011299558
-0.025496254
-0.00072055915
-0.05790974
-0.056783125
0.036884006
-0.009464852
-0.00087920576
-0.047357444
-0.08770264
-0.044048846
0.009340854
0.08185832
0.01811379
-0.051231835
-0.017705528
-0.06411964
-0.05708277
0.062145237
0.044087246
0.04855802
-0.007344397
0.014084806
-0.04709108
-0.003957942
0.02863004
0.031092532
-0.10848779
-0.02184784
-0.026243486
-0.015203751
-0.015652752
0.073170155
-0.043994706
-0.034442373
0.26850098
-0.1289308
-0.0771069
-0.08239059
-0.02798364
0.032483373
0.023899224
-0.012157777
0.13452397
-0.045814913
0.007351212
0.0959518
-0.03547071
-0.07177313
-0.025702976
-0.05780742
0.28720382
-0.053223047
-0.012831096
-0.039507944
-0.09091358
-0.040916152
-0.040546983
-0.063339345
0.047683842
-0.0031176973
-0.028024837
-0.13032803
0.069521666
-0.06949976
-0.018018283
0.002221805
-0.10406722
-0.10816824
-0.10426971
-0.086864874
-0.038126208
-0.10517925
0.097270206
-0.10993331
0.025551628
-0.023701133
-0.054613926
-0.06959616
-0.05802104
-0.11511295
-0.15551901
-0.12007977
-0.115952425
0.2501365
-0.07544221
-0.1070224
-0.07124844
-0.11882936
0.17121685
-0.0063921465
-0.019663788
0.020359816
0.08825894
0.54474556
-0.05303317
0.03956748
0.096613616
0.06945294
-0.14851372
-0.12821715
0.023523472
-0.06616158
-0.12407625
0.024397139
-0.077589504
-0.016494798
-0.025213394
-0.13272345
-0.12939347
-0.034350436
-0.14622626
-0.057398595
-0.116897956
-0.12423937
0.0071712956
-0.0838182
-0.04529871
-0.10048604
-0.08013349
-0.11789891
-0.16588885
-0.12349706
-0.10199569
-0.14159344
-0.1799976
-0.1285843
-0.05474449
-0.08140967
0.12016533
0.07230029
-0.11914483
0.019905597
0.06915263
-0.16963056
-0.1875886
-0.10446236
-0.16332401
-0.14179833
-0.1315214
-0.16788538
-0.0786066
-0.10828256
-0.21014476
0.0553062
-0.15506226
-0.12063959
-0.046882384
-0.048575893
-0.1855516
0.07665247
0.559353
-0.1317443
-0.09151754
-0.18003221
-0.043455318
0.09631955
-0.07653162
-0.13694869
-0.058840085
-0.12661147
-0.08415221
0.36191407
-0.14387172
0.35616833
0.37914914
0.5948378
-0.15695006
0.22122231
0.098083675
0.43541288
-0.013381295
-0.026588159
-0.09226075
0.023619523
0.0830091
0.046961397
-0.08881249
-0.09959798
-0.1066043
-0.049129546
-0.037974633
-0.043381438
0.022790484
0.10336536
-0.0823042
-0.15492965
-0.05716832
-0.12363236
-0.043045472
-0.061103564
-0.10065567
-0.10174966
-0.17842738
-0.13914119
-0.16822186
0.02483897
-0.030486032
0.05289881
-0.10318139
0.0840958
0.19025627
0.01280608
0.006644342
-0.12707397
0.45409393
-0.008855969
0.04774309
-0.15608548
-0.122140065
-0.08997276
0.36497098
-0.021094121
-0.11205157
-0.19788678
0.122142576
-0.03941995
-0.02608627
-0.12328662
-0.13871627
-0.11624359
-0.008456127
-0.10105796
-0.10117699
-0.03588414
-0.10772016
-0.10790197
-0.1962779
-0.13329025
-0.10050149
-0.17482753
0.056744657
-0.20891264
-0.16116689
-0.10511431
-0.06145481
-0.17747834
-0.03467097
-0.17274699
-0.025670126
-0.11699731
-0.19267417
0.05354014
-0.19807334
-0.18786553
-0.058151364
-0.038613588
-0.21494573
0.074252695
-0.06222268
0.71066976
-0.12851764
-0.12844478
-0.07570903
0.01611152
-0.10681929
-0.06825131
-0.087368116
-0.20397012
-0.05991502
-0.11381748
-0.16545969
-0.17150795
-0.25926346
-0.20073293
0.018345006
-0.19620283
-0.2470632
-0.1880028
-0.1435223
-0.20467252
-0.18070537
-0.0067955256
-0.2308067
-0.30684742
0.009460956
-0.24726222
-0.15921637
-0.09188889
-0.12613769
-0.06534609
-0.14130406
-0.13000911
0.04800694
-0.11760839
-0.21491136
-0.11071488
-0.088426106
-0.0974458
-0.25489587
0.03702523
-0.14849012
0.7314813
-0.15105806
-0.1771009
-0.151075
-0.13081242
0.6125645
-0.24744521
-0.17950186
-0.12348282
-0.21235073
0.023897573
-0.07839781
-0.060584113
-0.16102207
-0.2570578
-0.018838719
-0.13731381
-0.174212
0.0147899315
-0.008489773
-0.18308209
-0.12658632
0.07168829
-0.123752266
-0.067735076
0.37279668
-0.12763162
-0.14348969
-0.11449505
-0.13518813
-0.021412628
-0.09828283
-0.12451568
-0.17636703
-0.043420784
-0.18409015
0.104684256
-0.29226512
-0.01781018
-0.18883312
-0.14938533
-0.2109403
-0.036939718
-0.22141562
-0.20150521
-0.10652826
-0.21792322
-0.15857075
-0.20826058
-0.03943495
-0.14459771
-0.116840445
-0.14050302
-0.21500856
-0.16906118
-0.1845824
-0.055674337
-0.05553454
-0.15851764
-0.20667212
0.024031043
-0.2909115
0.108369336
-0.24567024
-0.09345158
-0.0917909
0.30092913
-0.19785479
-0.28989547
-0.010786459
-0.05176106
-0.17033026
-0.17375274
0.14861614
0.051360153
-0.15369679
-0.21146873
-0.028239682
-0.008029759
-0.14545484
-0.12767613
-0.04653221
0.117740646
-0.09820964
-0.18991359
-0.15791526
-0.045235664
-0.23422262
-0.24979994
-0.09416151
-0.1471359
-0.165683
-0.31092712
0.13766792
-0.15488316
-0.24022055
-0.17609967
-0.2649483
-0.1715
-0.17588148
-0.24050784
-0.12496908
-0.2961881
-0.07096377
-0.12698692
0.20823497
-0.1150647
-0.057095326
-0.12913863
0.070840985
0.27449402
-0.17766482
-0.13074681
-0.24937712
0.6637578
-0.34113616
-0.09859091
-0.24842937
-0.28124398
-0.12389451
0.34755832
0.047898486
-0.0653989
-0.14148523
-0.2063363
-0.06102841
-0.061924055
-0.27920827
-0.082394436
0.43560952
-0.23710632
-0.25580552
-0.272219
-0.1414384
-0.2565009
-0.074241124
-0.18997736
0.00974527
-0.03930559
-0.25265586
-0.14807786
-0.2602931
0.21182081
-0.002151478
0.26905584
0.22328146
-0.2345612
-0.29590786
-0.18991782
-0.13036731
0.10518408
-0.23702773
-0.25741467
-0.11648675
-0.0712548
-0.15613477
-0.27290985
-0.13066064
-0.25735188
-0.26020205
-0.3357204
-0.208438
-0.34363616
0.112252474
-0.1623768
-0.23661056
-0.2530155
-0.13165027
-0.28135648
-0.112836085
-0.3000592
-0.13988094
-0.28559774
-0.32538378
-0.26012966
0.01925844
-0.24938083
-0.06554535
-0.22593176
-0.11260924
0.43881342
0.5753564
-0.16253865
-0.09067452
-0.31437778
0.2338628
-0.23696159
-0.16652569
-0.2854259
-0.22143424
0.2630097
0.3906112
-0.15631297
-0.06986115
0.01647915
-0.10254723
0.03917566
0.1227723
0.18144155
-0.19818571
-0.022407243
-0.1878671
-0.08892877
-0.26756772
-0.18065888
-0.29118812
-0.28866652
-0.22517695
-0.23684035
0.3599419
-0.2907945
-0.027270542
-0.108282834
-0.13570814
-0.2372754
-0.2878461
0.36076626
-0.15764605
-0.31666225
-0.19776364
-0.30597064
-0.24252093
-0.12928726
-0.15644337
-0.18319543
0.23168582
-0.24465898
-0.31310835
-0.14468077
-0.34977657
0.1499874
-0.3205196
-0.32017225
-0.21744348
-0.087968275
-0.07806416
-0.3151942
0.14047855
-0.32569736
-0.22321966
-0.27849984
-0.30532146
-0.1942576
-0.22741997
-0.12921742
-0.2154719
-0.26696217
-0.21393085
0.25736484
-0.30423084
-0.28833628
-0.28896865
-0.24046314
-0.18911952
-0.17406818
-0.34245145
0.4780823
0.24893887
-0.24130763
-0.012218893
-0.40042925
-0.16789414
-0.21934235
-0.15497749
0.70164424
-0.0989479
0.119963184
-0.13763842
-0.22182196
-0.2491958
-0.3089211
-0.21649966
-0.18688512
-0.1854112
0.24520463
-0.3337254
-0.3486668
-0.2226671
-0.15107733
-0.016623562
-0.10782062
-0.22323333
-0.28823155
-0.07174267
-0.2138691
-0.1565019
-0.22539128
-0.38730055
-0.24620388
0.39259475
-0.22781256
-0.28555882
-0.22349137
-0.057428215
-0.09879668
-0.061076723
-0.25890836
0.049755216
-0.19658649
-0.3524768
-0.33631772
-0.05528523
0.044372037
-0.07181375
-0.0022448208
-0.1737343
-0.16121088
-0.09375246
-0.044520527
0.27213708
-0.23156425
-0.06552385
-0.21524033
0.20337155
-0.15050395
-0.16787249
-0.13593233
0.26913783
-0.33511734
0.08660522
-0.14860171
-0.1765783
-0.24116206
-0.00429672
-0.25945112
