15067.021
12668.803
7897.6455
6047.078
5256.4297
4741.1226
4330.5205
3977.1746
3659.5535
3398.853
3188.5974
3003.3232
2845.6255
2702.6638
2556.9395
2431.1484
2307.542
2199.9778
2091.9832
1995.6714
1901.4279
1815.8744
1737.7092
1665.9144
1600.8436
1539.9468
1486.9745
1434.7515
1386.5718
1342.5203
1298.5186
1258.9006
1220.8643
1184.4336
1150.0577
1116.1957
1082.6619
1053.4559
1020.7727
991.4566
960.29333
933.53204
904.2305
878.151
850.5369
822.19855
794.8394
769.5748
744.2199
719.23663
693.0316
669.411
644.1455
620.37195
597.20544
572.2694
549.61487
525.6247
504.33252
480.3211
457.87402
435.2085
412.46085
391.16937
368.69928
348.38824
327.39453
307.07922
287.67786
268.4425
249.58102
233.41704
215.42111
200.32877
185.37181
170.94789
156.37363
145.14697
133.0286
121.6671
110.95254
101.77081
90.86076
83.10011
75.4856
68.156906
61.781944
54.705765
48.95729
41.30992
37.932716
32.755394
27.54082
23.935364
21.443031
17.726171
14.370216
11.039869
9.356453
6.690585
2.9462185
2.5565891
2.001505
-0.98744774
-3.710925
-3.2813787
-5.718542
-6.2687073
-7.190447
-8.168835
-9.39424
-9.965713
-10.786954
-9.236879
-11.23899
-9.788
-10.817387
-9.246177
-11.10231
-9.45028
-10.164967
-9.836393
-8.670036
-8.982494
-9.186851
-7.033161
-7.9154377
-7.1621685
-7.833312
-7.4944906
-5.9460964
-5.192895
-4.7888546
-2.81386
-4.875575
-3.8022404
-3.5355654
-2.8726053
-3.586772
-2.160656
-0.8161421
0.12307739
-1.7932892
0.04411125
1.4748077
1.1988106
0.6265068
-0.17655945
1.0335522
0.2574873
1.7701225
0.78967667
2.484744
-0.09534073
-0.1663351
-0.1540842
1.4642544
-0.40915108
-0.41683388
1.0638857
1.698308
0.41451263
0.16830444
0.7445164
0.38990402
0.63549423
0.98874474
0.4373827
0.7886381
-0.643692
0.782238
-0.024477005
0.057442665
-0.6360531
-0.21529675
-0.74806976
1.1061878
0.34872818
-0.02783966
1.1059437
0.7732439
0.07160854
0.9702406
0.14228153
0.43090343
0.5079708
1.6540337
0.14274025
0.92111874
0.36585808
1.990818
0.515419
-0.17662811
1.3646812
1.0853977
0.20513344
0.92828655
1.226387
0.7991781
1.2385702
0.99089146
3.8221884
1.1959295
1.0435104
0.46912766
2.9132156
0.55233765
0.52864933
0.88694954
1.183053
0.7632303
0.104263306
2.055727
0.2418108
-0.330369
0.0493412
0.29086685
0.5253267
-0.33453083
-0.48076153
0.35938644
0.16697884
0.5562935
0.2912426
0.6569176
0.7690525
0.43228912
0.25723648
0.61918926
1.3268814
0.5535507
0.050477028
0.64786243
0.45709324
1.3779545
0.5345783
-0.030884743
1.4805155
0.5405617
0.2998352
0.8090706
1.5344048
1.3297548
0.09112167
0.6945505
1.1181726
0.74599457
0.3901806
1.6724072
0.36714077
3.1055908
0.57421875
0.57557106
0.9842148
0.40591526
1.3741932
-0.06443882
0.0274477
1.152523
0.28676987
-0.3232422
0.07910538
0.4810629
0.31158447
0.32463837
0.6504736
0.90479183
0.0074739456
1.4231825
-0.08927536
1.6480684
0.26950073
0.2622366
0.41013718
0.20963669
0.5008507
0.6938286
0.058193207
0.93260765
0.8912487
1.9116449
0.508976
0.5455923
0.2605381
0.588171
1.6357708
0.19207573
0.63236046
0.5576744
0.53692245
1.7033539
0.4500885
1.4318457
0.97565556
0.6565466
1.2922993
0.45519352
0.09508324
1.574975
0.25774765
-0.4326353
0.49171543
0.8023262
0.74967194
-0.53953934
1.7192869
-0.008687019
0.80127907
0.3010292
-0.13886547
0.54141235
0.4553089
0.32685947
0.51639175
-0.5802288
0.5613079
0.80498695
1.8534088
0.819067
0.56842613
0.37825298
0.8828392
0.71664715
1.4871349
-0.11837387
0.7305279
1.8437414
0.027335167
1.9563961
1.3550816
-0.22995281
1.061554
0.7434349
0.57141304
-0.23259354
-0.18354988
0.17728043
0.66914177
0.27942467
2.1008282
0.7468538
-0.47485638
-0.033992767
-0.5595112
0.4725809
0.6025162
-0.039024353
-0.23706436
0.49863625
-0.14759445
-0.1601944
0.6541414
1.2657347
0.09304047
0.7310066
0.17692661
0.8043575
0.38773823
0.40202236
0.68868446
0.5489254
0.22273731
0.43811417
1.0366879
1.4086542
1.1189566
1.6015434
1.5389767
-0.21746922
1.2388611
-0.33605766
0.5782528
0.7708397
0.46507835
-0.28862762
0.5852957
0.5289612
0.57272816
1.1534033
0.6563568
0.8158579
0.6663332
-0.061379433
1.3005381
1.4598322
0.53262043
0.2426691
0.83078575
0.2346878
1.3468399
0.37462997
1.3969383
0.35154057
0.5447464
0.15158844
0.2549076
0.32050705
0.43290615
0.102318764
0.8096237
0.44483948
0.39288712
0.8205242
0.17727757
1.426199
1.336504
0.77468204
-0.50907516
0.48064804
1.4266701
1.1605797
0.6152468
0.17481422
0.7579155
-0.35180855
0.26259518
1.3721161
9.1552734e-05
0.6543932
-0.12430477
0.65242386
0.83561707
1.7764559
0.060980797
0.0054540634
0.1276598
0.17491627
0.6596403
-0.39095688
0.18632698
0.75273037
0.39707947
0.24018097
0.5512886
0.9477205
0.12870312
0.42161274
1.9070148
0.1062088
0.58458614
0.30578423
0.1746645
0.7404804
0.84863186
-0.24037743
0.65647507
0.5491791
0.36475658
1.0326805
0.18555546
0.38184643
-0.026950836
0.009227753
0.13584328
0.31347847
-0.0446043
-0.14365387
-0.15202522
-0.19756413
-0.025269508
1.1750221
0.6879444
-0.3630705
0.94254684
0.7146902
-0.4279623
0.4702587
-0.34696102
0.33736897
0.36668587
1.3964052
0.831645
0.1552515
0.69413567
0.6467533
1.1501846
0.40119553
-0.00849247
0.7788534
-0.057016373
0.7925663
2.6517744
0.39213943
1.0778313
0.07376289
0.43082714
0.75001526
0.19240093
0.5727129
0.56209946
0.5359163
0.61110115
0.78211975
0.43836975
0.7180538
0.38080597
0.32654667
0.96180725
0.6658745
-0.4309311
-0.123693466
0.35149097
-0.23506927
1.9324045
3.4332275e-05
0.4175377
0.58312607
0.29876423
0.9309025
0.2843504
0.7651291
0.7340145
1.0624828
0.81217957
-0.04126644
-0.015522003
0.2985716
0.050693512
1.4356747
0.7351599
0.24341011
0.14414597
-0.16707897
0.45019627
1.1249962
0.4696045
0.032485962
0.7657623
-0.30401134
1.5658131
1.087368
0.17660236
0.08570671
1.3623734
0.25645065
-0.9366436
-0.086034775
-0.5678768
0.5119457
2.0671387
0.36430454
1.2380571
0.13426971
-0.018318176
0.9008684
0.0011730194
-0.6419687
0.14132023
-0.4192896
-0.3535347
0.47546387
-0.33963585
-0.052619934
0.78466797
0.43601608
-0.32420635
0.9874172
0.023736954
-0.08136368
0.34965515
-0.21988297
0.3038044
0.55565166
0.44347763
0.33850384
0.54515076
0.5594282
0.26536655
0.8469429
0.17428398
-0.3827734
-0.2509985
0.23307419
1.0169001
0.39988708
0.3963623
0.5105133
0.7423439
-0.13421345
0.5412741
0.80084705
0.06729984
1.5815954
0.1033411
0.25615788
1.1743994
1.0997934
1.9338045
-0.21235752
1.4038172
-0.34655952
0.2545843
0.14426422
-0.7445755
0.13981915
1.1025696
0.1699543
0.08459759
-0.7547016
-0.6191416
0.4382019
1.7971382
0.44859886
0.14812279
0.18459892
-0.006668091
-0.0071163177
0.31810856
0.41271782
0.051939964
0.72682
0.33176422
0.84003925
1.4593067
-0.206316
0.11359787
-0.1794138
1.2141418
0.41928577
-0.18210411
-0.3681574
0.40669918
-0.28774548
0.79405594
0.42430973
0.89852524
0.75765514
0.56923676
-0.42358398
-0.35427952
0.44075012
0.3627224
0.47183132
0.22916698
0.7960558
0.7069702
0.07981205
-0.036506653
1.0547676
0.6879349
-0.0030326843
0.20375443
-0.23711967
0.38716984
0.17193508
2.0636625
-0.2964878
-0.024705887
0.07153988
1.0688658
2.2317724
-0.43553066
0.29102993
1.0267887
0.485178
0.6148262
0.81787205
0.85881805
-0.27527046
-0.2603531
0.18940735
1.2244015
0.1415596
0.13398552
0.7804518
-0.12516212
0.0057058334
-0.5726776
0.067240715
0.29378033
0.49384117
1.1160316
-0.029949188
-0.47660065
0.3550558
0.3664503
-0.24945831
0.27466297
-0.25369072
0.36224842
-0.50855064
0.08548546
1.7435169
-0.23861122
-0.042925835
-0.23434353
0.07135105
-0.37139797
0.31610012
0.720315
-0.1856699
0.060920715
0.76325226
1.2206736
-0.36923885
-0.45165634
0.0061855316
0.124320984
0.2980051
0.32450485
0.19657135
0.4964857
0.9524059
0.11678219
-0.50577545
0.41598988
1.8808308
0.12975693
0.33054543
-0.082761765
0.5979452
1.2929878
0.607214
-0.38493252
0.2468853
0.5723038
0.36905003
0.9910717
0.5552521
-0.42390442
0.06726265
0.28460026
0.07801533
-0.16333008
-0.579587
0.0054187775
-0.018249512
0.3601675
0.007828712
0.10811901
1.417634
0.111447334
0.59983635
-0.38970757
0.37259293
-0.51389694
-0.055051804
0.6616821
0.006579399
-0.37639904
-0.36426163
-0.21728325
0.01017952
0.024461746
0.61582184
0.43238735
0.07665634
0.5062275
0.67062473
0.11641312
0.141325
1.016429
0.70799255
0.8522587
-0.2665367
0.6427431
-0.039110184
0.32807827
0.10790634
-0.24542618
0.2817917
0.488739
0.00946331
-0.38102913
0.7410326
0.55667305
0.66127205
0.08662796
-0.059319496
1.2688656
1.2688236
0.48816872
1.0696764
0.10869026
-0.10815048
0.40049553
-0.010314941
0.40779972
0.51194286
-0.28840065
0.009633064
0.40154457
1.1006908
0.809248
0.46266556
0.62730026
0.29231644
-1.2832012
-0.6740303
0.03371334
-0.35848045
0.3571291
-0.55833054
0.26398563
-0.266387
0.23743725
0.46773148
0.47792816
0.17875099
0.5838165
-0.16074848
-0.06008053
0.06796837
0.15616894
-0.035429
0.43226433
2.318596
0.43714428
-0.10583305
0.17882156
0.6434593
1.4299994
0.39551163
0.120700836
-0.6017065
0.1821146
-0.7993326
0.27157402
-0.4337778
-0.09367943
-0.19928837
0.061294556
0.030750275
0.5708389
0.013832092
-0.29998016
-0.6716728
0.057008743
0.2355833
0.9749832
-0.35212898
0.758934
-0.0368824
0.07541084
0.6670046
0.18410492
0.123776436
1.2014074
-0.7467737
0.033920288
0.14578629
0.89687824
0.2944126
0.22422028
0.5160656
0.22631454
0.15410423
0.3737278
1.1988373
-0.51623344
0.51251125
-0.33220196
0.27977753
0.17744541
-0.18367004
-0.6496477
0.09911728
0.73189926
-0.40856552
0.5296593
0.81439304
0.23901558
0.17623043
-0.013513565
0.3200264
0.5096512
0.10114288
0.3527565
-0.16604233
0.35470772
0.10054302
0.20054913
0.8456507
-0.6310406
0.05882263
0.05729103
0.13076305
0.06829643
0.28327847
-0.43915367
0.21637249
-0.5313978
0.31327438
-0.57789326
-0.46834564
0.30840015
-0.3830948
0.8037081
1.3652802
-0.52145195
1.2903156
0.6338825
0.37962818
-0.26585388
0.6877117
0.5248318
0.98676586
0.25200176
0.32466793
-0.038230896
-0.14994049
0.016022682
-0.11265278
0.14145279
-0.30893326
0.6093502
0.18705177
1.0827217
-0.04050064
0.35039234
0.012060165
0.1464386
0.6017952
0.23529816
0.286829
-0.24823856
-0.17069244
-0.5512028
0.61180115
0.5854559
0.13535404
-0.5872288
0.23361969
0.28102398
0.51594925
0.55208206
0.2549591
0.18160057
0.064525604
0.3043003
-0.011732101
-0.116241455
0.30174732
0.26707554
0.36993504
-0.15925407
0.17826462
1.0125828
-0.34203625
-0.5028248
-0.45078087
-0.3642435
-0.2929001
-0.03393936
-0.733675
0.3957262
-0.3438034
-0.9374418
0.44213104
-0.3051548
0.33478642
0.6491642
1.7931948
0.43110085
1.7677994
0.6660967
-0.19491482
-0.16541004
-0.07835293
0.0059251785
-0.83392143
-0.119665146
0.11636925
-0.28070068
-0.28873158
-0.7422676
0.108742714
0.7703905
0.50531673
0.13459587
0.6219845
-0.6065521
-0.22799969
0.0717144
-0.101745605
1.6425667
0.5511732
0.3250656
0.10732269
-0.035014153
0.20571327
-0.05337715
0.31110764
-0.047964096
0.74518776
-0.32813454
-0.04731369
0.9814863
-0.087337494
-0.3487873
-0.30221367
0.8082895
0.16916943
0.396698
-0.5240307
-0.4677868
0.19002533
-0.3270769
0.32542038
0.2115469
-0.37620544
-0.18903828
0.038562775
0.625473
0.012557983
0.6322527
0.5985203
1.021225
0.4633932
0.25435925
0.6573076
0.2614212
0.16898632
-0.17949486
-0.41185856
0.6159868
-0.8318939
0.4255247
0.060824394
-0.3883829
-0.104976654
0.3089733
-0.0039711
-0.2981863
0.1903534
0.47486687
-0.12574959
0.035043716
-0.037101746
-0.3122921
-0.021253586
-0.036744118
0.91228294
0.5919428
0.8673172
0.9102726
0.4173174
1.3803873
-0.23042965
0.08384228
-0.102734566
0.12442207
0.6076069
-0.19764233
0.6258278
-0.4562397
-1.0688438
-0.59541416
-0.2554741
-0.0190382
0.06475735
1.4171801
-0.35725784
0.11201763
0.022082329
0.1755104
-0.11868286
2.2248945
-0.39937592
-0.70746803
-0.5303955
-0.5706606
-0.067417145
-1.165616
0.330575
-1.1097717
0.49408817
0.1677723
1.2226295
-0.13529587
0.4338627
0.82071877
0.83147144
-0.068427086
-0.08877182
-0.23154736
0.41729832
-0.53173447
-0.034879684
0.24353695
-0.53934
0.7305651
0.5264368
1.0911703
0.0880146
0.49070072
-1.0030661
0.09568977
0.15989971
-0.9948797
-0.50579834
-0.4218998
-0.14404869
-0.76070595
1.0314674
-0.6079235
-0.63102627
0.17498875
0.59797287
0.40122414
0.27866173
0.71502876
-0.11848831
1.3071394
0.085873604
0.77043056
-0.47118664
0.10632992
0.31645393
1.1888418
-0.46200752
0.25938606
0.37435532
0.57805634
1.4198503
0.033643723
-0.87773705
-1.6555338
-1.0237713
-1.4172726
-0.59364414
0.7217264
0.5829458
0.63126945
-1.2630119
0.28312683
0.24671078
9.727478e-05
0.15011215
0.21895123
0.49399185
-0.1508112
-0.09488678
-1.0937052
-0.28881264
0.523304
-0.14768219
0.009195328
-0.39652824
0.49294853
0.18642521
0.49754524
0.8748398
-0.07172775
-0.4104166
-0.52228737
1.243083
-0.8637142
1.288104
0.36200333
-0.22088242
0.99806213
1.4570713
0.6834421
-0.47524548
-0.019132614
-0.44036674
-0.26288414
-0.0076351166
0.8245077
-0.040587425
-0.47328186
1.1028547
0.687973
0.9577446
-0.92013454
-0.7873335
0.3570156
-0.2861309
-1.8411541
-0.07563019
-1.4858179
0.14693165
0.27082062
-0.2436943
-0.5675154
3.6493292
-0.38131618
0.64914703
-0.2567129
-0.7382107
0.06736469
0.51349545
3.1033669
0.32116032
-0.5823698
-1.2111244
-0.32188034
-1.4769297
-0.7096491
-0.9253025
-1.3942032
-1.1832151
-0.48373127
0.9528856
1.6187668
-0.009964943
2.0979004
0.6663704
0.96691895
1.411067
0.41992188
-0.9976835
-0.6793852
1.583683
-0.75572777
-1.4406872
0.27546406
-0.34925365
-1.3193283
-0.674283
0.9758835
0.07681465
0.34293365
0.31164646
0.41200542
0.08538818
-1.1953592
0.92053795
-0.2991228
1.0628328
-0.35424614
-1.4946079
-0.47221088
5.9433537
0.044911385
0.29508686
0.7035799
-1.4700565
-1.4030132
-1.1447515
-0.7470474
1.7321796
-0.0157938
-0.7649765
-0.8253441
0.36514378
-0.5947113
-0.54491425
-0.42511368
-1.1145658
-1.1771517
-1.0485525
0.9461832
0.7866745
1.3714371
-0.24634933
1.6856594
1.5254669
1.4230118
1.7792721
0.65138817
-1.2031765
0.00019454956
0.08136368
0.13599968
-0.7241001
-0.41449738
-0.8643074
-0.88433456
-1.8718853
0.85885525
-0.17370796
-0.010835648
0.972579
0.63967514
0.16183376
-0.16529465
-1.3380098
-1.2864771
0.30334854
1.632802
-0.49096012
1.4216557
-0.1528511
0.8572016
-1.214181
-0.8110485
-0.5453644
1.1811314
0.38285065
-0.8792038
-1.2865858
-0.9114561
0.581995
2.5521421
-1.5078192
-1.794136
-0.6007061
-0.69965935
1.7534027
0.119997025
-0.045269966
1.3243055
-1.1891499
0.76713085
0.5167475
-0.5883894
1.4788055
1.6440945
0.13738728
-0.7370558
-0.51018715
0.0063877106
-0.3905897
-1.4147253
-0.49051857
1.0644827
0.68720245
-1.3669176
0.13734436
0.07772732
2.5315437
0.82902527
-0.9858608
0.48832226
0.29939556
1.0910006
-0.8309727
-1.5080395
-1.4823256
-1.410142
-1.0895672
-1.5314188
0.9705906
0.80083656
-0.15688324
0.21765995
2.8650484
-2.0023127
0.42337132
-0.51624966
2.382453
-0.8886547
-0.6924095
0.5948801
0.59938526
-0.89659595
-1.2650309
-0.22381592
0.075525284
0.08117676
0.6564779
1.0671167
1.5603542
-1.0403442
-0.41160107
0.27343655
-0.92451096
-1.1242552
-1.313468
-0.3902874
1.0900831
1.4342422
0.33242226
1.4511919
2.5480347
-0.5087433
-1.8898888
1.3055725
3.9764214
-2.521062
-1.9463625
-2.1924324
-0.9136152
-2.3392982
0.80429554
-0.4187832
-1.0511322
3.3509989
1.7199173
-1.6746902
-2.7657166
0.43138504
-0.9128227
2.8662415
1.3342018
-0.9602041
3.3602152
-0.16189384
-1.4135923
-1.6297436
-1.8924046
-2.3577461
1.4209452
1.8363018
-2.2239504
-0.19078064
-0.104696274
-1.1049118
-2.1254797
2.0246658
-0.037748337
-0.051200867
-0.57794285
-0.6434307
-0.091828346
-0.08451748
2.752963
0.37170982
3.0459843
2.420845
-0.7205248
3.5237818
-3.5675678
-1.8985157
-0.35484314
-3.0174952
-0.7466831
-2.7008162
-4.515006
-0.9392519
2.5473156
3.2938118
3.5417624
-0.20564938
2.3675213
1.7113285
1.5599041
-0.031995773
2.4050999
0.5081625
-0.055488586
-3.5259008
-1.8047371
-1.2974339
-4.8476677
-3.4218702
-1.2411652
1.9862852
1.7935247
0.2611456
1.3940048
-0.764143
1.2717209
2.9690132
3.7174025
-0.06742954
2.1241856
-3.103137
2.5816736
-1.562809
-2.6058798
-2.8227978
0.04587555
-1.4081221
-1.7046843
-2.2340755
-2.7731857
-0.31138134
3.5581484
-0.2838812
-0.85275173
3.6638746
1.8964157
1.0539408
4.292061
-0.80107594
2.034027
1.3302422
-0.65787506
-1.2384663
-5.526655
-4.1807156
-2.0363922
-1.9576168
-1.6947517
-2.489397
2.0647259
-1.2382183
-0.14099026
-1.8072824
-2.127634
0.21083641
2.6365013
0.18821812
4.697834
2.273138
5.963496
-0.70661926
-0.3413849
-4.3583546
-0.40454865
2.3678093
-0.6399803
2.648715
-2.6084414
-3.4969177
-0.5474472
-4.0044575
2.1737032
0.13958263
2.8463707
-4.0009108
-1.8673677
-1.3922586
-2.1908169
3.7897215
3.6241703
-2.5813828
3.7261162
-0.31857872
-5.0604467
-5.7186165
-0.6349907
1.7562218
-0.16864109
-0.5165882
0.3437748
-5.0921173
0.99677086
3.0388012
6.363985
5.661661
3.2317429
1.3093138
-1.7679043
3.6395597
0.08923912
-5.369792
-7.656189
-6.8918457
-1.9025259
-7.4804344
-1.6723719
-3.9495249
1.6056881
0.3228264
6.060376
1.9238625
3.8033934
1.8521976
1.9536705
-2.394248
2.7545338
-0.09732628
1.2443018
0.49898338
2.4955864
-1.7245827
-6.377535
-0.9936714
-5.577652
-4.359951
-4.522274
1.6359043
1.2062721
-3.4617023
2.3028488
1.2462578
-1.5971546
6.5678587
-1.32687
7.162653
5.6467648
-1.2157936
-8.34436
-6.4536057
-2.029251
-4.9066715
-5.431614
-2.8370094
1.8716927
-0.0866375
4.267333
9.374997
-1.2771063
9.90813
-0.89527607
5.231962
-2.5054798
-8.821054
-10.26206
-0.2026596
-6.151663
1.4242105
-3.465578
-4.8871765
-0.862236
8.030069
3.2719164
7.252144
-1.8430166
-2.3146267
-6.1666756
-4.6680984
-0.7872133
-6.1226244
-6.0981483
1.4332914
3.57646
3.1255817
0.42096996
2.7454233
0.06227112
-2.439124
-3.4004717
1.1491079
2.0664787
-3.4942455
2.1681404
-7.3444977
5.855797
-2.91611
4.323328
3.9753742
-1.8860884
3.617011
-11.36211
-13.525482
-4.7546253
2.857479
0.32503796
-2.172203
6.6516075
-5.7736645
2.179597
13.340176
-3.3901787
-0.16429615
-13.833694
-7.9092712
-5.7523613
1.5375347
0.9231672
-1.9487247
3.6156263
5.8339844
0.083883286
-3.073145
-3.6579323
4.3379364
5.2649193
1.1040707
-9.005661
-10.093142
-8.323063
-15.847485
-4.9492188
0.85828114
9.025074
13.809948
-4.061487
-3.0911713
-0.35978222
18.2518
0.8945656
-6.1545944
-9.692762
-14.448696
-1.4517908
-3.975316
-7.987075
-3.7867527
-6.460017
-5.6897554
2.1900024
22.103266
6.7171526
-2.7444305
-11.104887
-1.6238232
-4.7813206
-12.707565
-2.9392176
-3.927742
5.2385864
-6.894867
3.4868526
-1.537528
7.7872105
-6.2251663
12.219523
7.5469275
-3.3777695
1.1293755
-25.118128
-15.917774
-1.7710629
-15.011354
1.3965263
-7.13373
2.0893993
3.7742634
13.660224
10.8944435
-6.6179504
5.8222246
-8.567624
-0.4729576
-17.366442
-7.421937
-4.873579
-8.11911
-10.321684
-0.18316936
18.606915
-3.1974697
-9.441483
-5.197835
-1.4869862
-6.3036833
13.856007
3.2274456
14.85508
-10.199144
1.6538
-10.606182
-13.858116
-17.65019
-9.32763
-19.311043
0.3679161
2.2197294
17.378729
20.925682
-3.9496727
1.9125204
-14.322632
-18.554577
-22.731552
-12.643164
3.9450598
-11.832103
8.054507
3.6289597
-12.2411175
21.17591
16.45277
-15.238976
-4.6240225
-28.157066
-4.1879272
9.94756
-9.684923
-3.38756
-5.547085
-15.032972
5.8236637
-2.8059244
4.277319
12.656843
2.37422
-16.700249
1.5266151
-5.340276
-5.453495
-0.4263296
-22.14865
-27.645782
-15.562889
-18.20322
-10.676495
0.40394592
-3.8229094
37.478424
14.588115
28.768951
9.26644
-9.79904
-22.263687
-21.623554
-21.06118
-29.735435
-24.131948
-4.726796
-2.974389
10.925692
39.029884
6.368885
-9.039855
-10.199187
-7.112138
-22.574709
-30.031609
0.21518326
17.136621
8.866307
16.3598
-12.178833
-20.286888
8.885239
-18.064484
-1.9415226
-13.612768
-11.969162
8.636779
-15.541639
-6.9147205
-21.46274
0.88337326
34.817024
46.389854
6.993967
-11.985292
-47.80484
-34.13198
-19.674051
-16.224798
-7.9090815
11.49304
0.09041023
21.825642
16.504934
-1.7999077
-23.820095
-4.3206644
-18.927675
-23.68218
-13.591997
-24.548857
-14.837799
-3.053214
11.081486
12.898703
6.9303393
1.5309091
18.309696
-11.441761
-17.798134
-10.762745
-2.3587132
-11.358379
-22.2263
-20.909513
-17.222557
27.143227
-6.046974
-14.423723
15.260404
26.885094
-13.557632
5.3427753
-28.547209
-27.941916
-24.257318
-18.290218
-22.991415
24.233707
-1.4780884
13.656225
21.464535
-17.375914
-13.385807
-13.178503
-26.938328
-17.712917
14.784008
-38.554314
-11.99192
-8.260721
43.577255
-7.295903
-7.108259
6.350443
-16.310333
-25.310198
-33.13537
-22.20844
-3.9928637
-19.216381
-17.201035
8.677803
42.703613
-18.731518
-28.522097
-5.7087107
-11.412811
5.4960575
-2.4169512
-27.1608
1.7092762
-16.125166
-3.5841103
-33.66776
-18.271942
-1.6850777
9.396859
12.713032
-11.672121
-5.7285614
-2.627472
-4.557831
-33.557297
-33.193832
-17.792149
-7.713871
-21.297821
24.874027
29.470783
-18.246845
-24.408833
-9.270924
-40.13987
-53.672665
-9.398636
-3.222766
-5.2132626
-17.952456
-2.7039433
24.412655
26.709545
-18.572132
-10.104014
-41.63537
-17.491377
-27.859928
-22.556322
-31.234978
18.281364
4.5338173
46.566586
-14.887402
-21.806871
-34.37256
-2.71834
-39.63439
-33.689526
-3.901247
-30.687096
-28.195137
-1.3376884
-7.3755302
58.1564
46.108124
-15.331207
-58.477844
-30.159664
-45.199623
-10.479614
2.9296074
40.397552
20.574715
-1.6008072
-31.75761
-39.13986
-42.50359
-25.716942
-10.851114
-3.2985992
6.0583096
24.103224
28.255278
5.010006
-14.156654
-20.86605
-28.757713
-25.309366
-41.175983
-8.014591
7.3507776
-8.29792
-2.20617
13.175864
21.183022
7.1073327
8.829187
-13.086515
-23.97303
-37.591217
-18.944115
-49.515396
-21.01602
-7.826582
3.7031765
3.9913483
27.46628
24.536198
1.9657097
-39.356853
-19.458261
-18.641102
-22.466824
-19.180946
-35.84826
-30.309525
5.073557
-22.180958
-8.034637
9.323393
-10.017349
12.937
-2.296173
-30.597103
-8.2890835
-25.5547
-45.452072
-39.213615
4.1595535
-18.647423
8.373875
-13.023432
28.00598
4.0822334
-22.493433
-41.331593
-42.089447
-34.79786
-53.75698
-23.718044
28.982681
29.79421
5.9193954
-33.106075
-25.9642
23.208279
7.2601757
17.293858
-5.376706
4.7132063
-19.64893
-23.694996
-36.57013
-18.539633
-15.348202
-15.428701
7.314928
-33.49877
-4.22711
6.457649
0.5861397
-11.378563
35.303986
-24.474804
-30.368507
-27.846102
-22.67884
-18.747383
-44.08057
-17.631002
-4.463131
-27.907833
-2.8200111
-33.752205
53.609264
-13.112427
-34.794807
-13.688547
-40.380257
-16.511108
2.0032873
-38.31628
-30.520367
23.647457
2.3196335
-14.0006485
-23.588003
-37.825962
-14.925203
-12.409706
-10.275665
-4.492817
28.16529
-43.805904
11.534864
-10.625774
-27.17057
-50.837337
-39.612595
-47.198246
-32.5009
16.370325
42.946606
15.381568
-26.107063
-26.45162
-44.336838
-59.428047
-47.08973
-14.440469
-13.912606
4.819953
39.491924
19.425154
-1.4239349
-40.065754
-58.39257
-9.450806
-13.514021
-36.93341
-30.528694
-4.7148438
-29.761402
30.49532
30.634548
-2.0194244
-1.9405308
-27.641602
-38.65095
-28.237217
-33.180027
-28.49092
-14.086836
-9.129167
-20.875626
-2.7929688
2.0809479
-0.44418812
-22.7598
-48.894135
-5.2033243
1.7468767
18.950512
-16.678669
-40.756943
13.020459
-41.599255
-50.96791
-11.43508
9.5932255
-44.964226
-32.782135
17.533638
-6.800316
-5.4343433
-45.542145
9.223991
-60.081596
-41.47509
-26.611149
-62.704964
-37.004837
-22.17886
-2.6145859
61.814445
20.652386
13.895603
0.6225815
-36.63713
-42.04588
-32.011574
-23.09225
-5.7018023
16.603619
24.900892
12.877756
-1.44561
-15.919582
-27.390738
-20.264393
-8.9131775
-1.4595919
2.4360447
3.0750465
-7.241976
-7.390009
27.745949
0.9364147
-13.079477
-32.801785
-13.822838
-1.668561
5.4504957
-1.5604353
23.561275
-24.842564
-16.397371
15.05332
-6.508787
-8.362064
-16.999123
-26.120499
-28.206673
-2.6679153
5.768753
-26.726334
-25.172607
10.253464
1.0151043
-12.450808
11.9451065
-32.387154
-35.31297
-19.06422
-6.342041
-28.144005
-35.094086
-42.240696
6.2318554
-32.133186
27.759394
-16.87036
-21.715162
-32.49351
-15.450386
-13.684586
-23.126678
-20.93097
-23.154057
-19.484207
-43.40165
13.875601
-5.28331
10.902799
-18.875431
-71.85893
-40.13663
-70.75203
-20.252316
28.032274
10.707742
-34.597908
-19.758116
-38.48991
-20.859646
-55.314762
-19.955532
-15.85429
-40.190804
14.946303
-30.603386
-5.991107
-28.788475
2.625352
48.660133
-13.238402
-26.826885
-48.78731
-8.486477
-45.048203
-6.257946
19.191124
-1.7460299
-33.09049
-46.641003
-29.074055
-2.6707172
-0.13642502
-35.980587
-29.631931
7.725252
6.776924
-49.26201
-13.203686
-33.69892
-32.42031
-14.402821
-17.347027
-6.107826
-36.069473
-2.2956944
-21.10558
-9.336142
14.290179
-32.590683
-53.656242
-53.81414
-2.3013248
-51.563953
20.174843
0.93439865
-45.88969
-29.21188
-8.601118
-21.948927
-17.195969
-3.9594116
-26.502314
-10.173353
-35.250214
-17.183517
-29.029236
-5.3196526
13.705936
-13.760441
-28.9566
-31.574863
-16.287746
-44.75909
-65.33156
-31.203455
16.538486
-1.6107063
45.08776
-53.199757
-30.710085
-52.45578
-43.52043
-48.386986
-26.415136
-4.095768
43.434185
43.612606
-13.833965
-36.401566
-37.97509
-54.0867
-56.407784
-35.604828
-0.55469894
43.168327
12.698399
-25.722633
-44.85976
-10.210541
-12.684528
-40.70076
-19.014992
-19.047375
-28.11361
12.213519
6.9490767
-11.869099
1.3697653
-9.750618
-24.472181
-5.231472
-9.973429
-23.76646
-33.73615
-27.943378
-28.51164
-22.862577
-6.867275
-12.017309
-31.065092
-32.23051
3.6735907
-27.026012
-34.09372
-31.692274
-3.1900444
31.184132
-40.13625
-30.515839
-66.901505
-55.72553
-5.581644
-42.3179
-47.93859
-12.559616
19.996544
-27.610836
-51.785862
-40.72239
-40.373642
10.559455
11.239396
-4.240755
-12.74445
15.15923
-43.576424
-76.9276
-48.933052
-57.744263
-36.79487
-45.495613
-35.804047
29.74279
7.1219864
14.827684
-14.645048
13.067666
-4.116619
-18.897291
-26.919304
-62.383392
-34.756977
-22.00079
35.367214
18.34304
9.213518
-40.31749
-27.152767
-63.39131
-12.660042
-42.45006
-36.1099
-25.278198
-22.194359
20.190449
28.016245
3.2414246
-16.271759
-26.30117
-35.23261
-40.626022
-44.523262
-16.17297
-22.167969
-0.44017887
-12.531792
-50.28444
-9.957139
-15.469884
3.1558228
32.508606
-14.999605
-5.7482414
-27.126572
-57.127926
-57.9148
-49.103767
-36.08884
0.6715927
-31.457268
8.072208
-2.69841
4.7513275
-36.393665
10.165653
-44.329914
-52.06274
-71.22599
-50.697186
-1.3501511
-25.326706
22.560497
0.09399414
12.073949
-7.8937473
-54.17739
-38.469673
-56.47481
-39.332954
-42.01461
-15.626867
-17.269955
12.209301
22.186409
-25.12239
-24.544361
-33.76418
11.255496
-34.867783
-26.99566
-28.301968
-37.635864
-34.366875
12.091072
-26.00338
-45.786484
-17.751324
-0.020469666
-20.941738
-51.776226
-52.706535
-61.46967
12.773489
26.335636
51.680817
-53.445194
-28.079796
-69.68477
-82.945404
-58.187645
-24.798214
22.084566
56.216324
4.489826
0.7805748
3.9863262
-38.927696
-27.223492
-67.9268
-14.123394
1.4982452
-3.8149185
-26.487225
-0.09911728
5.773182
-10.690907
-12.159004
-52.606728
-49.864517
-57.208557
-7.0660095
1.1322517
-27.457222
-31.537048
4.9271355
12.203426
5.037281
-50.738274
-41.151173
-76.04258
-48.918015
-1.6807556
-11.2174225
-2.9397278
-0.5362091
6.19825
-53.754635
-47.81247
-41.39818
-74.247116
-42.6008
-2.454815
40.54067
-27.404644
-4.167034
20.242424
-34.458668
-22.10902
5.094146
-60.9641
-40.438244
-58.310154
-27.377192
-14.396967
-17.363583
-27.012333
-12.661047
-3.1141148
-33.087227
-27.13156
-40.60667
-22.92875
-27.970142
-72.25297
-56.37874
-10.278868
15.093221
-45.536804
-33.015617
-22.86322
-54.43583
-14.611748
-35.715683
-17.799706
-41.53717
19.961838
-31.32859
-30.090553
-37.63685
-35.767693
-27.786736
-51.069843
-35.901497
-38.3968
-22.971245
-44.51062
-1.6352024
51.241154
-26.272755
-71.48859
-15.695858
-53.84021
-78.92565
-36.52836
-16.91704
-23.610165
-21.997366
-14.394889
-4.829874
31.542461
-4.7063875
-10.287334
-88.74395
-64.98775
-81.215294
19.418407
-17.166435
-11.292959
-24.119028
4.858815
4.926689
-22.152634
8.319642
-31.447762
-26.943954
-12.837345
-47.10348
-37.00656
-9.052849
-3.695835
-33.517937
-13.262783
-48.175083
0.3638382
-35.690327
-58.42644
-36.949844
47.576935
-38.86431
-48.93763
0.10389137
-36.457676
-34.895397
-73.53371
-56.25988
-58.186943
-35.117683
-13.231388
-16.633095
54.07632
-40.25906
-33.31871
-2.7279205
-38.425873
-43.71759
-52.562668
-67.29317
-30.01529
-35.437447
-16.182777
-18.014217
-5.6335793
-13.261642
13.560261
-29.573177
-41.079884
-25.269657
-35.071655
-35.116947
-52.250935
-54.604214
-28.74052
-12.595139
-45.548275
-37.71987
17.403275
-37.62927
-63.505405
-44.95247
-83.33927
-14.5920105
-11.435059
-47.983803
1.0495338
-10.531143
-24.2807
-48.092087
-25.65728
-58.07122
-50.719517
-45.05186
-62.24288
-24.247017
-70.54517
5.890065
32.49884
13.160944
-11.481487
-49.675453
-95.94928
-38.38073
-56.327393
-11.981296
3.1831493
9.582117
19.929432
-5.0447273
-41.179184
-40.64589
-41.44848
-25.385742
3.5371666
33.95089
-21.546265
6.9591484
-63.406128
-22.969349
10.850822
-54.163086
-4.9387665
-63.074627
-78.10223
-50.452713
3.7491379
0.013999939
26.196964
14.332457
-11.432556
-27.403927
-61.11193
-53.456505
-62.433765
-45.43911
-59.091988
-23.05368
21.330524
46.31436
34.83519
-20.371738
-34.95019
-36.190857
-40.998062
-44.32035
-43.77951
-20.521576
-33.851624
3.2773705
-18.555237
-24.736984
-11.135567
-8.027885
-13.978966
-37.85723
-60.486782
-41.818295
-21.24371
-37.868916
-40.87249
-16.103638
9.01585
-12.345833
51.09855
-61.837837
-36.27572
